2013-02-20 18:42:53,2013-02-20 18:42:53,2013-02-20 18:42:53
32.0,32.0,32.0
-56.0,30.0,13.0
-54.0,32.0,13.0
-55.0,33.0,12.0
-55.0,31.0,14.0
-53.0,30.0,13.0
-56.0,29.0,13.0
-56.0,31.0,13.0
-55.0,31.0,12.0
-57.0,31.0,14.0
-53.0,31.0,15.0
-54.0,30.0,13.0
-57.0,29.0,13.0
-57.0,32.0,13.0
-54.0,32.0,16.0
-57.0,30.0,13.0
-54.0,32.0,12.0
-54.0,34.0,14.0
-55.0,32.0,13.0
-52.0,34.0,15.0
-51.0,32.0,17.0
-55.0,32.0,14.0
-53.0,33.0,15.0
-52.0,31.0,15.0
-56.0,31.0,14.0
-55.0,32.0,16.0
-56.0,32.0,15.0
-56.0,33.0,12.0
-53.0,33.0,16.0
-53.0,34.0,14.0
-55.0,31.0,12.0
-53.0,34.0,16.0
-54.0,35.0,12.0
-56.0,31.0,15.0
-48.0,30.0,17.0
-52.0,33.0,13.0
-51.0,30.0,20.0
-54.0,32.0,13.0
-51.0,32.0,17.0
-54.0,32.0,16.0
-57.0,31.0,14.0
-50.0,31.0,18.0
-57.0,32.0,13.0
-53.0,31.0,16.0
-52.0,34.0,16.0
-56.0,34.0,11.0
-53.0,35.0,14.0
-53.0,35.0,14.0
-51.0,32.0,18.0
-53.0,33.0,17.0
-51.0,34.0,15.0
-51.0,31.0,18.0
-57.0,31.0,14.0
-55.0,34.0,16.0
-51.0,35.0,18.0
-51.0,34.0,19.0
-50.0,35.0,16.0
-51.0,35.0,15.0
-53.0,34.0,15.0
-54.0,34.0,16.0
-54.0,32.0,17.0
-54.0,33.0,15.0
-59.0,33.0,13.0
-52.0,31.0,15.0
-53.0,34.0,16.0
-55.0,32.0,15.0
-51.0,34.0,15.0
-53.0,32.0,16.0
-55.0,33.0,14.0
-56.0,29.0,17.0
-56.0,30.0,16.0
-52.0,33.0,18.0
-54.0,34.0,15.0
-52.0,35.0,15.0
-52.0,36.0,12.0
-53.0,35.0,16.0
-50.0,35.0,19.0
-54.0,32.0,15.0
-54.0,31.0,16.0
-53.0,33.0,16.0
-53.0,34.0,14.0
-55.0,32.0,15.0
-53.0,34.0,15.0
-53.0,32.0,17.0
-54.0,33.0,16.0
-52.0,33.0,15.0
-55.0,31.0,12.0
-52.0,32.0,17.0
-54.0,32.0,17.0
-55.0,30.0,14.0
-53.0,31.0,15.0
-57.0,30.0,12.0
-61.0,31.0,12.0
-53.0,30.0,17.0
-58.0,30.0,13.0
-52.0,29.0,16.0
-53.0,30.0,16.0
-54.0,29.0,14.0
-56.0,26.0,18.0
-55.0,30.0,16.0
-55.0,32.0,14.0
-53.0,32.0,14.0
-53.0,35.0,12.0
-56.0,33.0,12.0
-53.0,32.0,15.0
-52.0,33.0,15.0
-56.0,32.0,12.0
-55.0,30.0,14.0
-55.0,32.0,15.0
-55.0,31.0,14.0
-57.0,32.0,13.0
-55.0,32.0,14.0
-55.0,30.0,14.0
-54.0,30.0,15.0
-54.0,30.0,17.0
-58.0,31.0,13.0
-55.0,30.0,14.0
-54.0,30.0,14.0
-55.0,30.0,16.0
-53.0,29.0,13.0
-53.0,29.0,13.0
-58.0,28.0,16.0
-56.0,31.0,13.0
-54.0,28.0,16.0
-56.0,30.0,15.0
-54.0,30.0,15.0
-53.0,30.0,15.0
-56.0,29.0,15.0
-56.0,30.0,18.0
-57.0,31.0,14.0
-55.0,33.0,14.0
-52.0,33.0,15.0
-53.0,32.0,15.0
-56.0,32.0,13.0
-56.0,31.0,14.0
-53.0,31.0,17.0
-54.0,29.0,16.0
-54.0,32.0,16.0
-54.0,31.0,15.0
-54.0,31.0,15.0
-55.0,32.0,16.0
-55.0,31.0,17.0
-56.0,32.0,13.0
-56.0,31.0,16.0
-55.0,34.0,16.0
-56.0,30.0,14.0
-52.0,30.0,16.0
-55.0,32.0,14.0
-53.0,28.0,16.0
-54.0,30.0,13.0
-53.0,30.0,17.0
-54.0,30.0,15.0
-56.0,31.0,14.0
-54.0,31.0,17.0
-52.0,31.0,17.0
-52.0,28.0,18.0
-56.0,31.0,17.0
-54.0,28.0,16.0
-56.0,31.0,19.0
-53.0,32.0,16.0
-54.0,32.0,16.0
-51.0,34.0,16.0
-55.0,31.0,15.0
-55.0,31.0,17.0
-52.0,31.0,19.0
-55.0,31.0,17.0
-52.0,29.0,18.0
-53.0,30.0,17.0
-54.0,33.0,15.0
-53.0,34.0,16.0
-55.0,31.0,15.0
-55.0,32.0,17.0
-56.0,30.0,18.0
-54.0,31.0,16.0
-53.0,31.0,15.0
-54.0,31.0,16.0
-53.0,29.0,14.0
-60.0,30.0,13.0
-53.0,30.0,17.0
-58.0,32.0,16.0
-55.0,30.0,15.0
-54.0,32.0,15.0
-55.0,29.0,16.0
-55.0,30.0,16.0
-57.0,29.0,14.0
-56.0,27.0,16.0
-56.0,32.0,16.0
-56.0,29.0,15.0
-51.0,33.0,18.0
-52.0,34.0,14.0
-55.0,33.0,15.0
-55.0,33.0,15.0
-52.0,31.0,18.0
-55.0,31.0,16.0
-53.0,31.0,19.0
-55.0,29.0,17.0
-55.0,30.0,16.0
-53.0,34.0,17.0
-56.0,34.0,15.0
-49.0,31.0,19.0
-51.0,31.0,18.0
-55.0,31.0,17.0
-52.0,32.0,21.0
-57.0,31.0,13.0
-58.0,31.0,10.0
-52.0,32.0,16.0
-59.0,32.0,11.0
-56.0,31.0,15.0
-54.0,31.0,17.0
-56.0,30.0,14.0
-54.0,30.0,17.0
-54.0,30.0,14.0
-55.0,30.0,15.0
-56.0,30.0,14.0
-56.0,31.0,14.0
-54.0,32.0,16.0
-57.0,31.0,14.0
-55.0,33.0,14.0
-52.0,34.0,15.0
-54.0,32.0,15.0
-52.0,32.0,17.0
-51.0,32.0,18.0
-54.0,32.0,17.0
-51.0,33.0,18.0
-55.0,32.0,14.0
-54.0,32.0,15.0
-53.0,30.0,18.0
-56.0,33.0,15.0
-54.0,31.0,20.0
-54.0,31.0,17.0
-50.0,32.0,18.0
-53.0,33.0,18.0
-55.0,32.0,14.0
-53.0,32.0,15.0
-55.0,31.0,14.0
-55.0,31.0,14.0
-52.0,29.0,16.0
-58.0,30.0,14.0
-54.0,30.0,17.0
-53.0,29.0,16.0
-55.0,32.0,15.0
-55.0,30.0,14.0
-57.0,30.0,16.0
-52.0,32.0,17.0
-57.0,31.0,16.0
-55.0,33.0,15.0
-51.0,31.0,17.0
-54.0,32.0,17.0
-55.0,31.0,15.0
-54.0,32.0,17.0
-53.0,32.0,16.0
-53.0,31.0,18.0
-53.0,32.0,16.0
-56.0,32.0,15.0
-54.0,32.0,16.0
-54.0,30.0,16.0
-54.0,32.0,17.0
-57.0,29.0,16.0
-57.0,30.0,15.0
-52.0,28.0,19.0
-56.0,31.0,15.0
-57.0,32.0,14.0
-54.0,29.0,17.0
-52.0,30.0,13.0
-55.0,30.0,15.0
-54.0,30.0,15.0
-54.0,31.0,17.0
-57.0,27.0,16.0
-53.0,29.0,16.0
-55.0,29.0,16.0
-58.0,29.0,13.0
-55.0,29.0,15.0
-56.0,29.0,15.0
-56.0,30.0,15.0
-56.0,30.0,15.0
-54.0,31.0,15.0
-58.0,31.0,13.0
-55.0,29.0,13.0
-53.0,30.0,17.0
-56.0,31.0,15.0
-57.0,30.0,14.0
-54.0,30.0,15.0
-56.0,29.0,14.0
-56.0,30.0,15.0
-54.0,30.0,17.0
-53.0,27.0,17.0
-59.0,31.0,16.0
-58.0,29.0,16.0
-50.0,27.0,16.0
-55.0,31.0,14.0
-61.0,30.0,9.0
-56.0,29.0,13.0
-53.0,29.0,16.0
-59.0,28.0,12.0
-55.0,30.0,13.0
-53.0,30.0,14.0
-55.0,27.0,17.0
-54.0,31.0,14.0
-60.0,28.0,13.0
-60.0,26.0,14.0
-53.0,29.0,17.0
-55.0,29.0,15.0
-56.0,32.0,13.0
-55.0,34.0,12.0
-54.0,29.0,15.0
-54.0,32.0,16.0
-56.0,30.0,13.0
-55.0,29.0,13.0
-55.0,32.0,15.0
-55.0,31.0,16.0
-54.0,30.0,15.0
-56.0,32.0,14.0
-55.0,28.0,16.0
-54.0,30.0,16.0
-53.0,29.0,18.0
-56.0,30.0,15.0
-51.0,32.0,18.0
-55.0,31.0,14.0
-56.0,32.0,13.0
-56.0,29.0,16.0
-54.0,30.0,15.0
-54.0,30.0,14.0
-55.0,30.0,14.0
-55.0,31.0,14.0
-55.0,31.0,16.0
-56.0,30.0,13.0
-55.0,29.0,15.0
-56.0,29.0,15.0
-55.0,29.0,16.0
-56.0,30.0,15.0
-54.0,31.0,16.0
-55.0,30.0,15.0
-55.0,32.0,14.0
-52.0,33.0,16.0
-53.0,32.0,17.0
-53.0,32.0,15.0
-54.0,31.0,16.0
-55.0,31.0,17.0
-52.0,31.0,18.0
-56.0,33.0,15.0
-56.0,31.0,15.0
-51.0,32.0,16.0
-53.0,32.0,18.0
-58.0,30.0,15.0
-55.0,33.0,14.0
-53.0,30.0,19.0
-58.0,32.0,14.0
-51.0,31.0,16.0
-55.0,30.0,17.0
-55.0,29.0,14.0
-49.0,30.0,17.0
-56.0,33.0,15.0
-53.0,29.0,16.0
-56.0,32.0,15.0
-54.0,30.0,16.0
-54.0,28.0,17.0
-54.0,31.0,15.0
-54.0,30.0,14.0
-56.0,31.0,15.0
-56.0,31.0,14.0
-52.0,30.0,17.0
-56.0,33.0,15.0
-54.0,31.0,16.0
-54.0,30.0,16.0
-54.0,31.0,15.0
-54.0,30.0,17.0
-53.0,32.0,17.0
-55.0,32.0,15.0
-54.0,30.0,15.0
-55.0,31.0,15.0
-52.0,31.0,18.0
-52.0,29.0,18.0
-51.0,32.0,17.0
-53.0,29.0,17.0
-57.0,32.0,14.0
-55.0,32.0,13.0
-54.0,30.0,16.0
-57.0,30.0,14.0
-54.0,30.0,15.0
-62.0,30.0,11.0
-52.0,28.0,15.0
-54.0,29.0,15.0
-56.0,29.0,14.0
-53.0,27.0,19.0
-52.0,29.0,18.0
-57.0,28.0,13.0
-57.0,27.0,14.0
-59.0,31.0,11.0
-55.0,30.0,13.0
-54.0,29.0,12.0
-56.0,31.0,12.0
-57.0,30.0,13.0
-54.0,30.0,13.0
-56.0,29.0,14.0
-56.0,30.0,14.0
-57.0,28.0,12.0
-58.0,29.0,13.0
-52.0,30.0,15.0
-55.0,30.0,13.0
-54.0,31.0,15.0
-53.0,29.0,15.0
-55.0,29.0,16.0
-52.0,28.0,17.0
-58.0,30.0,11.0
-56.0,32.0,13.0
-59.0,31.0,11.0
-57.0,28.0,11.0
-57.0,30.0,13.0
-57.0,30.0,12.0
-57.0,30.0,12.0
-55.0,28.0,14.0
-56.0,29.0,14.0
-56.0,27.0,15.0
-56.0,29.0,14.0
-55.0,28.0,15.0
-57.0,31.0,13.0
-54.0,31.0,13.0
-51.0,31.0,16.0
-56.0,31.0,13.0
-56.0,31.0,13.0
-55.0,31.0,15.0
-58.0,30.0,13.0
-51.0,31.0,18.0
-54.0,32.0,16.0
-55.0,29.0,13.0
-56.0,31.0,15.0
-57.0,30.0,13.0
-52.0,28.0,17.0
-53.0,31.0,16.0
-58.0,30.0,14.0
-55.0,31.0,15.0
-56.0,31.0,12.0
-55.0,31.0,13.0
-53.0,31.0,16.0
-55.0,30.0,13.0
-57.0,29.0,13.0
-56.0,29.0,13.0
-58.0,29.0,12.0
-55.0,28.0,15.0
-56.0,29.0,15.0
-53.0,30.0,16.0
-57.0,28.0,17.0
-54.0,29.0,16.0
-56.0,29.0,15.0
-57.0,31.0,14.0
-55.0,32.0,14.0
-53.0,31.0,14.0
-53.0,31.0,15.0
-53.0,33.0,15.0
-55.0,31.0,16.0
-56.0,31.0,15.0
-55.0,30.0,16.0
-52.0,30.0,18.0
-55.0,30.0,14.0
-57.0,30.0,14.0
-52.0,32.0,16.0
-53.0,30.0,16.0
-57.0,31.0,16.0
-54.0,32.0,16.0
-56.0,29.0,16.0
-57.0,29.0,15.0
-55.0,30.0,15.0
-54.0,30.0,15.0
-56.0,29.0,14.0
-56.0,29.0,13.0
-56.0,29.0,13.0
-57.0,29.0,11.0
-54.0,29.0,15.0
-57.0,28.0,15.0
-54.0,28.0,16.0
-55.0,27.0,16.0
-56.0,28.0,13.0
-56.0,28.0,17.0
-55.0,30.0,17.0
-56.0,31.0,14.0
-55.0,31.0,12.0
-57.0,32.0,13.0
-56.0,30.0,14.0
-56.0,32.0,13.0
-54.0,30.0,15.0
-53.0,30.0,16.0
-54.0,30.0,15.0
-55.0,30.0,14.0
-55.0,29.0,15.0
-55.0,31.0,14.0
-54.0,31.0,16.0
-55.0,29.0,14.0
-57.0,31.0,15.0
-56.0,29.0,14.0
-57.0,30.0,13.0
-54.0,30.0,16.0
-54.0,29.0,14.0
-56.0,29.0,13.0
-56.0,30.0,14.0
-59.0,29.0,13.0
-56.0,27.0,13.0
-54.0,28.0,17.0
-57.0,30.0,15.0
-56.0,29.0,14.0
-55.0,31.0,14.0
-55.0,28.0,18.0
-50.0,28.0,21.0
-56.0,32.0,14.0
-56.0,34.0,13.0
-52.0,33.0,15.0
-54.0,32.0,14.0
-56.0,32.0,13.0
-51.0,31.0,15.0
-54.0,31.0,18.0
-53.0,31.0,15.0
-55.0,30.0,15.0
-55.0,33.0,14.0
-53.0,30.0,15.0
-55.0,31.0,15.0
-53.0,33.0,14.0
-56.0,32.0,16.0
-54.0,32.0,15.0
-55.0,31.0,13.0
-53.0,32.0,15.0
-56.0,31.0,13.0
-57.0,28.0,11.0
-53.0,33.0,16.0
-55.0,31.0,14.0
-55.0,30.0,13.0
-53.0,32.0,15.0
-54.0,28.0,16.0
-55.0,30.0,15.0
-57.0,30.0,15.0
-53.0,30.0,16.0
-54.0,30.0,17.0
-53.0,32.0,17.0
-52.0,31.0,16.0
-53.0,30.0,17.0
-54.0,33.0,14.0
-53.0,31.0,18.0
-56.0,32.0,15.0
-51.0,31.0,18.0
-54.0,31.0,18.0
-56.0,31.0,13.0
-53.0,31.0,16.0
-52.0,30.0,19.0
-54.0,31.0,17.0
-54.0,30.0,17.0
-53.0,31.0,19.0
-54.0,30.0,15.0
-55.0,29.0,15.0
-52.0,33.0,16.0
-55.0,32.0,14.0
-56.0,31.0,13.0
-54.0,32.0,15.0
-59.0,30.0,13.0
-56.0,30.0,13.0
-53.0,30.0,17.0
-56.0,29.0,16.0
-54.0,30.0,17.0
-54.0,29.0,15.0
-58.0,29.0,15.0
-54.0,29.0,19.0
-54.0,33.0,16.0
-53.0,32.0,18.0
-50.0,34.0,16.0
-52.0,34.0,17.0
-54.0,34.0,17.0
-56.0,32.0,14.0
-51.0,30.0,20.0
-54.0,32.0,17.0
-54.0,31.0,16.0
-54.0,33.0,16.0
-52.0,31.0,17.0
-53.0,31.0,18.0
-54.0,34.0,17.0
-51.0,31.0,18.0
-55.0,31.0,18.0
-58.0,31.0,13.0
-53.0,32.0,14.0
-52.0,33.0,18.0
-54.0,32.0,15.0
-52.0,31.0,17.0
-53.0,32.0,17.0
-56.0,31.0,14.0
-54.0,29.0,16.0
-53.0,32.0,16.0
-56.0,29.0,15.0
-57.0,31.0,14.0
-51.0,29.0,20.0
-52.0,31.0,21.0
-54.0,34.0,16.0
-51.0,32.0,17.0
-52.0,34.0,17.0
-52.0,33.0,16.0
-54.0,33.0,16.0
-53.0,32.0,17.0
-53.0,32.0,19.0
-58.0,31.0,13.0
-55.0,31.0,14.0
-52.0,30.0,18.0
-54.0,32.0,15.0
-53.0,30.0,16.0
-54.0,33.0,17.0
-54.0,32.0,16.0
-55.0,30.0,16.0
-54.0,31.0,18.0
-57.0,31.0,12.0
-56.0,32.0,12.0
-55.0,31.0,14.0
-55.0,30.0,13.0
-55.0,31.0,15.0
-56.0,31.0,14.0
-54.0,30.0,15.0
-56.0,30.0,15.0
-55.0,29.0,14.0
-54.0,28.0,17.0
-56.0,30.0,14.0
-57.0,28.0,13.0
-58.0,32.0,16.0
-52.0,30.0,16.0
-53.0,32.0,14.0
-54.0,33.0,13.0
-54.0,33.0,14.0
-56.0,31.0,13.0
-55.0,33.0,16.0
-51.0,29.0,17.0
-54.0,31.0,16.0
-54.0,30.0,14.0
-55.0,30.0,14.0
-56.0,31.0,15.0
-55.0,33.0,15.0
-53.0,29.0,15.0
-53.0,31.0,17.0
-55.0,30.0,16.0
-55.0,30.0,15.0
-55.0,32.0,13.0
-57.0,31.0,12.0
-55.0,31.0,15.0
-52.0,31.0,15.0
-61.0,30.0,12.0
-56.0,31.0,13.0
-51.0,30.0,17.0
-55.0,30.0,15.0
-55.0,29.0,14.0
-55.0,29.0,15.0
-55.0,31.0,16.0
-56.0,29.0,14.0
-54.0,30.0,18.0
-54.0,30.0,18.0
-54.0,32.0,15.0
-55.0,33.0,16.0
-54.0,33.0,14.0
-53.0,34.0,14.0
-55.0,32.0,14.0
-54.0,31.0,15.0
-54.0,31.0,18.0
-55.0,31.0,16.0
-52.0,30.0,17.0
-53.0,31.0,16.0
-54.0,32.0,16.0
-51.0,31.0,18.0
-54.0,31.0,14.0
-55.0,30.0,18.0
-58.0,31.0,13.0
-52.0,31.0,17.0
-53.0,30.0,16.0
-56.0,32.0,14.0
-55.0,30.0,13.0
-55.0,29.0,12.0
-57.0,31.0,14.0
-55.0,27.0,15.0
-54.0,29.0,16.0
-59.0,32.0,12.0
-58.0,29.0,11.0
-54.0,29.0,16.0
-54.0,31.0,16.0
-55.0,29.0,17.0
-55.0,32.0,15.0
-55.0,30.0,15.0
-54.0,31.0,15.0
-52.0,34.0,14.0
-52.0,32.0,16.0
-56.0,34.0,13.0
-56.0,33.0,14.0
-54.0,31.0,17.0
-55.0,31.0,15.0
-52.0,29.0,18.0
-54.0,31.0,17.0
-54.0,29.0,17.0
-52.0,31.0,19.0
-55.0,31.0,15.0
-53.0,30.0,19.0
-54.0,32.0,15.0
-56.0,30.0,15.0
-56.0,31.0,15.0
-53.0,31.0,16.0
-54.0,30.0,16.0
-56.0,28.0,14.0
-55.0,30.0,15.0
-55.0,29.0,15.0
-57.0,31.0,14.0
-54.0,29.0,16.0
-56.0,29.0,16.0
-56.0,29.0,14.0
-54.0,30.0,14.0
-53.0,29.0,18.0
-57.0,31.0,13.0
-55.0,32.0,15.0
-53.0,33.0,16.0
-54.0,32.0,12.0
-54.0,31.0,16.0
-57.0,31.0,14.0
-52.0,31.0,16.0
-55.0,31.0,15.0
-55.0,30.0,14.0
-56.0,30.0,14.0
-55.0,30.0,15.0
-54.0,32.0,15.0
-54.0,30.0,16.0
-53.0,31.0,16.0
-54.0,30.0,16.0
-58.0,30.0,12.0
-57.0,32.0,11.0
-55.0,28.0,15.0
-55.0,31.0,13.0
-55.0,30.0,14.0
-58.0,29.0,12.0
-56.0,31.0,11.0
-57.0,28.0,15.0
-55.0,29.0,16.0
-55.0,27.0,15.0
-55.0,28.0,16.0
-55.0,30.0,14.0
-56.0,29.0,16.0
-56.0,33.0,14.0
-54.0,32.0,14.0
-55.0,31.0,14.0
-56.0,33.0,13.0
-53.0,31.0,16.0
-55.0,30.0,16.0
-56.0,30.0,14.0
-53.0,30.0,16.0
-54.0,32.0,14.0
-57.0,31.0,16.0
-56.0,30.0,14.0
-56.0,31.0,13.0
-52.0,29.0,18.0
-55.0,30.0,17.0
-52.0,29.0,19.0
-58.0,31.0,12.0
-55.0,31.0,14.0
-53.0,29.0,16.0
-57.0,31.0,12.0
-56.0,30.0,14.0
-54.0,29.0,14.0
-54.0,31.0,14.0
-54.0,30.0,16.0
-55.0,29.0,15.0
-54.0,26.0,15.0
-55.0,28.0,17.0
-54.0,28.0,17.0
-54.0,29.0,16.0
-55.0,31.0,14.0
-55.0,32.0,14.0
-56.0,32.0,13.0
-53.0,33.0,16.0
-56.0,32.0,15.0
-55.0,30.0,14.0
-53.0,30.0,17.0
-57.0,30.0,16.0
-54.0,29.0,16.0
-55.0,30.0,14.0
-56.0,30.0,14.0
-55.0,30.0,16.0
-56.0,31.0,15.0
-50.0,31.0,19.0
-54.0,30.0,20.0
-57.0,30.0,14.0
-54.0,30.0,15.0
-56.0,32.0,15.0
-55.0,30.0,13.0
-57.0,28.0,16.0
-59.0,31.0,14.0
-54.0,28.0,16.0
-56.0,30.0,14.0
-55.0,28.0,14.0
-55.0,29.0,17.0
-58.0,28.0,15.0
-52.0,31.0,17.0
-56.0,31.0,14.0
-56.0,29.0,17.0
-57.0,29.0,15.0
-52.0,32.0,17.0
-53.0,33.0,16.0
-57.0,31.0,12.0
-53.0,30.0,16.0
-54.0,30.0,18.0
-55.0,30.0,16.0
-54.0,30.0,17.0
-54.0,29.0,16.0
-56.0,30.0,15.0
-54.0,31.0,16.0
-53.0,29.0,18.0
-54.0,29.0,17.0
-56.0,31.0,15.0
-52.0,30.0,19.0
-58.0,32.0,12.0
-55.0,32.0,14.0
-53.0,31.0,15.0
-55.0,31.0,14.0
-56.0,29.0,14.0
-57.0,30.0,13.0
-59.0,29.0,12.0
-54.0,29.0,15.0
-55.0,29.0,16.0
-55.0,28.0,15.0
-54.0,30.0,16.0
-56.0,29.0,15.0
-56.0,28.0,15.0
-56.0,30.0,16.0
-57.0,31.0,14.0
-52.0,32.0,15.0
-54.0,33.0,15.0
-54.0,33.0,14.0
-53.0,32.0,16.0
-54.0,30.0,17.0
-54.0,30.0,16.0
-54.0,30.0,17.0
-53.0,31.0,17.0
-56.0,30.0,15.0
-56.0,32.0,15.0
-54.0,31.0,17.0
-53.0,32.0,16.0
-55.0,31.0,17.0
-56.0,31.0,15.0
-52.0,31.0,15.0
-54.0,29.0,15.0
-56.0,31.0,13.0
-54.0,32.0,16.0
-55.0,28.0,14.0
-61.0,32.0,12.0
-55.0,29.0,15.0
-54.0,30.0,15.0
-54.0,30.0,15.0
-55.0,28.0,16.0
-53.0,30.0,17.0
-57.0,29.0,14.0
-55.0,29.0,17.0
-56.0,30.0,14.0
-54.0,30.0,15.0
-55.0,33.0,14.0
-55.0,32.0,13.0
-53.0,33.0,17.0
-56.0,34.0,14.0
-54.0,30.0,16.0
-51.0,31.0,18.0
-55.0,31.0,15.0
-55.0,29.0,16.0
-54.0,31.0,14.0
-56.0,31.0,14.0
-54.0,32.0,17.0
-55.0,32.0,16.0
-53.0,30.0,16.0
-55.0,31.0,18.0
-59.0,30.0,13.0
-54.0,29.0,15.0
-55.0,30.0,14.0
-57.0,30.0,14.0
-55.0,28.0,13.0
-57.0,29.0,14.0
-53.0,29.0,16.0
-59.0,31.0,15.0
-56.0,29.0,14.0
-55.0,27.0,14.0
-54.0,30.0,16.0
-54.0,29.0,16.0
-54.0,31.0,16.0
-55.0,30.0,15.0
-55.0,32.0,15.0
-55.0,31.0,16.0
-55.0,31.0,16.0
-52.0,32.0,15.0
-53.0,31.0,17.0
-56.0,30.0,15.0
-52.0,30.0,17.0
-54.0,32.0,16.0
-55.0,31.0,16.0
-54.0,32.0,15.0
-53.0,30.0,17.0
-53.0,33.0,16.0
-54.0,32.0,16.0
-55.0,31.0,16.0
-55.0,32.0,15.0
-54.0,29.0,15.0
-55.0,29.0,16.0
-54.0,30.0,18.0
-55.0,29.0,16.0
-54.0,30.0,14.0
-56.0,31.0,15.0
-57.0,32.0,14.0
-53.0,31.0,15.0
-55.0,29.0,17.0
-53.0,30.0,17.0
-54.0,30.0,17.0
-56.0,28.0,17.0
-54.0,31.0,17.0
-55.0,31.0,16.0
-54.0,31.0,16.0
-54.0,33.0,16.0
-54.0,32.0,14.0
-53.0,32.0,17.0
-53.0,33.0,17.0
-55.0,29.0,16.0
-54.0,32.0,18.0
-56.0,31.0,16.0
-55.0,30.0,15.0
-54.0,31.0,16.0
-54.0,32.0,17.0
-52.0,33.0,20.0
-56.0,33.0,15.0
-56.0,31.0,14.0
-54.0,30.0,16.0
-55.0,29.0,15.0
-55.0,29.0,17.0
-52.0,29.0,18.0
-56.0,30.0,16.0
-56.0,31.0,14.0
-52.0,31.0,15.0
-57.0,31.0,14.0
-54.0,31.0,14.0
-54.0,29.0,17.0
-54.0,30.0,17.0
-56.0,28.0,15.0
-56.0,31.0,16.0
-54.0,30.0,15.0
-54.0,29.0,16.0
-53.0,31.0,18.0
-55.0,31.0,15.0
-54.0,33.0,16.0
-54.0,31.0,15.0
-55.0,33.0,15.0
-54.0,31.0,16.0
-54.0,30.0,16.0
-53.0,30.0,18.0
-53.0,30.0,17.0
-55.0,32.0,15.0
-55.0,31.0,16.0
-54.0,32.0,16.0
-52.0,31.0,17.0
-54.0,31.0,15.0
-55.0,31.0,15.0
-53.0,31.0,17.0
-58.0,32.0,14.0
-54.0,30.0,16.0
-51.0,30.0,19.0
-56.0,30.0,14.0
-56.0,28.0,16.0
-55.0,31.0,15.0
-56.0,30.0,15.0
-55.0,31.0,15.0
-53.0,30.0,16.0
-55.0,28.0,16.0
-53.0,30.0,17.0
-56.0,30.0,16.0
-55.0,30.0,14.0
-55.0,31.0,16.0
-55.0,32.0,17.0
-55.0,32.0,14.0
-53.0,32.0,16.0
-58.0,33.0,13.0
-52.0,31.0,17.0
-53.0,32.0,17.0
-55.0,30.0,16.0
-54.0,30.0,17.0
-52.0,31.0,18.0
-55.0,31.0,15.0
-53.0,32.0,16.0
-53.0,32.0,18.0
-57.0,32.0,15.0
-54.0,32.0,18.0
-55.0,31.0,16.0
-53.0,31.0,15.0
-56.0,32.0,16.0
-56.0,31.0,14.0
-53.0,29.0,17.0
-52.0,29.0,17.0
-53.0,29.0,14.0
-55.0,29.0,16.0
-55.0,31.0,14.0
-55.0,30.0,15.0
-54.0,31.0,17.0
-53.0,30.0,16.0
-55.0,30.0,17.0
-53.0,29.0,18.0
-56.0,29.0,16.0
-55.0,32.0,17.0
-54.0,31.0,15.0
-53.0,34.0,16.0
-54.0,34.0,16.0
-55.0,33.0,14.0
-53.0,31.0,16.0
-54.0,30.0,18.0
-55.0,31.0,17.0
-54.0,31.0,16.0
-52.0,31.0,16.0
-54.0,31.0,16.0
-55.0,32.0,17.0
-55.0,32.0,16.0
-53.0,32.0,16.0
-55.0,31.0,16.0
-55.0,32.0,16.0
-53.0,29.0,17.0
-54.0,30.0,15.0
-57.0,30.0,14.0
-56.0,30.0,15.0
-55.0,28.0,16.0
-56.0,29.0,14.0
-53.0,29.0,18.0
-55.0,30.0,15.0
-56.0,30.0,15.0
-53.0,30.0,18.0
-55.0,28.0,16.0
-54.0,30.0,16.0
-59.0,31.0,15.0
-57.0,32.0,16.0
-52.0,27.0,17.0
-53.0,31.0,19.0
-54.0,34.0,17.0
-57.0,28.0,15.0
-51.0,34.0,18.0
-54.0,31.0,17.0
-52.0,33.0,19.0
-52.0,32.0,18.0
-51.0,30.0,18.0
-53.0,33.0,17.0
-53.0,32.0,18.0
-51.0,31.0,19.0
-56.0,32.0,17.0
-56.0,31.0,17.0
-56.0,31.0,16.0
-53.0,31.0,17.0
-53.0,30.0,16.0
-55.0,29.0,17.0
-55.0,31.0,16.0
-53.0,29.0,17.0
-56.0,28.0,15.0
-56.0,31.0,15.0
-55.0,30.0,17.0
-55.0,31.0,16.0
-54.0,30.0,16.0
-54.0,29.0,17.0
-55.0,30.0,16.0
-55.0,30.0,15.0
-57.0,31.0,16.0
-54.0,31.0,17.0
-54.0,31.0,17.0
-52.0,31.0,18.0
-50.0,30.0,19.0
-56.0,34.0,14.0
-54.0,31.0,17.0
-53.0,32.0,17.0
-53.0,31.0,17.0
-52.0,32.0,18.0
-53.0,30.0,16.0
-54.0,34.0,16.0
-55.0,31.0,18.0
-55.0,32.0,16.0
-50.0,31.0,20.0
-52.0,29.0,19.0
-52.0,30.0,21.0
-55.0,31.0,18.0
-58.0,31.0,15.0
-54.0,31.0,16.0
-55.0,30.0,15.0
-55.0,31.0,14.0
-55.0,29.0,16.0
-54.0,30.0,15.0
-58.0,30.0,16.0
-53.0,30.0,19.0
-53.0,29.0,16.0
-54.0,29.0,17.0
-57.0,30.0,15.0
-56.0,29.0,16.0
-54.0,31.0,18.0
-55.0,31.0,15.0
-54.0,33.0,18.0
-55.0,33.0,16.0
-53.0,33.0,17.0
-53.0,35.0,17.0
-55.0,31.0,14.0
-54.0,30.0,17.0
-53.0,31.0,19.0
-53.0,30.0,19.0
-53.0,32.0,17.0
-53.0,31.0,16.0
-53.0,32.0,18.0
-53.0,31.0,19.0
-54.0,31.0,20.0
-51.0,32.0,20.0
-54.0,30.0,18.0
-55.0,32.0,16.0
-54.0,33.0,17.0
-55.0,31.0,16.0
-52.0,29.0,18.0
-54.0,30.0,18.0
-56.0,29.0,15.0
-54.0,30.0,16.0
-53.0,30.0,16.0
-55.0,31.0,16.0
-53.0,31.0,17.0
-55.0,30.0,17.0
-56.0,31.0,16.0
-55.0,30.0,17.0
-56.0,30.0,17.0
-54.0,30.0,18.0
-55.0,32.0,16.0
-57.0,33.0,13.0
-54.0,32.0,16.0
-52.0,33.0,16.0
-51.0,32.0,18.0
-54.0,33.0,18.0
-56.0,33.0,16.0
-52.0,30.0,18.0
-55.0,32.0,18.0
-55.0,30.0,16.0
-48.0,35.0,21.0
-49.0,31.0,21.0
-54.0,33.0,19.0
-52.0,33.0,19.0
-57.0,29.0,16.0
-54.0,31.0,17.0
-53.0,31.0,20.0
-51.0,30.0,21.0
-51.0,30.0,16.0
-59.0,31.0,17.0
-48.0,31.0,18.0
-52.0,32.0,18.0
-59.0,31.0,15.0
-54.0,32.0,16.0
-52.0,29.0,20.0
-53.0,30.0,18.0
-56.0,30.0,17.0
-54.0,29.0,20.0
-53.0,32.0,16.0
-55.0,30.0,17.0
-53.0,33.0,17.0
-53.0,33.0,18.0
-54.0,33.0,16.0
-54.0,34.0,17.0
-53.0,31.0,17.0
-54.0,31.0,18.0
-54.0,31.0,18.0
-53.0,30.0,19.0
-51.0,32.0,19.0
-55.0,31.0,16.0
-54.0,33.0,18.0
-51.0,32.0,19.0
-53.0,31.0,18.0
-54.0,31.0,19.0
-54.0,31.0,18.0
-52.0,30.0,18.0
-54.0,30.0,17.0
-54.0,31.0,18.0
-55.0,30.0,18.0
-54.0,29.0,16.0
-56.0,30.0,16.0
-54.0,30.0,16.0
-52.0,31.0,18.0
-53.0,29.0,18.0
-56.0,29.0,17.0
-54.0,31.0,19.0
-51.0,31.0,19.0
-55.0,30.0,16.0
-56.0,32.0,16.0
-55.0,33.0,17.0
-53.0,32.0,16.0
-53.0,33.0,17.0
-52.0,33.0,18.0
-55.0,32.0,16.0
-54.0,31.0,16.0
-51.0,31.0,18.0
-53.0,31.0,19.0
-54.0,31.0,17.0
-54.0,31.0,16.0
-52.0,31.0,19.0
-53.0,31.0,19.0
-54.0,31.0,18.0
-54.0,31.0,19.0
-54.0,32.0,16.0
-57.0,31.0,15.0
-52.0,32.0,18.0
-55.0,31.0,17.0
-57.0,30.0,15.0
-52.0,30.0,16.0
-55.0,29.0,17.0
-57.0,31.0,16.0
-55.0,33.0,16.0
-56.0,30.0,16.0
-53.0,30.0,16.0
-53.0,31.0,18.0
-57.0,30.0,16.0
-55.0,30.0,16.0
-52.0,29.0,18.0
-55.0,32.0,16.0
-53.0,31.0,17.0
-55.0,32.0,16.0
-52.0,31.0,17.0
-55.0,33.0,16.0
-56.0,33.0,15.0
-51.0,33.0,17.0
-52.0,31.0,18.0
-55.0,32.0,17.0
-54.0,31.0,18.0
-53.0,32.0,19.0
-55.0,32.0,16.0
-49.0,31.0,21.0
-50.0,32.0,21.0
-53.0,31.0,18.0
-54.0,32.0,18.0
-56.0,32.0,16.0
-53.0,31.0,16.0
-54.0,31.0,16.0
-55.0,31.0,16.0
-54.0,30.0,17.0
-53.0,29.0,16.0
-56.0,29.0,17.0
-53.0,33.0,17.0
-56.0,31.0,15.0
-56.0,32.0,15.0
-52.0,32.0,17.0
-54.0,29.0,16.0
-55.0,29.0,17.0
-54.0,31.0,18.0
-55.0,29.0,18.0
-55.0,33.0,14.0
-54.0,31.0,17.0
-54.0,32.0,15.0
-55.0,33.0,15.0
-55.0,32.0,17.0
-54.0,33.0,15.0
-52.0,31.0,18.0
-53.0,31.0,18.0
-54.0,31.0,18.0
-53.0,30.0,19.0
-54.0,31.0,16.0
-53.0,31.0,17.0
-52.0,32.0,19.0
-55.0,33.0,16.0
-50.0,30.0,19.0
-52.0,32.0,18.0
-54.0,32.0,17.0
-55.0,32.0,16.0
-56.0,31.0,15.0
-52.0,30.0,19.0
-55.0,31.0,17.0
-55.0,29.0,16.0
-54.0,29.0,17.0
-57.0,31.0,15.0
-55.0,29.0,17.0
-53.0,32.0,18.0
-55.0,30.0,16.0
-54.0,30.0,18.0
-53.0,31.0,17.0
-53.0,29.0,18.0
-53.0,31.0,19.0
-55.0,30.0,13.0
-55.0,30.0,17.0
-53.0,32.0,17.0
-54.0,32.0,16.0
-54.0,32.0,17.0
-54.0,32.0,14.0
-53.0,31.0,18.0
-53.0,32.0,19.0
-54.0,29.0,17.0
-53.0,31.0,17.0
-54.0,30.0,18.0
-54.0,31.0,18.0
-54.0,32.0,17.0
-57.0,31.0,16.0
-52.0,31.0,18.0
-52.0,31.0,19.0
-54.0,32.0,19.0
-56.0,31.0,15.0
-54.0,31.0,15.0
-54.0,30.0,15.0
-55.0,30.0,15.0
-56.0,31.0,16.0
-55.0,31.0,15.0
-54.0,30.0,17.0
-55.0,31.0,17.0
-53.0,31.0,18.0
-55.0,30.0,17.0
-54.0,30.0,20.0
-54.0,31.0,19.0
-54.0,31.0,18.0
-56.0,32.0,16.0
-53.0,31.0,17.0
-52.0,32.0,18.0
-53.0,33.0,18.0
-53.0,32.0,18.0
-52.0,33.0,19.0
-55.0,33.0,16.0
-53.0,32.0,19.0
-52.0,31.0,19.0
-53.0,32.0,18.0
-53.0,31.0,19.0
-54.0,33.0,18.0
-53.0,32.0,18.0
-53.0,31.0,18.0
-54.0,31.0,18.0
-52.0,32.0,19.0
-52.0,32.0,18.0
-53.0,32.0,18.0
-55.0,32.0,16.0
-53.0,32.0,16.0
-52.0,31.0,19.0
-57.0,31.0,15.0
-52.0,31.0,17.0
-52.0,31.0,19.0
-54.0,31.0,16.0
-55.0,31.0,16.0
-54.0,31.0,18.0
-55.0,30.0,18.0
-54.0,29.0,18.0
-56.0,30.0,17.0
-55.0,32.0,16.0
-56.0,32.0,16.0
-53.0,33.0,17.0
-50.0,33.0,18.0
-51.0,32.0,18.0
-52.0,33.0,17.0
-54.0,32.0,16.0
-54.0,31.0,18.0
-52.0,32.0,18.0
-53.0,32.0,17.0
-52.0,32.0,19.0
-53.0,32.0,17.0
-54.0,31.0,18.0
-53.0,32.0,18.0
-52.0,32.0,19.0
-53.0,31.0,16.0
-53.0,32.0,16.0
-56.0,31.0,17.0
-55.0,32.0,16.0
-52.0,30.0,17.0
-53.0,30.0,19.0
-55.0,32.0,15.0
-55.0,32.0,15.0
-55.0,30.0,13.0
-59.0,30.0,14.0
-52.0,30.0,21.0
-56.0,31.0,17.0
-54.0,29.0,16.0
-53.0,30.0,18.0
-58.0,30.0,14.0
-55.0,28.0,16.0
-54.0,32.0,16.0
-54.0,30.0,15.0
-56.0,32.0,15.0
-54.0,32.0,16.0
-53.0,32.0,17.0
-54.0,32.0,17.0
-54.0,32.0,17.0
-55.0,32.0,15.0
-53.0,31.0,19.0
-52.0,33.0,19.0
-55.0,31.0,15.0
-52.0,30.0,17.0
-54.0,29.0,18.0
-51.0,31.0,21.0
-57.0,32.0,14.0
-57.0,32.0,14.0
-53.0,32.0,15.0
-56.0,30.0,17.0
-55.0,31.0,17.0
-55.0,30.0,15.0
-54.0,28.0,17.0
-55.0,30.0,14.0
-56.0,30.0,14.0
-54.0,30.0,17.0
-55.0,31.0,15.0
-55.0,28.0,20.0
-53.0,29.0,19.0
-57.0,28.0,16.0
-54.0,28.0,18.0
-55.0,32.0,17.0
-55.0,30.0,17.0
-55.0,31.0,16.0
-54.0,32.0,16.0
-53.0,30.0,18.0
-56.0,33.0,15.0
-53.0,32.0,17.0
-52.0,30.0,19.0
-54.0,32.0,18.0
-54.0,30.0,18.0
-53.0,31.0,18.0
-53.0,31.0,18.0
-54.0,32.0,18.0
-51.0,32.0,20.0
-56.0,30.0,17.0
-50.0,31.0,19.0
-54.0,32.0,17.0
-56.0,31.0,16.0
-54.0,32.0,18.0
-53.0,30.0,17.0
-54.0,30.0,17.0
-56.0,30.0,16.0
-56.0,30.0,15.0
-58.0,30.0,14.0
-53.0,29.0,17.0
-54.0,30.0,17.0
-56.0,29.0,16.0
-54.0,31.0,18.0
-56.0,31.0,17.0
-56.0,27.0,17.0
-55.0,30.0,17.0
-54.0,30.0,17.0
-56.0,30.0,17.0
-52.0,31.0,17.0
-54.0,31.0,17.0
-55.0,34.0,16.0
-53.0,32.0,16.0
-52.0,32.0,18.0
-52.0,32.0,19.0
-54.0,30.0,19.0
-53.0,32.0,20.0
-52.0,30.0,19.0
-54.0,31.0,17.0
-52.0,30.0,20.0
-53.0,32.0,19.0
-53.0,31.0,20.0
-50.0,31.0,21.0
-53.0,32.0,17.0
-54.0,31.0,19.0
-55.0,32.0,16.0
-54.0,30.0,18.0
-52.0,29.0,19.0
-55.0,31.0,17.0
-55.0,30.0,14.0
-57.0,30.0,16.0
-51.0,31.0,17.0
-53.0,29.0,18.0
-54.0,31.0,19.0
-55.0,29.0,17.0
-55.0,30.0,16.0
-53.0,31.0,17.0
-55.0,29.0,18.0
-57.0,33.0,15.0
-54.0,33.0,16.0
-53.0,32.0,17.0
-55.0,32.0,16.0
-51.0,32.0,20.0
-51.0,31.0,20.0
-53.0,32.0,16.0
-52.0,31.0,19.0
-52.0,32.0,18.0
-53.0,32.0,18.0
-52.0,33.0,19.0
-52.0,32.0,19.0
-55.0,33.0,15.0
-54.0,31.0,17.0
-53.0,31.0,18.0
-52.0,34.0,17.0
-53.0,31.0,18.0
-53.0,33.0,16.0
-52.0,32.0,17.0
-53.0,31.0,17.0
-55.0,32.0,14.0
-55.0,31.0,13.0
-59.0,32.0,12.0
-53.0,30.0,17.0
-56.0,31.0,15.0
-55.0,30.0,17.0
-54.0,30.0,16.0
-54.0,30.0,15.0
-54.0,31.0,15.0
-56.0,30.0,15.0
-55.0,31.0,15.0
-53.0,31.0,17.0
-56.0,30.0,16.0
-55.0,31.0,15.0
-53.0,31.0,18.0
-52.0,35.0,17.0
-53.0,35.0,17.0
-55.0,32.0,15.0
-53.0,33.0,14.0
-53.0,30.0,18.0
-52.0,33.0,18.0
-56.0,30.0,14.0
-54.0,31.0,17.0
-53.0,30.0,18.0
-53.0,30.0,17.0
-53.0,31.0,19.0
-52.0,32.0,20.0
-55.0,30.0,16.0
-52.0,33.0,17.0
-52.0,33.0,16.0
-56.0,31.0,15.0
-56.0,31.0,14.0
-54.0,28.0,15.0
-57.0,29.0,16.0
-56.0,31.0,14.0
-55.0,30.0,16.0
-54.0,30.0,17.0
-54.0,29.0,15.0
-54.0,30.0,17.0
-56.0,30.0,15.0
-54.0,31.0,17.0
-53.0,32.0,16.0
-55.0,30.0,15.0
-54.0,32.0,18.0
-55.0,33.0,15.0
-55.0,32.0,15.0
-53.0,32.0,17.0
-53.0,33.0,16.0
-54.0,32.0,18.0
-52.0,33.0,20.0
-55.0,31.0,16.0
-54.0,32.0,17.0
-54.0,31.0,17.0
-52.0,30.0,20.0
-53.0,31.0,19.0
-53.0,32.0,19.0
-54.0,31.0,20.0
-52.0,31.0,20.0
-50.0,31.0,19.0
-53.0,31.0,18.0
-54.0,32.0,16.0
-53.0,34.0,19.0
-55.0,30.0,17.0
-56.0,30.0,16.0
-50.0,31.0,18.0
-57.0,29.0,16.0
-54.0,32.0,17.0
-54.0,29.0,17.0
-56.0,30.0,16.0
-52.0,31.0,19.0
-53.0,30.0,19.0
-55.0,30.0,16.0
-51.0,30.0,20.0
-57.0,31.0,17.0
-56.0,30.0,15.0
-54.0,34.0,16.0
-53.0,33.0,17.0
-52.0,33.0,18.0
-54.0,34.0,17.0
-54.0,30.0,19.0
-54.0,31.0,18.0
-53.0,31.0,18.0
-52.0,30.0,20.0
-53.0,32.0,18.0
-55.0,32.0,17.0
-53.0,32.0,19.0
-52.0,32.0,19.0
-52.0,32.0,19.0
-53.0,33.0,18.0
-52.0,31.0,19.0
-53.0,32.0,17.0
-55.0,32.0,17.0
-55.0,31.0,16.0
-54.0,30.0,16.0
-54.0,30.0,18.0
-54.0,30.0,15.0
-53.0,30.0,17.0
-52.0,30.0,19.0
-56.0,29.0,16.0
-53.0,30.0,18.0
-52.0,30.0,17.0
-56.0,29.0,16.0
-54.0,31.0,18.0
-54.0,31.0,17.0
-55.0,31.0,17.0
-54.0,32.0,16.0
-55.0,33.0,16.0
-51.0,33.0,18.0
-54.0,32.0,15.0
-55.0,34.0,15.0
-54.0,31.0,18.0
-53.0,31.0,18.0
-53.0,31.0,19.0
-53.0,30.0,19.0
-54.0,32.0,17.0
-53.0,31.0,17.0
-53.0,33.0,18.0
-51.0,31.0,19.0
-53.0,33.0,18.0
-54.0,32.0,17.0
-51.0,31.0,17.0
-54.0,31.0,16.0
-55.0,31.0,16.0
-54.0,29.0,19.0
-49.0,29.0,20.0
-54.0,28.0,13.0
-57.0,29.0,17.0
-53.0,32.0,16.0
-56.0,31.0,14.0
-53.0,32.0,18.0
-51.0,30.0,19.0
-53.0,31.0,19.0
-53.0,31.0,17.0
-55.0,30.0,16.0
-52.0,33.0,19.0
-54.0,32.0,16.0
-55.0,33.0,16.0
-52.0,33.0,17.0
-53.0,32.0,16.0
-54.0,34.0,18.0
-54.0,31.0,17.0
-53.0,30.0,19.0
-52.0,30.0,19.0
-52.0,31.0,18.0
-54.0,31.0,19.0
-54.0,33.0,19.0
-52.0,32.0,19.0
-53.0,32.0,19.0
-52.0,34.0,17.0
-52.0,30.0,19.0
-52.0,33.0,19.0
-53.0,31.0,17.0
-52.0,29.0,17.0
-52.0,31.0,17.0
-58.0,30.0,17.0
-54.0,31.0,16.0
-52.0,31.0,17.0
-54.0,31.0,17.0
-55.0,29.0,18.0
-52.0,28.0,21.0
-53.0,31.0,17.0
-57.0,31.0,14.0
-54.0,31.0,18.0
-54.0,32.0,17.0
-50.0,35.0,17.0
-51.0,31.0,18.0
-56.0,34.0,14.0
-56.0,32.0,15.0
-51.0,31.0,20.0
-53.0,30.0,18.0
-53.0,31.0,19.0
-52.0,31.0,19.0
-53.0,30.0,18.0
-56.0,31.0,16.0
-55.0,33.0,19.0
-51.0,33.0,21.0
-55.0,31.0,15.0
-58.0,31.0,16.0
-51.0,30.0,18.0
-52.0,32.0,17.0
-55.0,29.0,15.0
-57.0,28.0,16.0
-57.0,31.0,18.0
-58.0,30.0,14.0
-54.0,30.0,16.0
-53.0,31.0,17.0
-53.0,30.0,16.0
-54.0,30.0,18.0
-54.0,31.0,17.0
-57.0,29.0,15.0
-57.0,30.0,15.0
-54.0,33.0,17.0
-53.0,31.0,16.0
-54.0,32.0,16.0
-52.0,33.0,18.0
-54.0,33.0,15.0
-54.0,32.0,15.0
-54.0,31.0,18.0
-52.0,31.0,19.0
-52.0,29.0,20.0
-54.0,31.0,17.0
-54.0,30.0,17.0
-54.0,32.0,18.0
-53.0,32.0,17.0
-52.0,30.0,18.0
-54.0,34.0,20.0
-59.0,30.0,13.0
-50.0,28.0,20.0
-52.0,31.0,20.0
-58.0,30.0,14.0
-53.0,28.0,17.0
-54.0,31.0,16.0
-56.0,30.0,16.0
-54.0,31.0,16.0
-54.0,29.0,17.0
-54.0,30.0,18.0
-55.0,29.0,17.0
-54.0,29.0,18.0
-57.0,27.0,17.0
-53.0,30.0,19.0
-55.0,32.0,17.0
-54.0,31.0,17.0
-53.0,34.0,15.0
-52.0,33.0,17.0
-51.0,33.0,18.0
-53.0,32.0,17.0
-55.0,31.0,17.0
-52.0,30.0,18.0
-54.0,31.0,18.0
-52.0,30.0,19.0
-56.0,33.0,16.0
-51.0,32.0,19.0
-52.0,30.0,18.0
-54.0,31.0,17.0
-54.0,30.0,18.0
-54.0,30.0,19.0
-56.0,32.0,14.0
-55.0,28.0,16.0
-52.0,31.0,18.0
-60.0,31.0,12.0
-56.0,31.0,17.0
-54.0,33.0,16.0
-59.0,30.0,15.0
-51.0,30.0,19.0
-55.0,30.0,16.0
-52.0,29.0,20.0
-50.0,30.0,20.0
-59.0,30.0,15.0
-57.0,33.0,16.0
-51.0,32.0,18.0
-55.0,30.0,16.0
-53.0,32.0,16.0
-52.0,29.0,18.0
-54.0,31.0,18.0
-53.0,30.0,18.0
-54.0,30.0,18.0
-54.0,31.0,17.0
-57.0,31.0,15.0
-54.0,32.0,17.0
-53.0,30.0,18.0
-54.0,31.0,18.0
-56.0,31.0,18.0
-53.0,29.0,18.0
-54.0,32.0,16.0
-52.0,31.0,18.0
-55.0,29.0,14.0
-58.0,30.0,16.0
-53.0,29.0,15.0
-56.0,29.0,15.0
-57.0,29.0,16.0
-55.0,30.0,16.0
-53.0,30.0,18.0
-56.0,29.0,16.0
-54.0,28.0,18.0
-55.0,30.0,16.0
-56.0,30.0,16.0
-53.0,32.0,16.0
-53.0,30.0,16.0
-55.0,33.0,17.0
-56.0,31.0,15.0
-52.0,29.0,19.0
-53.0,32.0,18.0
-52.0,29.0,19.0
-53.0,30.0,18.0
-55.0,31.0,17.0
-53.0,29.0,17.0
-53.0,33.0,19.0
-52.0,30.0,19.0
-54.0,32.0,18.0
-51.0,33.0,21.0
-58.0,29.0,14.0
-53.0,29.0,17.0
-55.0,31.0,17.0
-57.0,30.0,17.0
-56.0,29.0,17.0
-55.0,28.0,15.0
-54.0,28.0,16.0
-55.0,29.0,16.0
-53.0,29.0,18.0
-57.0,29.0,18.0
-52.0,29.0,19.0
-54.0,28.0,18.0
-55.0,30.0,16.0
-54.0,31.0,18.0
-56.0,30.0,16.0
-52.0,32.0,19.0
-56.0,31.0,18.0
-52.0,31.0,16.0
-54.0,32.0,18.0
-53.0,30.0,18.0
-52.0,30.0,20.0
-55.0,30.0,16.0
-54.0,29.0,16.0
-53.0,31.0,18.0
-55.0,32.0,16.0
-53.0,30.0,17.0
-52.0,32.0,20.0
-56.0,29.0,18.0
-56.0,28.0,18.0
-51.0,31.0,19.0
-54.0,30.0,17.0
-56.0,29.0,16.0
-53.0,31.0,18.0
-57.0,29.0,15.0
-54.0,29.0,15.0
-54.0,29.0,18.0
-53.0,27.0,20.0
-55.0,30.0,16.0
-57.0,30.0,14.0
-55.0,29.0,17.0
-56.0,32.0,15.0
-54.0,30.0,18.0
-54.0,29.0,18.0
-54.0,33.0,14.0
-51.0,31.0,18.0
-53.0,30.0,17.0
-53.0,32.0,19.0
-51.0,29.0,20.0
-54.0,31.0,17.0
-52.0,30.0,17.0
-57.0,32.0,16.0
-53.0,30.0,18.0
-55.0,31.0,17.0
-53.0,32.0,18.0
-54.0,30.0,19.0
-55.0,31.0,16.0
-54.0,30.0,15.0
-57.0,27.0,18.0
-54.0,31.0,17.0
-53.0,30.0,17.0
-56.0,30.0,15.0
-54.0,32.0,15.0
-52.0,29.0,17.0
-55.0,30.0,17.0
-54.0,31.0,17.0
-56.0,30.0,17.0
-54.0,29.0,17.0
-54.0,26.0,19.0
-55.0,34.0,16.0
-53.0,31.0,19.0
-56.0,32.0,14.0
-52.0,32.0,16.0
-55.0,32.0,17.0
-53.0,31.0,16.0
-55.0,31.0,18.0
-52.0,31.0,19.0
-58.0,31.0,14.0
-52.0,33.0,19.0
-54.0,33.0,15.0
-53.0,31.0,17.0
-54.0,31.0,18.0
-54.0,29.0,19.0
-53.0,27.0,20.0
-56.0,31.0,15.0
-55.0,31.0,15.0
-56.0,29.0,14.0
-56.0,30.0,14.0
-56.0,28.0,15.0
-56.0,29.0,15.0
-52.0,29.0,19.0
-57.0,28.0,17.0
-54.0,31.0,16.0
-54.0,29.0,17.0
-56.0,28.0,17.0
-54.0,31.0,17.0
-54.0,31.0,18.0
-55.0,33.0,15.0
-54.0,32.0,16.0
-52.0,31.0,18.0
-55.0,30.0,17.0
-57.0,31.0,16.0
-52.0,30.0,21.0
-55.0,31.0,17.0
-57.0,29.0,16.0
-54.0,32.0,18.0
-52.0,29.0,18.0
-54.0,30.0,17.0
-54.0,33.0,15.0
-51.0,30.0,19.0
-56.0,31.0,15.0
-53.0,29.0,17.0
-53.0,30.0,18.0
-55.0,28.0,16.0
-59.0,29.0,14.0
-57.0,30.0,17.0
-52.0,30.0,16.0
-55.0,28.0,16.0
-53.0,30.0,20.0
-57.0,25.0,15.0
-54.0,27.0,17.0
-55.0,30.0,18.0
-57.0,29.0,14.0
-55.0,32.0,15.0
-55.0,32.0,16.0
-53.0,31.0,17.0
-57.0,32.0,16.0
-51.0,29.0,21.0
-56.0,30.0,18.0
-53.0,30.0,18.0
-51.0,29.0,20.0
-56.0,31.0,15.0
-55.0,32.0,16.0
-55.0,29.0,17.0
-53.0,30.0,16.0
-52.0,31.0,19.0
-56.0,29.0,17.0
-56.0,32.0,15.0
-54.0,29.0,16.0
-55.0,30.0,17.0
-57.0,31.0,14.0
-50.0,28.0,17.0
-55.0,33.0,13.0
-54.0,30.0,14.0
-54.0,32.0,16.0
-55.0,30.0,15.0
-53.0,29.0,19.0
-53.0,28.0,18.0
-59.0,28.0,15.0
-57.0,29.0,18.0
-53.0,32.0,17.0
-50.0,30.0,18.0
-54.0,33.0,16.0
-53.0,32.0,17.0
-54.0,31.0,17.0
-55.0,31.0,18.0
-53.0,30.0,19.0
-53.0,30.0,18.0
-53.0,29.0,19.0
-57.0,31.0,15.0
-51.0,33.0,20.0
-52.0,35.0,17.0
-54.0,31.0,16.0
-51.0,32.0,18.0
-54.0,30.0,18.0
-55.0,30.0,16.0
-56.0,30.0,16.0
-55.0,30.0,16.0
-55.0,29.0,13.0
-59.0,29.0,16.0
-56.0,31.0,16.0
-58.0,31.0,14.0
-53.0,29.0,16.0
-56.0,31.0,16.0
-55.0,30.0,16.0
-55.0,30.0,16.0
-58.0,31.0,13.0
-55.0,28.0,20.0
-55.0,33.0,18.0
-53.0,30.0,19.0
-56.0,31.0,15.0
-54.0,30.0,15.0
-53.0,31.0,18.0
-55.0,31.0,16.0
-54.0,30.0,17.0
-53.0,30.0,17.0
-56.0,29.0,15.0
-55.0,30.0,15.0
-55.0,33.0,16.0
-53.0,28.0,19.0
-53.0,30.0,17.0
-54.0,29.0,19.0
-57.0,29.0,16.0
-54.0,30.0,17.0
-51.0,30.0,19.0
-58.0,28.0,14.0
-56.0,30.0,14.0
-57.0,28.0,15.0
-59.0,29.0,12.0
-55.0,30.0,17.0
-55.0,29.0,17.0
-55.0,29.0,16.0
-56.0,29.0,16.0
-53.0,29.0,16.0
-54.0,28.0,18.0
-57.0,32.0,16.0
-54.0,30.0,17.0
-54.0,33.0,16.0
-54.0,30.0,16.0
-54.0,31.0,16.0
-56.0,31.0,14.0
-54.0,29.0,16.0
-54.0,32.0,17.0
-53.0,29.0,17.0
-56.0,30.0,14.0
-53.0,30.0,18.0
-56.0,31.0,17.0
-57.0,30.0,15.0
-49.0,31.0,20.0
-54.0,29.0,17.0
-56.0,32.0,16.0
-55.0,30.0,14.0
-55.0,31.0,13.0
-55.0,32.0,13.0
-58.0,28.0,12.0
-57.0,29.0,15.0
-54.0,31.0,16.0
-58.0,29.0,14.0
-53.0,30.0,15.0
-53.0,30.0,17.0
-55.0,28.0,13.0
-55.0,30.0,18.0
-58.0,29.0,12.0
-58.0,31.0,14.0
-53.0,32.0,16.0
-55.0,31.0,13.0
-53.0,32.0,14.0
-55.0,30.0,15.0
-55.0,30.0,17.0
-53.0,31.0,16.0
-52.0,29.0,19.0
-54.0,31.0,17.0
-55.0,29.0,16.0
-55.0,33.0,16.0
-56.0,31.0,15.0
-53.0,30.0,19.0
-53.0,32.0,18.0
-54.0,32.0,20.0
-54.0,36.0,16.0
-53.0,31.0,14.0
-49.0,33.0,19.0
-55.0,33.0,17.0
-56.0,31.0,15.0
-55.0,31.0,15.0
-52.0,30.0,15.0
-55.0,31.0,17.0
-53.0,30.0,17.0
-55.0,28.0,18.0
-55.0,30.0,18.0
-55.0,30.0,17.0
-52.0,31.0,19.0
-55.0,29.0,15.0
-53.0,32.0,18.0
-54.0,32.0,17.0
-55.0,31.0,16.0
-53.0,34.0,18.0
-52.0,30.0,17.0
-55.0,30.0,17.0
-52.0,33.0,19.0
-56.0,30.0,17.0
-51.0,31.0,20.0
-50.0,31.0,21.0
-54.0,30.0,17.0
-52.0,30.0,19.0
-58.0,31.0,15.0
-55.0,34.0,17.0
-50.0,30.0,22.0
-53.0,31.0,17.0
-50.0,31.0,20.0
-54.0,32.0,18.0
-55.0,30.0,16.0
-54.0,31.0,18.0
-55.0,32.0,14.0
-54.0,30.0,16.0
-53.0,31.0,15.0
-58.0,31.0,14.0
-56.0,31.0,18.0
-56.0,31.0,15.0
-52.0,30.0,19.0
-54.0,31.0,19.0
-57.0,29.0,17.0
-56.0,31.0,17.0
-53.0,31.0,18.0
-56.0,32.0,17.0
-51.0,34.0,16.0
-51.0,31.0,19.0
-52.0,33.0,20.0
-55.0,33.0,16.0
-52.0,31.0,20.0
-52.0,31.0,17.0
-55.0,31.0,17.0
-53.0,32.0,18.0
-55.0,30.0,17.0
-53.0,35.0,18.0
-54.0,34.0,18.0
-54.0,31.0,18.0
-49.0,29.0,23.0
-54.0,32.0,18.0
-55.0,31.0,18.0
-53.0,31.0,18.0
-55.0,31.0,14.0
-52.0,31.0,20.0
-56.0,30.0,16.0
-56.0,33.0,16.0
-53.0,31.0,18.0
-56.0,31.0,14.0
-53.0,31.0,18.0
-53.0,30.0,18.0
-56.0,30.0,16.0
-55.0,30.0,16.0
-57.0,29.0,17.0
-54.0,34.0,17.0
-53.0,32.0,18.0
-54.0,32.0,16.0
-53.0,31.0,17.0
-55.0,30.0,19.0
-51.0,32.0,21.0
-55.0,30.0,19.0
-53.0,31.0,19.0
-53.0,30.0,18.0
-54.0,31.0,19.0
-54.0,32.0,15.0
-54.0,29.0,18.0
-50.0,33.0,18.0
-57.0,28.0,15.0
-56.0,31.0,16.0
-55.0,30.0,14.0
-56.0,27.0,15.0
-56.0,34.0,15.0
-54.0,32.0,15.0
-53.0,30.0,16.0
-56.0,31.0,13.0
-59.0,28.0,13.0
-52.0,31.0,16.0
-55.0,30.0,15.0
-55.0,27.0,16.0
-53.0,32.0,16.0
-57.0,28.0,15.0
-53.0,33.0,17.0
-55.0,30.0,16.0
-55.0,31.0,17.0
-52.0,31.0,18.0
-55.0,32.0,15.0
-53.0,32.0,16.0
-51.0,32.0,17.0
-55.0,31.0,17.0
-53.0,31.0,18.0
-53.0,31.0,17.0
-53.0,30.0,18.0
-54.0,31.0,15.0
-57.0,31.0,16.0
-53.0,33.0,18.0
-53.0,32.0,17.0
-54.0,30.0,19.0
-54.0,32.0,18.0
-54.0,29.0,16.0
-55.0,29.0,16.0
-54.0,31.0,17.0
-56.0,30.0,14.0
-55.0,30.0,16.0
-57.0,30.0,14.0
-59.0,31.0,14.0
-54.0,31.0,14.0
-55.0,31.0,15.0
-54.0,31.0,15.0
-52.0,29.0,18.0
-56.0,29.0,15.0
-57.0,29.0,12.0
-55.0,29.0,14.0
-57.0,30.0,14.0
-51.0,32.0,18.0
-54.0,33.0,16.0
-55.0,32.0,14.0
-52.0,32.0,16.0
-53.0,32.0,17.0
-54.0,32.0,17.0
-55.0,32.0,16.0
-53.0,30.0,15.0
-55.0,33.0,15.0
-54.0,31.0,15.0
-54.0,32.0,17.0
-53.0,33.0,18.0
-53.0,27.0,18.0
-58.0,31.0,16.0
-52.0,30.0,16.0
-58.0,31.0,13.0
-54.0,32.0,15.0
-55.0,31.0,15.0
-56.0,30.0,16.0
-54.0,31.0,15.0
-58.0,30.0,14.0
-56.0,30.0,14.0
-55.0,30.0,14.0
-56.0,30.0,15.0
-56.0,30.0,15.0
-54.0,27.0,17.0
-56.0,29.0,15.0
-56.0,28.0,15.0
-55.0,28.0,17.0
-54.0,29.0,15.0
-56.0,27.0,15.0
-56.0,28.0,17.0
-56.0,28.0,13.0
-54.0,26.0,17.0
-57.0,29.0,15.0
-54.0,31.0,18.0
-54.0,32.0,17.0
-55.0,28.0,15.0
-56.0,30.0,14.0
-55.0,31.0,15.0
-54.0,30.0,17.0
-56.0,31.0,15.0
-54.0,29.0,17.0
-54.0,30.0,15.0
-56.0,30.0,14.0
-55.0,30.0,15.0
-56.0,30.0,14.0
-56.0,29.0,14.0
-54.0,28.0,15.0
-58.0,29.0,11.0
-54.0,28.0,15.0
-56.0,31.0,14.0
-58.0,28.0,13.0
-55.0,30.0,15.0
-54.0,29.0,15.0
-57.0,27.0,14.0
-57.0,28.0,14.0
-56.0,28.0,16.0
-58.0,28.0,14.0
-53.0,30.0,17.0
-54.0,32.0,16.0
-53.0,31.0,16.0
-52.0,31.0,17.0
-58.0,32.0,12.0
-54.0,30.0,15.0
-54.0,30.0,16.0
-54.0,30.0,16.0
-55.0,30.0,15.0
-57.0,32.0,14.0
-54.0,32.0,14.0
-53.0,33.0,15.0
-55.0,31.0,15.0
-58.0,30.0,17.0
-56.0,34.0,14.0
-53.0,28.0,16.0
-56.0,30.0,14.0
-56.0,31.0,13.0
-54.0,30.0,15.0
-58.0,30.0,11.0
-57.0,30.0,12.0
-56.0,30.0,16.0
-57.0,30.0,13.0
-52.0,28.0,17.0
-55.0,29.0,17.0
-53.0,30.0,15.0
-54.0,28.0,17.0
-58.0,31.0,13.0
-57.0,31.0,15.0
-53.0,32.0,17.0
-56.0,33.0,14.0
-54.0,31.0,16.0
-53.0,32.0,16.0
-54.0,31.0,18.0
-53.0,30.0,17.0
-54.0,31.0,16.0
-54.0,30.0,17.0
-54.0,32.0,16.0
-52.0,31.0,18.0
-52.0,32.0,19.0
-56.0,33.0,14.0
-51.0,29.0,19.0
-54.0,32.0,16.0
-57.0,30.0,16.0
-53.0,32.0,17.0
-54.0,31.0,14.0
-54.0,28.0,17.0
-55.0,31.0,17.0
-59.0,31.0,13.0
-51.0,28.0,18.0
-55.0,30.0,14.0
-54.0,29.0,16.0
-51.0,29.0,19.0
-57.0,30.0,14.0
-57.0,31.0,16.0
-52.0,32.0,18.0
-55.0,31.0,15.0
-53.0,31.0,17.0
-53.0,33.0,16.0
-54.0,32.0,15.0
-54.0,31.0,17.0
-52.0,30.0,18.0
-55.0,30.0,16.0
-54.0,30.0,19.0
-55.0,31.0,16.0
-57.0,31.0,12.0
-52.0,32.0,19.0
-54.0,32.0,17.0
-56.0,30.0,16.0
-54.0,31.0,19.0
-58.0,33.0,13.0
-51.0,29.0,18.0
-52.0,30.0,17.0
-57.0,30.0,14.0
-54.0,29.0,17.0
-55.0,31.0,15.0
-57.0,29.0,14.0
-54.0,31.0,16.0
-53.0,30.0,17.0
-55.0,29.0,17.0
-54.0,29.0,17.0
-59.0,28.0,14.0
-54.0,29.0,17.0
-57.0,30.0,15.0
-57.0,32.0,15.0
-51.0,32.0,18.0
-56.0,31.0,14.0
-54.0,32.0,16.0
-54.0,31.0,17.0
-54.0,29.0,18.0
-54.0,31.0,18.0
-54.0,30.0,17.0
-54.0,30.0,16.0
-53.0,30.0,17.0
-56.0,30.0,17.0
-53.0,32.0,17.0
-53.0,31.0,17.0
-57.0,30.0,16.0
-54.0,28.0,17.0
-53.0,31.0,17.0
-53.0,27.0,16.0
-62.0,30.0,13.0
-49.0,30.0,17.0
-57.0,31.0,14.0
-57.0,29.0,15.0
-54.0,30.0,17.0
-53.0,29.0,18.0
-55.0,29.0,17.0
-55.0,28.0,16.0
-56.0,27.0,17.0
-55.0,31.0,18.0
-54.0,31.0,17.0
-52.0,33.0,15.0
-54.0,31.0,15.0
-55.0,32.0,16.0
-56.0,31.0,15.0
-52.0,30.0,19.0
-56.0,30.0,16.0
-53.0,29.0,18.0
-56.0,31.0,16.0
-53.0,28.0,19.0
-53.0,31.0,19.0
-54.0,32.0,16.0
-52.0,30.0,18.0
-55.0,31.0,17.0
-58.0,30.0,14.0
-51.0,31.0,18.0
-55.0,31.0,16.0
-57.0,28.0,17.0
-51.0,31.0,17.0
-56.0,30.0,16.0
-56.0,29.0,16.0
-52.0,30.0,18.0
-55.0,30.0,18.0
-55.0,29.0,16.0
-58.0,30.0,17.0
-54.0,30.0,18.0
-51.0,30.0,20.0
-56.0,32.0,15.0
-49.0,32.0,20.0
-54.0,32.0,19.0
-53.0,33.0,16.0
-53.0,31.0,18.0
-53.0,31.0,19.0
-51.0,32.0,20.0
-53.0,31.0,20.0
-52.0,32.0,18.0
-53.0,30.0,17.0
-50.0,33.0,20.0
-54.0,30.0,20.0
-52.0,31.0,20.0
-51.0,31.0,20.0
-54.0,30.0,20.0
-51.0,33.0,18.0
-53.0,32.0,18.0
-53.0,31.0,17.0
-53.0,31.0,17.0
-57.0,29.0,14.0
-53.0,32.0,17.0
-54.0,31.0,19.0
-55.0,28.0,18.0
-54.0,29.0,19.0
-56.0,29.0,16.0
-54.0,31.0,20.0
-55.0,32.0,16.0
-55.0,34.0,15.0
-51.0,31.0,20.0
-57.0,31.0,15.0
-52.0,31.0,20.0
-53.0,31.0,20.0
-51.0,32.0,18.0
-55.0,31.0,17.0
-53.0,32.0,17.0
-54.0,31.0,17.0
-54.0,33.0,17.0
-53.0,33.0,18.0
-53.0,31.0,18.0
-54.0,32.0,18.0
-52.0,27.0,19.0
-55.0,29.0,17.0
-55.0,29.0,16.0
-55.0,28.0,16.0
-54.0,32.0,17.0
-55.0,29.0,16.0
-54.0,30.0,16.0
-54.0,32.0,16.0
-56.0,28.0,17.0
-56.0,31.0,16.0
-56.0,28.0,17.0
-57.0,29.0,14.0
-51.0,28.0,22.0
-57.0,32.0,11.0
-55.0,33.0,15.0
-54.0,32.0,16.0
-53.0,32.0,17.0
-53.0,30.0,16.0
-51.0,30.0,19.0
-53.0,29.0,17.0
-54.0,28.0,19.0
-54.0,31.0,14.0
-55.0,28.0,17.0
-53.0,33.0,18.0
-53.0,33.0,17.0
-55.0,30.0,16.0
-52.0,29.0,19.0
-58.0,31.0,14.0
-58.0,29.0,13.0
-52.0,29.0,18.0
-55.0,31.0,17.0
-53.0,30.0,13.0
-55.0,30.0,15.0
-54.0,30.0,14.0
-52.0,28.0,17.0
-55.0,30.0,16.0
-60.0,29.0,12.0
-53.0,27.0,19.0
-58.0,28.0,16.0
-55.0,30.0,17.0
-57.0,31.0,15.0
-53.0,31.0,13.0
-53.0,32.0,16.0
-56.0,31.0,13.0
-53.0,29.0,20.0
-55.0,31.0,18.0
-54.0,29.0,16.0
-56.0,29.0,17.0
-55.0,30.0,14.0
-55.0,30.0,16.0
-53.0,33.0,17.0
-52.0,32.0,17.0
-55.0,28.0,17.0
-57.0,32.0,16.0
-54.0,29.0,16.0
-57.0,28.0,15.0
-55.0,31.0,15.0
-55.0,29.0,16.0
-55.0,30.0,15.0
-57.0,30.0,13.0
-54.0,29.0,19.0
-56.0,31.0,16.0
-53.0,28.0,18.0
-53.0,29.0,19.0
-56.0,31.0,14.0
-54.0,29.0,17.0
-55.0,28.0,19.0
-56.0,30.0,18.0
-51.0,32.0,18.0
-55.0,32.0,14.0
-57.0,32.0,17.0
-51.0,33.0,18.0
-55.0,30.0,17.0
-55.0,30.0,18.0
-51.0,30.0,19.0
-52.0,32.0,19.0
-55.0,30.0,15.0
-52.0,33.0,19.0
-50.0,33.0,20.0
-55.0,28.0,17.0
-53.0,31.0,19.0
-55.0,31.0,16.0
-58.0,30.0,14.0
-51.0,32.0,19.0
-54.0,32.0,17.0
-55.0,28.0,17.0
-57.0,31.0,14.0
-60.0,32.0,15.0
-54.0,30.0,16.0
-53.0,31.0,16.0
-54.0,31.0,16.0
-54.0,29.0,17.0
-54.0,31.0,16.0
-55.0,28.0,18.0
-56.0,28.0,18.0
-54.0,32.0,18.0
-56.0,31.0,15.0
-53.0,31.0,15.0
-50.0,31.0,19.0
-57.0,31.0,15.0
-55.0,32.0,15.0
-52.0,32.0,21.0
-54.0,32.0,18.0
-52.0,30.0,18.0
-55.0,31.0,17.0
-54.0,32.0,17.0
-53.0,31.0,19.0
-52.0,31.0,18.0
-51.0,30.0,19.0
-51.0,31.0,19.0
-57.0,32.0,15.0
-56.0,30.0,14.0
-53.0,30.0,17.0
-55.0,32.0,16.0
-56.0,28.0,14.0
-58.0,30.0,14.0
-51.0,30.0,18.0
-57.0,29.0,16.0
-54.0,30.0,16.0
-52.0,29.0,19.0
-58.0,27.0,15.0
-58.0,28.0,15.0
-51.0,30.0,19.0
-56.0,32.0,17.0
-54.0,32.0,14.0
-52.0,34.0,17.0
-54.0,31.0,16.0
-54.0,32.0,15.0
-55.0,30.0,17.0
-52.0,30.0,20.0
-54.0,31.0,18.0
-55.0,31.0,16.0
-54.0,30.0,17.0
-56.0,31.0,17.0
-53.0,31.0,17.0
-52.0,34.0,18.0
-55.0,31.0,18.0
-51.0,30.0,19.0
-57.0,29.0,17.0
-55.0,29.0,17.0
-50.0,29.0,20.0
-54.0,30.0,16.0
-56.0,30.0,16.0
-57.0,30.0,15.0
-56.0,30.0,16.0
-55.0,29.0,17.0
-54.0,29.0,19.0
-55.0,30.0,17.0
-53.0,28.0,18.0
-54.0,30.0,17.0
-55.0,28.0,18.0
-53.0,32.0,18.0
-54.0,32.0,16.0
-52.0,32.0,18.0
-54.0,31.0,17.0
-53.0,31.0,17.0
-54.0,31.0,18.0
-56.0,30.0,17.0
-52.0,30.0,19.0
-54.0,31.0,17.0
-54.0,29.0,17.0
-54.0,30.0,18.0
-54.0,34.0,18.0
-53.0,30.0,17.0
-54.0,31.0,20.0
-56.0,31.0,16.0
-54.0,31.0,16.0
-55.0,31.0,18.0
-55.0,30.0,16.0
-53.0,28.0,18.0
-59.0,30.0,14.0
-54.0,30.0,16.0
-57.0,31.0,16.0
-57.0,30.0,14.0
-52.0,28.0,20.0
-53.0,29.0,19.0
-56.0,30.0,15.0
-56.0,27.0,16.0
-56.0,30.0,17.0
-55.0,31.0,17.0
-55.0,32.0,15.0
-54.0,32.0,16.0
-54.0,29.0,17.0
-55.0,28.0,18.0
-54.0,31.0,19.0
-54.0,29.0,18.0
-54.0,30.0,18.0
-52.0,30.0,17.0
-57.0,31.0,16.0
-55.0,31.0,16.0
-52.0,30.0,19.0
-54.0,31.0,15.0
-55.0,29.0,20.0
-54.0,31.0,19.0
-54.0,28.0,18.0
-55.0,28.0,19.0
-56.0,31.0,14.0
-56.0,29.0,16.0
-54.0,30.0,17.0
-54.0,28.0,15.0
-53.0,28.0,19.0
-57.0,30.0,15.0
-54.0,28.0,18.0
-53.0,30.0,18.0
-54.0,29.0,15.0
-55.0,29.0,18.0
-55.0,30.0,18.0
-56.0,28.0,17.0
-57.0,31.0,15.0
-52.0,31.0,18.0
-56.0,31.0,16.0
-53.0,32.0,15.0
-52.0,28.0,20.0
-54.0,31.0,18.0
-54.0,30.0,18.0
-54.0,30.0,18.0
-55.0,30.0,16.0
-54.0,30.0,19.0
-53.0,33.0,19.0
-56.0,28.0,16.0
-52.0,27.0,21.0
-58.0,32.0,15.0
-57.0,28.0,17.0
-50.0,32.0,19.0
-57.0,31.0,14.0
-55.0,29.0,17.0
-56.0,31.0,16.0
-57.0,29.0,16.0
-52.0,30.0,17.0
-57.0,30.0,16.0
-53.0,29.0,19.0
-54.0,29.0,18.0
-54.0,29.0,19.0
-55.0,29.0,19.0
-57.0,30.0,14.0
-54.0,31.0,16.0
-54.0,30.0,18.0
-54.0,31.0,19.0
-53.0,31.0,18.0
-53.0,32.0,18.0
-51.0,32.0,17.0
-52.0,30.0,20.0
-54.0,32.0,18.0
-52.0,32.0,18.0
-55.0,32.0,15.0
-56.0,32.0,14.0
-51.0,32.0,19.0
-54.0,33.0,18.0
-53.0,29.0,19.0
-53.0,31.0,19.0
-54.0,31.0,17.0
-53.0,30.0,19.0
-56.0,30.0,18.0
-53.0,28.0,17.0
-56.0,32.0,15.0
-56.0,32.0,16.0
-57.0,31.0,15.0
-53.0,32.0,15.0
-53.0,30.0,18.0
-53.0,31.0,19.0
-52.0,29.0,18.0
-57.0,29.0,18.0
-53.0,33.0,21.0
-55.0,32.0,16.0
-54.0,34.0,15.0
-52.0,34.0,16.0
-52.0,33.0,17.0
-51.0,32.0,21.0
-52.0,30.0,21.0
-51.0,31.0,19.0
-51.0,32.0,21.0
-55.0,32.0,16.0
-55.0,33.0,14.0
-51.0,33.0,22.0
-53.0,35.0,18.0
-52.0,31.0,20.0
-53.0,31.0,21.0
-53.0,31.0,19.0
-54.0,31.0,18.0
-55.0,31.0,17.0
-52.0,31.0,16.0
-56.0,30.0,15.0
-57.0,29.0,13.0
-54.0,31.0,18.0
-54.0,31.0,16.0
-53.0,30.0,19.0
-52.0,30.0,19.0
-56.0,28.0,17.0
-54.0,31.0,19.0
-55.0,32.0,18.0
-54.0,29.0,17.0
-55.0,32.0,18.0
-54.0,34.0,18.0
-55.0,31.0,15.0
-51.0,32.0,21.0
-52.0,34.0,20.0
-55.0,30.0,17.0
-52.0,31.0,18.0
-56.0,30.0,17.0
-51.0,31.0,18.0
-51.0,32.0,19.0
-56.0,31.0,17.0
-56.0,31.0,19.0
-52.0,31.0,20.0
-55.0,31.0,15.0
-54.0,29.0,17.0
-55.0,31.0,15.0
-56.0,30.0,16.0
-56.0,30.0,15.0
-57.0,31.0,15.0
-54.0,30.0,19.0
-54.0,30.0,18.0
-56.0,29.0,16.0
-56.0,29.0,17.0
-53.0,29.0,19.0
-55.0,28.0,19.0
-54.0,32.0,17.0
-55.0,32.0,17.0
-51.0,31.0,16.0
-56.0,33.0,16.0
-53.0,30.0,20.0
-51.0,30.0,20.0
-53.0,29.0,19.0
-56.0,31.0,16.0
-54.0,32.0,17.0
-53.0,32.0,19.0
-55.0,31.0,16.0
-51.0,29.0,22.0
-52.0,31.0,20.0
-58.0,28.0,14.0
-57.0,28.0,16.0
-54.0,30.0,16.0
-57.0,30.0,16.0
-55.0,30.0,17.0
-55.0,31.0,13.0
-52.0,29.0,16.0
-54.0,28.0,18.0
-51.0,28.0,19.0
-53.0,31.0,19.0
-58.0,28.0,13.0
-56.0,31.0,15.0
-58.0,30.0,14.0
-58.0,31.0,12.0
-54.0,31.0,15.0
-52.0,29.0,17.0
-55.0,30.0,16.0
-53.0,30.0,18.0
-53.0,29.0,17.0
-56.0,29.0,15.0
-53.0,31.0,17.0
-55.0,30.0,15.0
-53.0,30.0,18.0
-54.0,28.0,18.0
-56.0,29.0,16.0
-51.0,27.0,21.0
-55.0,28.0,17.0
-56.0,29.0,16.0
-53.0,29.0,17.0
-56.0,29.0,13.0
-56.0,29.0,14.0
-53.0,30.0,16.0
-57.0,30.0,14.0
-53.0,27.0,20.0
-54.0,30.0,18.0
-56.0,26.0,18.0
-56.0,30.0,18.0
-54.0,31.0,17.0
-56.0,30.0,15.0
-55.0,31.0,15.0
-54.0,31.0,17.0
-55.0,32.0,17.0
-54.0,30.0,16.0
-55.0,31.0,17.0
-53.0,30.0,17.0
-57.0,31.0,15.0
-54.0,30.0,16.0
-53.0,30.0,17.0
-52.0,30.0,19.0
-57.0,31.0,16.0
-55.0,30.0,15.0
-58.0,28.0,15.0
-57.0,31.0,14.0
-54.0,30.0,16.0
-58.0,28.0,15.0
-57.0,30.0,12.0
-54.0,28.0,17.0
-56.0,29.0,16.0
-52.0,30.0,18.0
-54.0,28.0,19.0
-57.0,29.0,13.0
-56.0,27.0,17.0
-56.0,31.0,17.0
-54.0,29.0,16.0
-57.0,30.0,15.0
-54.0,30.0,16.0
-54.0,30.0,16.0
-54.0,31.0,17.0
-54.0,30.0,16.0
-54.0,30.0,18.0
-56.0,26.0,16.0
-59.0,30.0,14.0
-54.0,28.0,17.0
-53.0,27.0,18.0
-51.0,30.0,20.0
-55.0,30.0,16.0
-57.0,28.0,15.0
-58.0,29.0,14.0
-56.0,28.0,15.0
-57.0,27.0,15.0
-53.0,26.0,15.0
-61.0,29.0,12.0
-49.0,27.0,17.0
-58.0,27.0,13.0
-55.0,27.0,15.0
-55.0,27.0,18.0
-55.0,28.0,16.0
-55.0,28.0,17.0
-57.0,28.0,15.0
-55.0,30.0,17.0
-56.0,29.0,17.0
-56.0,30.0,15.0
-53.0,32.0,16.0
-53.0,29.0,17.0
-58.0,30.0,14.0
-52.0,31.0,19.0
-53.0,30.0,19.0
-55.0,29.0,15.0
-53.0,29.0,18.0
-56.0,32.0,16.0
-52.0,30.0,17.0
-54.0,30.0,19.0
-54.0,31.0,17.0
-52.0,29.0,22.0
-55.0,31.0,17.0
-55.0,27.0,19.0
-51.0,31.0,19.0
-57.0,31.0,13.0
-56.0,27.0,16.0
-59.0,32.0,14.0
-51.0,30.0,17.0
-57.0,30.0,15.0
-54.0,30.0,15.0
-54.0,27.0,21.0
-54.0,29.0,15.0
-57.0,28.0,15.0
-57.0,32.0,18.0
-57.0,31.0,14.0
-52.0,29.0,19.0
-52.0,31.0,18.0
-54.0,30.0,16.0
-52.0,29.0,20.0
-53.0,32.0,17.0
-52.0,31.0,17.0
-53.0,30.0,19.0
-52.0,33.0,16.0
-55.0,30.0,17.0
-54.0,32.0,17.0
-55.0,28.0,20.0
-53.0,30.0,20.0
-54.0,30.0,18.0
-57.0,28.0,16.0
-52.0,32.0,18.0
-54.0,31.0,16.0
-56.0,30.0,15.0
-54.0,31.0,16.0
-56.0,29.0,15.0
-57.0,30.0,13.0
-52.0,29.0,18.0
-56.0,29.0,18.0
-54.0,29.0,18.0
-54.0,29.0,18.0
-57.0,29.0,15.0
-55.0,29.0,15.0
-55.0,30.0,18.0
-57.0,30.0,14.0
-55.0,31.0,15.0
-52.0,31.0,18.0
-58.0,30.0,15.0
-52.0,30.0,18.0
-54.0,30.0,18.0
-54.0,30.0,16.0
-54.0,29.0,18.0
-56.0,29.0,15.0
-54.0,29.0,15.0
-51.0,30.0,21.0
-54.0,30.0,19.0
-58.0,30.0,17.0
-54.0,32.0,17.0
-54.0,31.0,15.0
-54.0,29.0,17.0
-54.0,29.0,17.0
-55.0,30.0,15.0
-55.0,29.0,15.0
-56.0,28.0,14.0
-55.0,30.0,16.0
-53.0,28.0,18.0
-54.0,28.0,20.0
-56.0,29.0,18.0
-56.0,27.0,18.0
-54.0,28.0,17.0
-55.0,29.0,18.0
-58.0,29.0,18.0
-50.0,30.0,21.0
-53.0,31.0,17.0
-53.0,31.0,18.0
-54.0,32.0,17.0
-57.0,31.0,15.0
-51.0,30.0,20.0
-53.0,30.0,19.0
-55.0,30.0,16.0
-55.0,33.0,14.0
-54.0,30.0,18.0
-53.0,32.0,19.0
-55.0,30.0,18.0
-55.0,31.0,17.0
-55.0,30.0,16.0
-56.0,28.0,18.0
-52.0,31.0,16.0
-54.0,29.0,17.0
-54.0,30.0,15.0
-55.0,30.0,16.0
-54.0,30.0,19.0
-58.0,29.0,15.0
-53.0,31.0,17.0
-52.0,30.0,20.0
-54.0,29.0,15.0
-55.0,30.0,17.0
-56.0,31.0,17.0
-57.0,31.0,15.0
-53.0,30.0,17.0
-54.0,34.0,17.0
-53.0,31.0,16.0
-52.0,30.0,17.0
-53.0,32.0,18.0
-54.0,30.0,18.0
-53.0,31.0,17.0
-58.0,32.0,13.0
-52.0,32.0,16.0
-55.0,31.0,17.0
-56.0,30.0,15.0
-53.0,31.0,20.0
-55.0,30.0,16.0
-53.0,31.0,16.0
-53.0,31.0,16.0
-56.0,33.0,14.0
-55.0,32.0,14.0
-56.0,31.0,15.0
-52.0,30.0,14.0
-52.0,31.0,17.0
-56.0,30.0,16.0
-54.0,29.0,16.0
-54.0,29.0,18.0
-55.0,30.0,15.0
-54.0,28.0,16.0
-56.0,30.0,17.0
-55.0,29.0,17.0
-54.0,32.0,16.0
-54.0,32.0,15.0
-55.0,32.0,15.0
-54.0,33.0,15.0
-53.0,30.0,19.0
-54.0,31.0,17.0
-52.0,30.0,19.0
-55.0,31.0,17.0
-56.0,31.0,13.0
-53.0,31.0,18.0
-52.0,31.0,19.0
-53.0,28.0,19.0
-55.0,30.0,19.0
-57.0,30.0,14.0
-54.0,29.0,16.0
-56.0,32.0,14.0
-56.0,32.0,12.0
-57.0,29.0,12.0
-57.0,29.0,12.0
-55.0,30.0,17.0
-57.0,30.0,14.0
-53.0,28.0,17.0
-55.0,29.0,17.0
-55.0,29.0,14.0
-58.0,28.0,14.0
-56.0,27.0,18.0
-55.0,30.0,16.0
-55.0,30.0,16.0
-56.0,31.0,16.0
-55.0,32.0,14.0
-53.0,31.0,16.0
-55.0,31.0,17.0
-54.0,32.0,17.0
-52.0,29.0,20.0
-57.0,30.0,16.0
-56.0,29.0,17.0
-53.0,30.0,20.0
-52.0,31.0,17.0
-51.0,31.0,18.0
-57.0,32.0,16.0
-56.0,30.0,18.0
-54.0,29.0,18.0
-53.0,30.0,16.0
-54.0,30.0,17.0
-54.0,29.0,17.0
-56.0,31.0,15.0
-60.0,27.0,15.0
-53.0,30.0,17.0
-54.0,28.0,19.0
-54.0,27.0,17.0
-54.0,30.0,17.0
-54.0,28.0,16.0
-53.0,30.0,17.0
-54.0,29.0,18.0
-60.0,30.0,15.0
-52.0,33.0,17.0
-55.0,30.0,17.0
-58.0,30.0,14.0
-51.0,30.0,21.0
-56.0,30.0,18.0
-55.0,29.0,17.0
-52.0,30.0,20.0
-54.0,30.0,15.0
-55.0,29.0,18.0
-54.0,31.0,17.0
-54.0,31.0,16.0
-54.0,31.0,19.0
-56.0,30.0,18.0
-53.0,29.0,19.0
-54.0,28.0,19.0
-54.0,30.0,17.0
-55.0,28.0,17.0
-54.0,28.0,17.0
-52.0,28.0,18.0
-60.0,29.0,15.0
-58.0,28.0,17.0
-52.0,29.0,19.0
-52.0,29.0,19.0
-58.0,28.0,15.0
-56.0,27.0,16.0
-54.0,28.0,18.0
-55.0,28.0,19.0
-52.0,31.0,21.0
-57.0,28.0,13.0
-58.0,29.0,14.0
-52.0,30.0,18.0
-55.0,29.0,18.0
-56.0,30.0,16.0
-53.0,28.0,20.0
-54.0,31.0,17.0
-56.0,29.0,14.0
-54.0,30.0,18.0
-55.0,33.0,17.0
-55.0,29.0,15.0
-52.0,30.0,19.0
-55.0,28.0,15.0
-56.0,27.0,17.0
-54.0,29.0,18.0
-57.0,29.0,15.0
-55.0,28.0,15.0
-55.0,28.0,16.0
-52.0,29.0,16.0
-56.0,29.0,15.0
-54.0,28.0,16.0
-56.0,29.0,16.0
-57.0,27.0,17.0
-54.0,28.0,18.0
-56.0,28.0,17.0
-55.0,27.0,18.0
-55.0,30.0,17.0
-56.0,28.0,17.0
-56.0,30.0,16.0
-52.0,30.0,18.0
-56.0,29.0,16.0
-54.0,31.0,17.0
-52.0,29.0,18.0
-54.0,31.0,18.0
-53.0,31.0,17.0
-57.0,29.0,16.0
-56.0,32.0,16.0
-52.0,28.0,19.0
-53.0,29.0,20.0
-56.0,31.0,17.0
-55.0,30.0,16.0
-54.0,31.0,16.0
-56.0,32.0,15.0
-54.0,28.0,15.0
-53.0,28.0,19.0
-56.0,30.0,14.0
-59.0,28.0,14.0
-57.0,30.0,16.0
-55.0,27.0,17.0
-55.0,27.0,19.0
-56.0,29.0,16.0
-54.0,27.0,18.0
-56.0,29.0,17.0
-56.0,29.0,15.0
-54.0,29.0,19.0
-56.0,32.0,17.0
-53.0,30.0,16.0
-55.0,31.0,17.0
-53.0,31.0,16.0
-54.0,29.0,17.0
-56.0,30.0,17.0
-53.0,29.0,18.0
-54.0,29.0,19.0
-53.0,30.0,17.0
-56.0,30.0,16.0
-52.0,31.0,18.0
-54.0,30.0,18.0
-55.0,29.0,18.0
-54.0,32.0,17.0
-54.0,30.0,18.0
-57.0,28.0,16.0
-54.0,30.0,16.0
-55.0,27.0,17.0
-56.0,27.0,17.0
-52.0,30.0,18.0
-57.0,28.0,16.0
-56.0,31.0,17.0
-53.0,28.0,17.0
-52.0,30.0,18.0
-57.0,25.0,16.0
-55.0,25.0,21.0
-57.0,30.0,17.0
-53.0,28.0,19.0
-58.0,31.0,16.0
-53.0,32.0,15.0
-55.0,31.0,16.0
-54.0,31.0,17.0
-55.0,29.0,18.0
-54.0,30.0,20.0
-53.0,30.0,18.0
-55.0,30.0,17.0
-53.0,31.0,17.0
-53.0,31.0,18.0
-52.0,30.0,18.0
-54.0,28.0,17.0
-55.0,32.0,20.0
-58.0,30.0,17.0
-53.0,28.0,17.0
-52.0,28.0,19.0
-56.0,29.0,15.0
-55.0,29.0,16.0
-55.0,29.0,15.0
-62.0,30.0,13.0
-53.0,28.0,19.0
-56.0,30.0,17.0
-52.0,30.0,17.0
-53.0,29.0,17.0
-58.0,27.0,14.0
-54.0,25.0,19.0
-58.0,30.0,17.0
-54.0,31.0,17.0
-51.0,30.0,20.0
-57.0,33.0,14.0
-55.0,31.0,16.0
-52.0,30.0,18.0
-55.0,32.0,18.0
-55.0,29.0,18.0
-55.0,31.0,16.0
-53.0,29.0,18.0
-55.0,30.0,18.0
-56.0,29.0,16.0
-54.0,29.0,18.0
-55.0,30.0,17.0
-55.0,27.0,15.0
-51.0,29.0,20.0
-59.0,31.0,12.0
-56.0,28.0,18.0
-54.0,29.0,17.0
-53.0,28.0,15.0
-55.0,30.0,16.0
-53.0,29.0,16.0
-58.0,28.0,14.0
-52.0,29.0,19.0
-55.0,29.0,16.0
-54.0,27.0,18.0
-57.0,27.0,18.0
-57.0,30.0,14.0
-54.0,27.0,17.0
-56.0,30.0,16.0
-54.0,30.0,15.0
-55.0,29.0,17.0
-53.0,29.0,18.0
-55.0,29.0,18.0
-55.0,29.0,18.0
-56.0,30.0,15.0
-54.0,30.0,17.0
-54.0,31.0,18.0
-53.0,28.0,18.0
-56.0,31.0,16.0
-55.0,29.0,16.0
-58.0,28.0,15.0
-56.0,30.0,15.0
-52.0,30.0,17.0
-56.0,28.0,15.0
-57.0,28.0,14.0
-58.0,29.0,14.0
-58.0,29.0,16.0
-54.0,29.0,18.0
-53.0,28.0,17.0
-55.0,28.0,15.0
-56.0,30.0,14.0
-54.0,26.0,18.0
-59.0,28.0,16.0
-56.0,30.0,16.0
-54.0,30.0,17.0
-56.0,31.0,13.0
-54.0,30.0,15.0
-54.0,30.0,16.0
-57.0,29.0,14.0
-53.0,29.0,19.0
-54.0,28.0,15.0
-58.0,29.0,15.0
-54.0,30.0,17.0
-55.0,29.0,17.0
-56.0,30.0,17.0
-55.0,32.0,18.0
-53.0,28.0,19.0
-51.0,29.0,20.0
-54.0,29.0,16.0
-55.0,28.0,19.0
-57.0,31.0,13.0
-54.0,28.0,16.0
-57.0,30.0,15.0
-55.0,30.0,13.0
-53.0,28.0,19.0
-53.0,28.0,20.0
-56.0,29.0,15.0
-56.0,28.0,17.0
-54.0,30.0,16.0
-55.0,30.0,18.0
-56.0,31.0,15.0
-53.0,31.0,16.0
-51.0,31.0,19.0
-56.0,31.0,16.0
-55.0,30.0,18.0
-53.0,29.0,20.0
-54.0,30.0,16.0
-53.0,29.0,19.0
-54.0,31.0,16.0
-54.0,30.0,17.0
-51.0,28.0,23.0
-55.0,32.0,17.0
-58.0,30.0,16.0
-54.0,30.0,18.0
-54.0,31.0,17.0
-56.0,29.0,15.0
-55.0,29.0,16.0
-53.0,30.0,18.0
-59.0,29.0,14.0
-55.0,32.0,18.0
-55.0,30.0,16.0
-54.0,28.0,20.0
-53.0,29.0,19.0
-57.0,27.0,15.0
-57.0,27.0,17.0
-57.0,29.0,17.0
-57.0,28.0,17.0
-53.0,32.0,19.0
-52.0,32.0,17.0
-56.0,30.0,15.0
-53.0,31.0,16.0
-53.0,30.0,20.0
-54.0,29.0,19.0
-54.0,30.0,17.0
-55.0,30.0,18.0
-53.0,30.0,18.0
-53.0,29.0,18.0
-52.0,31.0,19.0
-54.0,30.0,19.0
-52.0,30.0,19.0
-55.0,31.0,17.0
-56.0,29.0,15.0
-54.0,32.0,14.0
-53.0,30.0,18.0
-56.0,29.0,17.0
-56.0,30.0,15.0
-54.0,29.0,18.0
-55.0,29.0,18.0
-55.0,26.0,17.0
-54.0,26.0,20.0
-56.0,30.0,19.0
-53.0,30.0,18.0
-57.0,32.0,14.0
-57.0,31.0,14.0
-53.0,31.0,16.0
-52.0,32.0,16.0
-56.0,32.0,16.0
-51.0,31.0,19.0
-56.0,29.0,15.0
-56.0,29.0,15.0
-54.0,30.0,17.0
-54.0,29.0,19.0
-52.0,32.0,17.0
-52.0,32.0,19.0
-53.0,31.0,15.0
-49.0,30.0,21.0
-59.0,31.0,12.0
-53.0,29.0,17.0
-53.0,30.0,18.0
-57.0,30.0,18.0
-55.0,31.0,15.0
-53.0,31.0,16.0
-55.0,31.0,16.0
-55.0,30.0,17.0
-52.0,29.0,21.0
-56.0,29.0,15.0
-58.0,27.0,15.0
-54.0,31.0,18.0
-54.0,31.0,16.0
-52.0,32.0,18.0
-54.0,32.0,16.0
-54.0,32.0,17.0
-53.0,31.0,19.0
-55.0,31.0,17.0
-53.0,31.0,18.0
-56.0,30.0,16.0
-53.0,30.0,16.0
-53.0,30.0,19.0
-55.0,30.0,17.0
-54.0,32.0,19.0
-54.0,30.0,19.0
-56.0,30.0,16.0
-54.0,30.0,17.0
-53.0,30.0,15.0
-57.0,30.0,16.0
-55.0,30.0,15.0
-60.0,30.0,11.0
-60.0,31.0,17.0
-53.0,30.0,15.0
-57.0,29.0,17.0
-54.0,29.0,18.0
-56.0,29.0,16.0
-54.0,28.0,19.0
-59.0,31.0,14.0
-54.0,30.0,17.0
-56.0,31.0,15.0
-53.0,32.0,18.0
-54.0,31.0,16.0
-55.0,32.0,17.0
-53.0,32.0,19.0
-54.0,31.0,18.0
-52.0,30.0,18.0
-54.0,31.0,17.0
-53.0,32.0,18.0
-55.0,30.0,18.0
-53.0,30.0,19.0
-53.0,32.0,17.0
-55.0,30.0,18.0
-54.0,31.0,17.0
-55.0,32.0,14.0
-53.0,30.0,19.0
-54.0,30.0,18.0
-54.0,30.0,15.0
-55.0,29.0,17.0
-54.0,29.0,17.0
-53.0,29.0,19.0
-53.0,29.0,19.0
-55.0,29.0,16.0
-56.0,29.0,17.0
-56.0,30.0,18.0
-54.0,32.0,16.0
-53.0,33.0,16.0
-54.0,32.0,16.0
-54.0,30.0,16.0
-53.0,30.0,19.0
-53.0,31.0,19.0
-54.0,29.0,19.0
-54.0,31.0,17.0
-55.0,31.0,16.0
-51.0,31.0,18.0
-52.0,31.0,20.0
-56.0,31.0,16.0
-55.0,30.0,18.0
-55.0,29.0,17.0
-56.0,30.0,15.0
-54.0,30.0,16.0
-55.0,29.0,16.0
-55.0,28.0,16.0
-59.0,29.0,16.0
-57.0,28.0,16.0
-57.0,29.0,15.0
-56.0,27.0,17.0
-54.0,29.0,18.0
-53.0,27.0,15.0
-58.0,29.0,17.0
-58.0,30.0,13.0
-60.0,31.0,12.0
-51.0,34.0,18.0
-57.0,30.0,14.0
-55.0,29.0,19.0
-55.0,31.0,17.0
-54.0,29.0,18.0
-53.0,30.0,18.0
-54.0,29.0,17.0
-55.0,30.0,17.0
-56.0,30.0,16.0
-52.0,30.0,19.0
-54.0,31.0,19.0
-55.0,30.0,17.0
-50.0,30.0,23.0
-56.0,30.0,12.0
-57.0,28.0,13.0
-56.0,31.0,15.0
-56.0,30.0,14.0
-54.0,30.0,16.0
-56.0,30.0,15.0
-54.0,29.0,17.0
-53.0,28.0,18.0
-58.0,28.0,15.0
-54.0,27.0,18.0
-59.0,30.0,16.0
-55.0,31.0,17.0
-52.0,31.0,17.0
-56.0,31.0,14.0
-55.0,30.0,17.0
-54.0,31.0,18.0
-54.0,31.0,18.0
-52.0,31.0,18.0
-53.0,30.0,18.0
-51.0,30.0,19.0
-57.0,31.0,15.0
-55.0,30.0,16.0
-53.0,30.0,20.0
-52.0,31.0,19.0
-52.0,29.0,19.0
-56.0,30.0,15.0
-58.0,31.0,14.0
-53.0,29.0,18.0
-52.0,31.0,18.0
-58.0,29.0,13.0
-52.0,30.0,15.0
-55.0,30.0,16.0
-56.0,30.0,15.0
-53.0,28.0,18.0
-55.0,28.0,18.0
-57.0,27.0,16.0
-54.0,27.0,18.0
-55.0,30.0,16.0
-56.0,28.0,18.0
-54.0,32.0,18.0
-54.0,31.0,17.0
-53.0,33.0,15.0
-55.0,31.0,15.0
-53.0,31.0,19.0
-55.0,30.0,17.0
-55.0,30.0,18.0
-53.0,31.0,19.0
-55.0,29.0,16.0
-55.0,29.0,17.0
-54.0,31.0,17.0
-54.0,28.0,17.0
-54.0,32.0,16.0
-55.0,31.0,16.0
-55.0,30.0,17.0
-52.0,31.0,16.0
-53.0,28.0,17.0
-55.0,32.0,15.0
-56.0,30.0,15.0
-58.0,30.0,12.0
-50.0,30.0,16.0
-57.0,28.0,17.0
-63.0,29.0,13.0
-55.0,29.0,16.0
-54.0,32.0,18.0
-52.0,26.0,15.0
-56.0,30.0,15.0
-56.0,27.0,17.0
-57.0,31.0,15.0
-55.0,30.0,14.0
-57.0,28.0,14.0
-53.0,33.0,16.0
-55.0,29.0,16.0
-55.0,32.0,14.0
-54.0,31.0,17.0
-57.0,31.0,15.0
-55.0,32.0,15.0
-51.0,30.0,20.0
-53.0,31.0,18.0
-56.0,29.0,16.0
-55.0,29.0,19.0
-55.0,32.0,16.0
-56.0,31.0,15.0
-53.0,32.0,18.0
-52.0,33.0,16.0
-58.0,30.0,18.0
-54.0,30.0,17.0
-53.0,29.0,18.0
-57.0,28.0,18.0
-54.0,31.0,16.0
-53.0,28.0,21.0
-55.0,30.0,18.0
-56.0,29.0,15.0
-52.0,29.0,20.0
-57.0,31.0,14.0
-56.0,29.0,15.0
-52.0,31.0,19.0
-53.0,31.0,18.0
-55.0,31.0,18.0
-53.0,31.0,19.0
-55.0,30.0,17.0
-55.0,29.0,18.0
-54.0,33.0,19.0
-56.0,31.0,17.0
-54.0,30.0,19.0
-53.0,33.0,20.0
-55.0,28.0,19.0
-54.0,32.0,18.0
-53.0,29.0,18.0
-55.0,32.0,18.0
-52.0,32.0,18.0
-53.0,30.0,20.0
-55.0,32.0,16.0
-53.0,30.0,17.0
-55.0,29.0,19.0
-53.0,31.0,18.0
-55.0,27.0,18.0
-55.0,28.0,16.0
-55.0,30.0,15.0
-54.0,31.0,19.0
-54.0,31.0,16.0
-57.0,29.0,17.0
-53.0,30.0,17.0
-55.0,31.0,15.0
-58.0,29.0,16.0
-54.0,30.0,17.0
-53.0,32.0,18.0
-56.0,29.0,16.0
-54.0,30.0,16.0
-56.0,32.0,16.0
-56.0,31.0,15.0
-52.0,30.0,20.0
-54.0,30.0,18.0
-53.0,30.0,19.0
-54.0,31.0,20.0
-54.0,31.0,16.0
-54.0,31.0,16.0
-55.0,31.0,16.0
-54.0,30.0,16.0
-53.0,30.0,22.0
-56.0,31.0,16.0
-51.0,29.0,20.0
-56.0,30.0,18.0
-55.0,29.0,17.0
-51.0,30.0,20.0
-52.0,30.0,16.0
-58.0,28.0,15.0
-55.0,31.0,17.0
-57.0,29.0,17.0
-52.0,29.0,19.0
-54.0,30.0,17.0
-58.0,29.0,17.0
-53.0,31.0,17.0
-54.0,29.0,18.0
-56.0,31.0,16.0
-52.0,30.0,18.0
-55.0,31.0,19.0
-54.0,32.0,16.0
-54.0,29.0,19.0
-55.0,32.0,18.0
-51.0,29.0,20.0
-53.0,29.0,21.0
-53.0,33.0,16.0
-53.0,31.0,18.0
-55.0,32.0,18.0
-56.0,31.0,15.0
-49.0,30.0,25.0
-52.0,30.0,21.0
-53.0,31.0,19.0
-52.0,30.0,21.0
-55.0,32.0,17.0
-57.0,30.0,17.0
-54.0,31.0,17.0
-54.0,31.0,16.0
-54.0,30.0,19.0
-52.0,31.0,18.0
-55.0,30.0,17.0
-53.0,30.0,20.0
-54.0,32.0,16.0
-54.0,30.0,19.0
-53.0,33.0,18.0
-54.0,28.0,19.0
-57.0,32.0,17.0
-52.0,31.0,21.0
-52.0,31.0,19.0
-51.0,31.0,20.0
-53.0,31.0,19.0
-54.0,32.0,20.0
-51.0,33.0,20.0
-57.0,30.0,17.0
-54.0,32.0,16.0
-55.0,31.0,19.0
-55.0,32.0,19.0
-50.0,31.0,22.0
-51.0,29.0,21.0
-54.0,29.0,21.0
-56.0,31.0,18.0
-55.0,29.0,19.0
-53.0,29.0,18.0
-56.0,31.0,17.0
-50.0,28.0,20.0
-54.0,31.0,18.0
-56.0,30.0,18.0
-53.0,31.0,19.0
-54.0,31.0,18.0
-53.0,28.0,20.0
-53.0,34.0,19.0
-57.0,28.0,18.0
-53.0,30.0,19.0
-53.0,30.0,20.0
-54.0,31.0,18.0
-52.0,31.0,20.0
-54.0,30.0,19.0
-55.0,31.0,17.0
-52.0,30.0,21.0
-53.0,31.0,19.0
-54.0,30.0,18.0
-53.0,31.0,19.0
-54.0,32.0,20.0
-54.0,30.0,20.0
-53.0,32.0,19.0
-55.0,30.0,18.0
-55.0,31.0,19.0
-51.0,31.0,19.0
-53.0,28.0,20.0
-55.0,31.0,18.0
-55.0,29.0,19.0
-55.0,27.0,18.0
-54.0,30.0,17.0
-54.0,28.0,18.0
-53.0,31.0,21.0
-55.0,30.0,18.0
-55.0,29.0,18.0
-52.0,29.0,19.0
-56.0,30.0,18.0
-56.0,30.0,17.0
-53.0,32.0,20.0
-55.0,31.0,18.0
-52.0,29.0,19.0
-54.0,33.0,18.0
-54.0,30.0,17.0
-53.0,32.0,19.0
-55.0,31.0,19.0
-54.0,29.0,20.0
-53.0,32.0,19.0
-55.0,30.0,16.0
-54.0,31.0,19.0
-55.0,33.0,16.0
-53.0,33.0,19.0
-54.0,29.0,19.0
-55.0,29.0,17.0
-53.0,29.0,22.0
-55.0,30.0,19.0
-54.0,28.0,19.0
-55.0,28.0,18.0
-55.0,32.0,16.0
-53.0,30.0,18.0
-55.0,29.0,19.0
-55.0,31.0,17.0
-51.0,29.0,21.0
-54.0,30.0,19.0
-56.0,28.0,18.0
-53.0,28.0,21.0
-55.0,32.0,17.0
-53.0,30.0,19.0
-53.0,31.0,19.0
-54.0,33.0,17.0
-54.0,29.0,20.0
-53.0,30.0,18.0
-51.0,31.0,23.0
-52.0,30.0,19.0
-55.0,33.0,17.0
-56.0,31.0,18.0
-56.0,32.0,16.0
-52.0,31.0,19.0
-53.0,31.0,18.0
-54.0,29.0,20.0
-56.0,30.0,17.0
-52.0,32.0,20.0
-52.0,29.0,19.0
-55.0,29.0,15.0
-55.0,30.0,17.0
-54.0,30.0,15.0
-54.0,29.0,16.0
-54.0,32.0,20.0
-55.0,32.0,18.0
-53.0,29.0,19.0
-53.0,33.0,20.0
-55.0,28.0,20.0
-53.0,29.0,21.0
-53.0,31.0,19.0
-51.0,31.0,20.0
-55.0,33.0,18.0
-53.0,32.0,18.0
-53.0,30.0,20.0
-51.0,34.0,20.0
-55.0,30.0,19.0
-52.0,31.0,20.0
-55.0,31.0,17.0
-52.0,29.0,19.0
-53.0,33.0,20.0
-54.0,29.0,17.0
-54.0,32.0,21.0
-54.0,30.0,18.0
-52.0,30.0,18.0
-55.0,31.0,15.0
-54.0,31.0,16.0
-55.0,28.0,18.0
-56.0,30.0,16.0
-55.0,29.0,18.0
-53.0,28.0,22.0
-54.0,29.0,17.0
-51.0,29.0,21.0
-54.0,29.0,18.0
-55.0,30.0,16.0
-53.0,29.0,21.0
-54.0,31.0,20.0
-55.0,30.0,18.0
-53.0,31.0,18.0
-54.0,33.0,18.0
-52.0,33.0,19.0
-55.0,30.0,18.0
-53.0,32.0,19.0
-53.0,30.0,21.0
-55.0,32.0,18.0
-52.0,30.0,19.0
-55.0,31.0,18.0
-53.0,33.0,19.0
-53.0,30.0,19.0
-54.0,29.0,18.0
-51.0,28.0,21.0
-56.0,30.0,18.0
-55.0,29.0,18.0
-54.0,28.0,17.0
-56.0,32.0,17.0
-53.0,30.0,17.0
-57.0,31.0,16.0
-56.0,29.0,16.0
-53.0,30.0,19.0
-54.0,29.0,19.0
-54.0,29.0,18.0
-54.0,30.0,17.0
-56.0,29.0,18.0
-54.0,31.0,18.0
-54.0,29.0,20.0
-53.0,32.0,20.0
-54.0,30.0,18.0
-55.0,30.0,19.0
-54.0,32.0,19.0
-54.0,31.0,19.0
-50.0,31.0,20.0
-53.0,32.0,18.0
-52.0,33.0,17.0
-55.0,32.0,15.0
-53.0,32.0,19.0
-52.0,30.0,19.0
-56.0,29.0,21.0
-53.0,30.0,21.0
-54.0,27.0,16.0
-56.0,29.0,17.0
-54.0,31.0,16.0
-54.0,29.0,18.0
-55.0,31.0,15.0
-51.0,30.0,17.0
-59.0,30.0,16.0
-55.0,30.0,16.0
-53.0,29.0,19.0
-52.0,29.0,19.0
-54.0,29.0,17.0
-56.0,28.0,18.0
-55.0,31.0,18.0
-56.0,29.0,17.0
-54.0,30.0,19.0
-54.0,33.0,16.0
-54.0,30.0,17.0
-55.0,29.0,17.0
-54.0,29.0,19.0
-53.0,29.0,20.0
-56.0,33.0,19.0
-50.0,29.0,19.0
-52.0,32.0,18.0
-55.0,31.0,17.0
-55.0,30.0,16.0
-50.0,31.0,21.0
-55.0,31.0,19.0
-55.0,29.0,18.0
-55.0,31.0,19.0
-53.0,29.0,18.0
-55.0,29.0,16.0
-56.0,29.0,17.0
-56.0,30.0,14.0
-49.0,28.0,20.0
-55.0,30.0,18.0
-54.0,28.0,15.0
-53.0,30.0,21.0
-57.0,28.0,16.0
-55.0,29.0,18.0
-53.0,30.0,20.0
-56.0,30.0,16.0
-54.0,28.0,18.0
-54.0,32.0,17.0
-55.0,31.0,17.0
-55.0,31.0,18.0
-53.0,31.0,18.0
-53.0,29.0,17.0
-54.0,31.0,17.0
-53.0,29.0,17.0
-56.0,29.0,15.0
-56.0,31.0,16.0
-51.0,31.0,20.0
-53.0,30.0,18.0
-58.0,30.0,15.0
-53.0,29.0,19.0
-56.0,30.0,15.0
-57.0,28.0,15.0
-55.0,28.0,18.0
-57.0,28.0,16.0
-56.0,28.0,16.0
-56.0,29.0,15.0
-55.0,29.0,15.0
-56.0,29.0,18.0
-55.0,27.0,17.0
-53.0,29.0,20.0
-55.0,29.0,19.0
-55.0,29.0,17.0
-55.0,30.0,17.0
-54.0,30.0,17.0
-53.0,31.0,19.0
-54.0,31.0,17.0
-53.0,32.0,18.0
-55.0,32.0,16.0
-53.0,30.0,18.0
-50.0,31.0,22.0
-54.0,31.0,17.0
-53.0,31.0,16.0
-52.0,32.0,19.0
-55.0,31.0,15.0
-53.0,31.0,19.0
-53.0,30.0,18.0
-54.0,30.0,16.0
-56.0,28.0,17.0
-58.0,30.0,13.0
-54.0,29.0,17.0
-58.0,28.0,15.0
-57.0,29.0,13.0
-56.0,28.0,14.0
-54.0,28.0,15.0
-55.0,29.0,16.0
-55.0,29.0,17.0
-57.0,28.0,14.0
-56.0,28.0,15.0
-57.0,29.0,14.0
-56.0,30.0,14.0
-56.0,29.0,16.0
-55.0,29.0,16.0
-58.0,28.0,15.0
-55.0,29.0,15.0
-55.0,29.0,16.0
-56.0,28.0,16.0
-54.0,27.0,16.0
-55.0,30.0,16.0
-57.0,28.0,13.0
-54.0,33.0,16.0
-54.0,35.0,16.0
-54.0,29.0,16.0
-53.0,29.0,17.0
-51.0,27.0,20.0
-56.0,27.0,17.0
-56.0,30.0,14.0
-55.0,30.0,14.0
-56.0,29.0,13.0
-55.0,28.0,14.0
-61.0,29.0,12.0
-55.0,28.0,15.0
-55.0,29.0,16.0
-55.0,29.0,15.0
-56.0,28.0,15.0
-52.0,28.0,17.0
-58.0,30.0,13.0
-55.0,30.0,16.0
-56.0,30.0,14.0
-55.0,31.0,14.0
-53.0,31.0,16.0
-55.0,31.0,14.0
-53.0,29.0,18.0
-56.0,30.0,17.0
-54.0,30.0,18.0
-57.0,32.0,13.0
-54.0,29.0,15.0
-55.0,32.0,15.0
-56.0,30.0,16.0
-55.0,31.0,17.0
-54.0,31.0,18.0
-50.0,28.0,22.0
-54.0,29.0,18.0
-54.0,31.0,16.0
-55.0,29.0,17.0
-57.0,29.0,15.0
-54.0,29.0,17.0
-61.0,28.0,15.0
-55.0,28.0,15.0
-56.0,29.0,17.0
-57.0,28.0,17.0
-56.0,28.0,18.0
-55.0,28.0,19.0
-56.0,29.0,16.0
-53.0,29.0,20.0
-53.0,30.0,19.0
-54.0,30.0,17.0
-53.0,30.0,19.0
-53.0,32.0,19.0
-55.0,29.0,17.0
-55.0,29.0,19.0
-52.0,31.0,19.0
-52.0,28.0,21.0
-54.0,32.0,18.0
-56.0,29.0,18.0
-54.0,32.0,20.0
-50.0,30.0,21.0
-51.0,29.0,21.0
-53.0,30.0,17.0
-53.0,31.0,18.0
-56.0,31.0,17.0
-56.0,31.0,17.0
-54.0,30.0,19.0
-55.0,29.0,16.0
-53.0,30.0,15.0
-55.0,29.0,18.0
-54.0,31.0,18.0
-53.0,29.0,19.0
-53.0,29.0,21.0
-50.0,31.0,20.0
-58.0,29.0,17.0
-56.0,29.0,16.0
-54.0,32.0,19.0
-56.0,31.0,19.0
-52.0,30.0,18.0
-52.0,30.0,20.0
-54.0,31.0,17.0
-56.0,30.0,16.0
-53.0,31.0,20.0
-53.0,31.0,19.0
-52.0,29.0,21.0
-54.0,32.0,18.0
-54.0,30.0,18.0
-54.0,33.0,20.0
-53.0,29.0,17.0
-51.0,30.0,23.0
-57.0,31.0,15.0
-54.0,28.0,17.0
-54.0,29.0,19.0
-55.0,29.0,17.0
-54.0,25.0,18.0
-55.0,31.0,15.0
-57.0,29.0,16.0
-56.0,29.0,18.0
-56.0,31.0,17.0
-56.0,27.0,16.0
-54.0,29.0,19.0
-55.0,28.0,18.0
-58.0,27.0,17.0
-54.0,28.0,17.0
-58.0,28.0,18.0
-55.0,30.0,17.0
-53.0,29.0,18.0
-54.0,32.0,17.0
-52.0,31.0,19.0
-53.0,30.0,19.0
-52.0,32.0,20.0
-55.0,29.0,18.0
-54.0,30.0,19.0
-53.0,29.0,20.0
-54.0,28.0,18.0
-54.0,31.0,18.0
-54.0,28.0,17.0
-57.0,30.0,16.0
-53.0,30.0,17.0
-56.0,28.0,18.0
-55.0,28.0,17.0
-57.0,28.0,15.0
-55.0,29.0,18.0
-56.0,29.0,16.0
-55.0,28.0,19.0
-52.0,28.0,20.0
-56.0,28.0,16.0
-57.0,28.0,16.0
-54.0,31.0,17.0
-56.0,30.0,15.0
-53.0,30.0,19.0
-55.0,31.0,18.0
-54.0,27.0,19.0
-55.0,30.0,19.0
-53.0,29.0,19.0
-54.0,29.0,20.0
-54.0,30.0,18.0
-56.0,31.0,15.0
-53.0,29.0,20.0
-56.0,30.0,17.0
-54.0,29.0,18.0
-54.0,28.0,19.0
-53.0,30.0,18.0
-54.0,27.0,18.0
-55.0,29.0,17.0
-56.0,30.0,15.0
-57.0,28.0,16.0
-54.0,29.0,19.0
-60.0,26.0,15.0
-53.0,29.0,18.0
-54.0,28.0,18.0
-55.0,27.0,17.0
-53.0,28.0,19.0
-57.0,29.0,15.0
-57.0,28.0,15.0
-55.0,30.0,19.0
-54.0,30.0,19.0
-54.0,31.0,17.0
-54.0,32.0,17.0
-54.0,29.0,16.0
-53.0,29.0,19.0
-51.0,30.0,19.0
-55.0,30.0,19.0
-55.0,30.0,15.0
-53.0,32.0,17.0
-53.0,30.0,18.0
-56.0,30.0,16.0
-58.0,31.0,16.0
-53.0,29.0,21.0
-57.0,29.0,15.0
-53.0,29.0,15.0
-58.0,27.0,15.0
-56.0,28.0,16.0
-58.0,27.0,15.0
-60.0,27.0,15.0
-56.0,29.0,15.0
-56.0,27.0,16.0
-51.0,28.0,21.0
-54.0,30.0,17.0
-59.0,27.0,14.0
-57.0,28.0,16.0
-56.0,27.0,17.0
-56.0,30.0,14.0
-54.0,29.0,17.0
-57.0,30.0,13.0
-56.0,27.0,15.0
-56.0,30.0,17.0
-55.0,27.0,18.0
-54.0,30.0,18.0
-55.0,28.0,15.0
-57.0,30.0,15.0
-53.0,29.0,20.0
-56.0,28.0,16.0
-56.0,28.0,16.0
-52.0,29.0,20.0
-61.0,28.0,13.0
-54.0,30.0,15.0
-55.0,29.0,15.0
-60.0,25.0,16.0
-56.0,27.0,17.0
-56.0,26.0,15.0
-56.0,26.0,16.0
-55.0,27.0,15.0
-58.0,26.0,15.0
-55.0,27.0,18.0
-58.0,27.0,15.0
-55.0,26.0,18.0
-58.0,29.0,16.0
-57.0,27.0,16.0
-55.0,30.0,16.0
-55.0,29.0,16.0
-55.0,29.0,16.0
-57.0,28.0,15.0
-55.0,27.0,20.0
-53.0,29.0,20.0
-57.0,27.0,17.0
-55.0,29.0,15.0
-57.0,29.0,17.0
-54.0,30.0,17.0
-53.0,27.0,20.0
-57.0,28.0,18.0
-54.0,29.0,17.0
-58.0,26.0,15.0
-53.0,29.0,18.0
-52.0,29.0,18.0
-59.0,24.0,16.0
-58.0,27.0,16.0
-57.0,27.0,16.0
-58.0,25.0,15.0
-54.0,30.0,17.0
-56.0,28.0,16.0
-57.0,28.0,15.0
-58.0,27.0,15.0
-56.0,26.0,19.0
-55.0,29.0,19.0
-57.0,27.0,16.0
-54.0,29.0,17.0
-52.0,28.0,18.0
-57.0,28.0,17.0
-55.0,30.0,15.0
-54.0,28.0,20.0
-55.0,29.0,16.0
-56.0,29.0,16.0
-55.0,29.0,17.0
-54.0,29.0,18.0
-54.0,28.0,18.0
-53.0,28.0,16.0
-59.0,29.0,17.0
-56.0,27.0,16.0
-54.0,28.0,17.0
-58.0,28.0,14.0
-58.0,26.0,14.0
-55.0,27.0,16.0
-58.0,27.0,16.0
-55.0,25.0,16.0
-58.0,27.0,17.0
-56.0,28.0,15.0
-55.0,25.0,17.0
-54.0,26.0,16.0
-56.0,26.0,16.0
-58.0,27.0,16.0
-58.0,27.0,13.0
-57.0,29.0,15.0
-56.0,27.0,15.0
-55.0,32.0,14.0
-52.0,30.0,14.0
-58.0,28.0,13.0
-56.0,29.0,13.0
-55.0,28.0,17.0
-56.0,28.0,15.0
-54.0,27.0,16.0
-58.0,31.0,14.0
-56.0,29.0,14.0
-53.0,28.0,17.0
-53.0,29.0,19.0
-59.0,25.0,12.0
-55.0,26.0,16.0
-59.0,28.0,13.0
-59.0,25.0,13.0
-55.0,27.0,16.0
-54.0,28.0,16.0
-58.0,27.0,12.0
-55.0,28.0,17.0
-57.0,27.0,15.0
-57.0,26.0,16.0
-55.0,27.0,16.0
-63.0,27.0,14.0
-53.0,28.0,18.0
-54.0,29.0,17.0
-55.0,29.0,15.0
-54.0,29.0,17.0
-52.0,30.0,17.0
-56.0,31.0,16.0
-56.0,29.0,16.0
-55.0,32.0,16.0
-53.0,29.0,18.0
-57.0,31.0,15.0
-52.0,29.0,19.0
-54.0,31.0,19.0
-56.0,30.0,15.0
-54.0,27.0,21.0
-57.0,30.0,14.0
-54.0,30.0,17.0
-59.0,30.0,14.0
-54.0,28.0,18.0
-53.0,30.0,18.0
-57.0,28.0,15.0
-57.0,28.0,14.0
-55.0,30.0,16.0
-53.0,29.0,18.0
-56.0,27.0,17.0
-54.0,29.0,18.0
-55.0,31.0,18.0
-53.0,28.0,19.0
-55.0,32.0,16.0
-53.0,32.0,17.0
-53.0,31.0,20.0
-53.0,32.0,18.0
-54.0,31.0,18.0
-50.0,30.0,22.0
-54.0,32.0,18.0
-52.0,30.0,18.0
-53.0,32.0,17.0
-51.0,30.0,19.0
-53.0,31.0,18.0
-54.0,30.0,18.0
-52.0,30.0,23.0
-52.0,29.0,20.0
-52.0,30.0,18.0
-56.0,29.0,17.0
-55.0,29.0,17.0
-58.0,28.0,17.0
-57.0,29.0,14.0
-55.0,29.0,17.0
-53.0,29.0,18.0
-54.0,29.0,17.0
-53.0,27.0,18.0
-55.0,30.0,18.0
-55.0,28.0,19.0
-55.0,30.0,16.0
-54.0,31.0,17.0
-56.0,29.0,17.0
-54.0,32.0,19.0
-52.0,30.0,18.0
-54.0,28.0,16.0
-53.0,30.0,19.0
-53.0,30.0,20.0
-57.0,29.0,15.0
-55.0,28.0,17.0
-54.0,32.0,18.0
-56.0,30.0,16.0
-52.0,29.0,20.0
-55.0,30.0,16.0
-53.0,28.0,20.0
-56.0,30.0,18.0
-55.0,29.0,15.0
-57.0,26.0,17.0
-55.0,30.0,16.0
-56.0,28.0,14.0
-55.0,28.0,16.0
-55.0,29.0,16.0
-54.0,27.0,19.0
-53.0,28.0,17.0
-57.0,27.0,16.0
-53.0,28.0,21.0
-58.0,30.0,16.0
-56.0,30.0,17.0
-53.0,32.0,18.0
-50.0,30.0,18.0
-57.0,30.0,16.0
-54.0,28.0,19.0
-53.0,29.0,21.0
-55.0,30.0,17.0
-54.0,30.0,17.0
-55.0,29.0,17.0
-55.0,31.0,16.0
-53.0,28.0,20.0
-54.0,29.0,19.0
-50.0,27.0,22.0
-57.0,28.0,18.0
-55.0,30.0,15.0
-54.0,29.0,16.0
-56.0,29.0,16.0
-56.0,29.0,16.0
-57.0,27.0,16.0
-57.0,28.0,15.0
-54.0,28.0,16.0
-55.0,27.0,19.0
-57.0,27.0,17.0
-55.0,26.0,16.0
-59.0,28.0,18.0
-55.0,30.0,19.0
-55.0,28.0,18.0
-54.0,31.0,16.0
-52.0,30.0,17.0
-54.0,29.0,17.0
-55.0,29.0,18.0
-54.0,30.0,18.0
-57.0,30.0,17.0
-55.0,29.0,17.0
-55.0,30.0,16.0
-53.0,28.0,20.0
-54.0,29.0,20.0
-55.0,26.0,17.0
-59.0,27.0,18.0
-54.0,27.0,18.0
-58.0,26.0,15.0
-55.0,29.0,18.0
-55.0,30.0,16.0
-60.0,27.0,15.0
-55.0,28.0,17.0
-57.0,26.0,15.0
-57.0,27.0,16.0
-53.0,26.0,19.0
-56.0,25.0,18.0
-56.0,27.0,13.0
-56.0,26.0,18.0
-58.0,28.0,15.0
-57.0,31.0,13.0
-53.0,32.0,17.0
-55.0,28.0,14.0
-55.0,27.0,17.0
-55.0,27.0,18.0
-61.0,25.0,14.0
-53.0,27.0,20.0
-56.0,27.0,16.0
-60.0,27.0,11.0
-58.0,27.0,13.0
-55.0,29.0,15.0
-55.0,29.0,18.0
-60.0,29.0,15.0
-55.0,27.0,16.0
-52.0,29.0,19.0
-55.0,30.0,15.0
-60.0,26.0,12.0
-58.0,27.0,14.0
-58.0,29.0,14.0
-58.0,25.0,13.0
-55.0,28.0,17.0
-54.0,28.0,19.0
-56.0,26.0,16.0
-55.0,29.0,17.0
-60.0,27.0,13.0
-58.0,28.0,15.0
-52.0,29.0,23.0
-56.0,29.0,18.0
-54.0,30.0,17.0
-52.0,32.0,16.0
-52.0,32.0,18.0
-52.0,31.0,19.0
-54.0,30.0,18.0
-53.0,29.0,21.0
-55.0,31.0,17.0
-53.0,29.0,16.0
-55.0,31.0,16.0
-52.0,30.0,21.0
-54.0,32.0,18.0
-53.0,27.0,21.0
-54.0,30.0,20.0
-54.0,31.0,19.0
-54.0,29.0,15.0
-52.0,30.0,17.0
-57.0,30.0,15.0
-58.0,28.0,16.0
-53.0,29.0,17.0
-54.0,26.0,17.0
-58.0,27.0,17.0
-54.0,27.0,17.0
-56.0,25.0,17.0
-55.0,31.0,16.0
-56.0,27.0,17.0
-58.0,30.0,15.0
-55.0,32.0,16.0
-56.0,30.0,16.0
-54.0,31.0,18.0
-54.0,30.0,16.0
-55.0,30.0,15.0
-52.0,29.0,20.0
-53.0,28.0,20.0
-54.0,29.0,17.0
-53.0,29.0,18.0
-56.0,29.0,16.0
-55.0,29.0,18.0
-52.0,31.0,20.0
-52.0,29.0,21.0
-56.0,29.0,17.0
-54.0,29.0,16.0
-51.0,30.0,19.0
-59.0,27.0,14.0
-56.0,28.0,17.0
-57.0,28.0,15.0
-57.0,27.0,15.0
-54.0,29.0,15.0
-57.0,28.0,13.0
-54.0,29.0,18.0
-55.0,27.0,18.0
-54.0,27.0,18.0
-54.0,26.0,19.0
-58.0,28.0,16.0
-57.0,28.0,16.0
-57.0,29.0,16.0
-55.0,30.0,16.0
-56.0,28.0,16.0
-54.0,30.0,17.0
-56.0,28.0,17.0
-55.0,27.0,17.0
-53.0,29.0,20.0
-57.0,30.0,15.0
-54.0,31.0,18.0
-54.0,29.0,18.0
-56.0,29.0,17.0
-53.0,28.0,20.0
-53.0,27.0,19.0
-57.0,28.0,16.0
-55.0,29.0,14.0
-55.0,29.0,16.0
-55.0,29.0,16.0
-57.0,28.0,15.0
-57.0,29.0,15.0
-56.0,28.0,14.0
-56.0,28.0,15.0
-52.0,27.0,19.0
-56.0,26.0,15.0
-54.0,28.0,18.0
-58.0,25.0,18.0
-55.0,29.0,20.0
-57.0,29.0,16.0
-53.0,30.0,19.0
-55.0,31.0,17.0
-55.0,29.0,18.0
-55.0,31.0,17.0
-54.0,29.0,19.0
-54.0,28.0,19.0
-53.0,31.0,17.0
-57.0,30.0,13.0
-57.0,29.0,18.0
-53.0,30.0,20.0
-54.0,24.0,22.0
-55.0,27.0,21.0
-56.0,26.0,17.0
-56.0,25.0,16.0
-56.0,28.0,17.0
-56.0,27.0,15.0
-57.0,27.0,15.0
-57.0,27.0,15.0
-59.0,26.0,12.0
-58.0,26.0,16.0
-54.0,27.0,16.0
-58.0,25.0,17.0
-54.0,24.0,19.0
-58.0,27.0,14.0
-58.0,29.0,16.0
-58.0,26.0,14.0
-56.0,28.0,14.0
-60.0,30.0,13.0
-54.0,28.0,13.0
-56.0,29.0,18.0
-53.0,27.0,17.0
-54.0,28.0,19.0
-55.0,28.0,16.0
-57.0,27.0,14.0
-60.0,27.0,14.0
-53.0,28.0,19.0
-55.0,27.0,20.0
-55.0,27.0,15.0
-55.0,27.0,19.0
-60.0,28.0,13.0
-56.0,29.0,13.0
-55.0,28.0,17.0
-59.0,25.0,15.0
-55.0,27.0,17.0
-55.0,28.0,17.0
-59.0,24.0,15.0
-53.0,28.0,18.0
-56.0,24.0,18.0
-56.0,26.0,17.0
-55.0,27.0,17.0
-58.0,26.0,16.0
-56.0,28.0,16.0
-56.0,30.0,17.0
-55.0,28.0,16.0
-55.0,30.0,18.0
-53.0,28.0,17.0
-58.0,28.0,15.0
-53.0,28.0,19.0
-57.0,28.0,16.0
-57.0,27.0,13.0
-55.0,27.0,18.0
-54.0,29.0,19.0
-55.0,27.0,19.0
-55.0,27.0,19.0
-55.0,28.0,17.0
-57.0,26.0,16.0
-57.0,29.0,13.0
-56.0,29.0,16.0
-60.0,26.0,13.0
-55.0,29.0,15.0
-59.0,24.0,15.0
-60.0,26.0,13.0
-54.0,27.0,17.0
-58.0,26.0,17.0
-56.0,29.0,15.0
-56.0,27.0,16.0
-56.0,27.0,17.0
-56.0,28.0,17.0
-56.0,29.0,17.0
-56.0,30.0,15.0
-56.0,28.0,17.0
-52.0,30.0,17.0
-56.0,29.0,17.0
-51.0,31.0,20.0
-54.0,29.0,17.0
-55.0,29.0,19.0
-54.0,29.0,18.0
-56.0,29.0,18.0
-53.0,30.0,19.0
-54.0,30.0,19.0
-52.0,28.0,22.0
-55.0,29.0,15.0
-54.0,29.0,18.0
-57.0,30.0,15.0
-56.0,29.0,16.0
-55.0,28.0,16.0
-55.0,28.0,17.0
-55.0,29.0,17.0
-60.0,28.0,15.0
-55.0,28.0,16.0
-54.0,27.0,17.0
-56.0,28.0,16.0
-56.0,28.0,17.0
-56.0,26.0,18.0
-56.0,28.0,15.0
-53.0,29.0,19.0
-58.0,28.0,15.0
-55.0,31.0,17.0
-52.0,31.0,19.0
-57.0,30.0,15.0
-55.0,29.0,18.0
-54.0,29.0,18.0
-54.0,28.0,16.0
-55.0,29.0,17.0
-57.0,29.0,15.0
-56.0,29.0,15.0
-53.0,29.0,18.0
-58.0,30.0,16.0
-56.0,28.0,14.0
-52.0,28.0,18.0
-56.0,29.0,15.0
-55.0,27.0,17.0
-56.0,29.0,16.0
-56.0,26.0,17.0
-58.0,29.0,13.0
-58.0,28.0,13.0
-57.0,30.0,17.0
-56.0,29.0,15.0
-57.0,25.0,17.0
-56.0,28.0,16.0
-56.0,23.0,18.0
-58.0,25.0,17.0
-54.0,28.0,18.0
-59.0,28.0,16.0
-55.0,30.0,16.0
-52.0,30.0,18.0
-61.0,30.0,11.0
-51.0,28.0,18.0
-56.0,29.0,19.0
-54.0,28.0,18.0
-56.0,28.0,18.0
-57.0,27.0,17.0
-56.0,29.0,19.0
-54.0,28.0,21.0
-54.0,30.0,19.0
-49.0,30.0,23.0
-49.0,28.0,25.0
-62.0,30.0,14.0
-53.0,29.0,18.0
-53.0,29.0,20.0
-62.0,30.0,14.0
-58.0,32.0,20.0
-51.0,31.0,19.0
-55.0,28.0,17.0
-53.0,27.0,21.0
-51.0,26.0,24.0
-55.0,25.0,21.0
-59.0,28.0,17.0
-51.0,30.0,22.0
-55.0,27.0,21.0
-57.0,32.0,18.0
-50.0,29.0,24.0
-56.0,30.0,19.0
-58.0,29.0,19.0
-52.0,31.0,21.0
-51.0,26.0,18.0
-56.0,30.0,18.0
-53.0,30.0,22.0
-55.0,27.0,17.0
-52.0,30.0,21.0
-53.0,27.0,20.0
-55.0,29.0,19.0
-54.0,29.0,20.0
-55.0,29.0,21.0
-55.0,30.0,18.0
-53.0,30.0,20.0
-57.0,29.0,17.0
-51.0,28.0,20.0
-55.0,29.0,18.0
-59.0,28.0,15.0
-55.0,29.0,19.0
-54.0,28.0,17.0
-55.0,27.0,20.0
-53.0,27.0,22.0
-56.0,28.0,17.0
-55.0,27.0,17.0
-57.0,28.0,19.0
-54.0,31.0,21.0
-55.0,30.0,17.0
-55.0,31.0,17.0
-52.0,29.0,20.0
-55.0,31.0,17.0
-53.0,28.0,21.0
-55.0,30.0,19.0
-56.0,28.0,18.0
-52.0,29.0,20.0
-57.0,29.0,16.0
-53.0,28.0,17.0
-55.0,32.0,20.0
-54.0,31.0,19.0
-51.0,27.0,20.0
-60.0,28.0,16.0
-56.0,29.0,17.0
-55.0,28.0,17.0
-57.0,26.0,16.0
-52.0,30.0,17.0
-57.0,27.0,16.0
-58.0,29.0,15.0
-54.0,29.0,16.0
-57.0,27.0,17.0
-54.0,29.0,19.0
-58.0,26.0,16.0
-58.0,28.0,14.0
-55.0,25.0,20.0
-58.0,28.0,18.0
-54.0,27.0,17.0
-58.0,29.0,16.0
-54.0,29.0,17.0
-57.0,30.0,16.0
-56.0,26.0,18.0
-55.0,29.0,18.0
-53.0,27.0,19.0
-55.0,27.0,17.0
-55.0,31.0,16.0
-59.0,32.0,13.0
-53.0,30.0,19.0
-50.0,28.0,23.0
-53.0,30.0,21.0
-52.0,28.0,21.0
-53.0,29.0,19.0
-56.0,30.0,18.0
-59.0,28.0,13.0
-54.0,30.0,19.0
-54.0,29.0,19.0
-57.0,27.0,15.0
-58.0,29.0,15.0
-54.0,27.0,19.0
-55.0,28.0,19.0
-54.0,26.0,17.0
-58.0,25.0,17.0
-55.0,30.0,18.0
-54.0,29.0,17.0
-54.0,29.0,15.0
-55.0,31.0,16.0
-54.0,31.0,17.0
-54.0,29.0,17.0
-53.0,30.0,19.0
-53.0,29.0,19.0
-57.0,30.0,15.0
-55.0,29.0,16.0
-54.0,29.0,17.0
-51.0,29.0,19.0
-53.0,28.0,22.0
-55.0,29.0,20.0
-55.0,28.0,21.0
-56.0,28.0,16.0
-55.0,31.0,15.0
-57.0,30.0,16.0
-56.0,28.0,14.0
-58.0,29.0,16.0
-56.0,28.0,17.0
-58.0,29.0,14.0
-52.0,27.0,19.0
-56.0,29.0,17.0
-55.0,27.0,17.0
-58.0,26.0,17.0
-58.0,28.0,15.0
-54.0,28.0,19.0
-55.0,29.0,17.0
-54.0,28.0,17.0
-55.0,31.0,19.0
-55.0,29.0,16.0
-53.0,30.0,18.0
-56.0,30.0,16.0
-53.0,29.0,17.0
-53.0,30.0,19.0
-61.0,27.0,12.0
-56.0,30.0,17.0
-50.0,31.0,21.0
-58.0,28.0,14.0
-51.0,29.0,19.0
-54.0,28.0,18.0
-58.0,27.0,14.0
-54.0,27.0,18.0
-55.0,27.0,20.0
-57.0,27.0,16.0
-53.0,28.0,18.0
-58.0,26.0,16.0
-56.0,27.0,14.0
-54.0,27.0,18.0
-59.0,26.0,17.0
-57.0,27.0,17.0
-55.0,25.0,18.0
-55.0,28.0,18.0
-59.0,25.0,16.0
-56.0,28.0,18.0
-56.0,29.0,16.0
-53.0,27.0,19.0
-55.0,29.0,17.0
-54.0,29.0,17.0
-58.0,28.0,16.0
-57.0,28.0,17.0
-55.0,27.0,19.0
-56.0,28.0,17.0
-56.0,27.0,16.0
-58.0,27.0,15.0
-53.0,31.0,18.0
-55.0,30.0,16.0
-55.0,28.0,19.0
-53.0,28.0,17.0
-56.0,27.0,17.0
-58.0,28.0,16.0
-57.0,25.0,16.0
-55.0,26.0,18.0
-58.0,27.0,15.0
-58.0,27.0,13.0
-60.0,26.0,14.0
-56.0,26.0,16.0
-57.0,25.0,18.0
-55.0,26.0,18.0
-56.0,25.0,17.0
-56.0,26.0,16.0
-58.0,26.0,15.0
-59.0,27.0,16.0
-56.0,29.0,17.0
-58.0,27.0,14.0
-54.0,28.0,16.0
-54.0,27.0,19.0
-58.0,27.0,15.0
-56.0,28.0,17.0
-56.0,28.0,18.0
-54.0,29.0,19.0
-55.0,29.0,17.0
-55.0,27.0,17.0
-55.0,29.0,20.0
-56.0,30.0,17.0
-54.0,29.0,16.0
-51.0,27.0,19.0
-56.0,29.0,15.0
-56.0,28.0,19.0
-57.0,27.0,16.0
-54.0,26.0,18.0
-55.0,25.0,20.0
-59.0,25.0,15.0
-56.0,25.0,16.0
-57.0,28.0,19.0
-56.0,26.0,19.0
-56.0,29.0,17.0
-55.0,30.0,16.0
-58.0,26.0,16.0
-57.0,28.0,18.0
-57.0,31.0,19.0
-57.0,28.0,17.0
-51.0,28.0,19.0
-53.0,31.0,19.0
-55.0,29.0,17.0
-56.0,30.0,19.0
-51.0,32.0,20.0
-55.0,30.0,17.0
-55.0,31.0,16.0
-55.0,30.0,17.0
-57.0,29.0,18.0
-54.0,30.0,20.0
-54.0,28.0,21.0
-52.0,27.0,20.0
-52.0,27.0,20.0
-57.0,30.0,17.0
-53.0,28.0,19.0
-56.0,29.0,16.0
-56.0,29.0,18.0
-57.0,28.0,17.0
-55.0,28.0,17.0
-56.0,28.0,18.0
-53.0,27.0,19.0
-56.0,26.0,18.0
-55.0,26.0,19.0
-56.0,29.0,15.0
-57.0,28.0,19.0
-55.0,31.0,18.0
-54.0,30.0,19.0
-54.0,28.0,17.0
-53.0,31.0,17.0
-55.0,29.0,16.0
-54.0,29.0,17.0
-51.0,29.0,20.0
-55.0,29.0,18.0
-55.0,30.0,18.0
-53.0,30.0,18.0
-57.0,31.0,16.0
-54.0,27.0,21.0
-50.0,29.0,23.0
-54.0,28.0,16.0
-56.0,26.0,18.0
-54.0,32.0,16.0
-54.0,30.0,17.0
-57.0,27.0,17.0
-54.0,29.0,17.0
-56.0,27.0,18.0
-55.0,27.0,18.0
-55.0,27.0,17.0
-55.0,26.0,20.0
-55.0,28.0,17.0
-54.0,26.0,17.0
-56.0,28.0,17.0
-57.0,29.0,17.0
-56.0,29.0,17.0
-53.0,31.0,19.0
-57.0,31.0,15.0
-57.0,30.0,15.0
-55.0,30.0,16.0
-54.0,29.0,18.0
-53.0,29.0,22.0
-53.0,30.0,18.0
-55.0,30.0,17.0
-56.0,28.0,16.0
-53.0,29.0,21.0
-55.0,29.0,19.0
-55.0,28.0,16.0
-52.0,30.0,20.0
-57.0,27.0,16.0
-57.0,29.0,15.0
-53.0,29.0,18.0
-58.0,26.0,16.0
-57.0,27.0,17.0
-56.0,26.0,17.0
-60.0,27.0,13.0
-53.0,26.0,20.0
-54.0,27.0,20.0
-56.0,27.0,16.0
-54.0,25.0,19.0
-57.0,28.0,17.0
-55.0,26.0,19.0
-54.0,31.0,19.0
-54.0,29.0,17.0
-51.0,31.0,19.0
-54.0,31.0,18.0
-55.0,29.0,18.0
-55.0,29.0,20.0
-52.0,29.0,19.0
-55.0,29.0,17.0
-53.0,30.0,17.0
-53.0,30.0,19.0
-52.0,27.0,21.0
-54.0,27.0,18.0
-50.0,28.0,23.0
-56.0,28.0,18.0
-58.0,28.0,16.0
-55.0,28.0,19.0
-59.0,26.0,16.0
-54.0,32.0,16.0
-52.0,29.0,17.0
-60.0,32.0,14.0
-53.0,29.0,18.0
-55.0,27.0,18.0
-56.0,29.0,18.0
-57.0,27.0,16.0
-55.0,27.0,19.0
-52.0,29.0,21.0
-60.0,30.0,15.0
-51.0,32.0,18.0
-51.0,33.0,19.0
-57.0,31.0,15.0
-56.0,29.0,17.0
-54.0,31.0,20.0
-54.0,31.0,19.0
-55.0,28.0,17.0
-54.0,30.0,18.0
-54.0,30.0,20.0
-56.0,29.0,20.0
-50.0,29.0,23.0
-53.0,28.0,21.0
-54.0,31.0,19.0
-53.0,29.0,21.0
-55.0,30.0,15.0
-57.0,30.0,18.0
-53.0,27.0,17.0
-56.0,29.0,16.0
-57.0,28.0,16.0
-55.0,28.0,17.0
-51.0,28.0,20.0
-55.0,27.0,16.0
-56.0,28.0,17.0
-58.0,27.0,16.0
-58.0,28.0,14.0
-53.0,30.0,18.0
-53.0,29.0,18.0
-52.0,31.0,17.0
-54.0,30.0,17.0
-54.0,28.0,19.0
-56.0,29.0,20.0
-55.0,29.0,18.0
-53.0,30.0,18.0
-55.0,31.0,16.0
-53.0,29.0,18.0
-55.0,29.0,20.0
-54.0,29.0,17.0
-52.0,28.0,24.0
-55.0,27.0,18.0
-52.0,29.0,17.0
-53.0,28.0,19.0
-59.0,28.0,17.0
-56.0,28.0,18.0
-57.0,28.0,17.0
-55.0,28.0,16.0
-55.0,29.0,20.0
-54.0,29.0,19.0
-56.0,29.0,17.0
-52.0,27.0,20.0
-54.0,30.0,18.0
-55.0,32.0,19.0
-56.0,31.0,17.0
-56.0,31.0,18.0
-53.0,32.0,18.0
-55.0,28.0,19.0
-50.0,29.0,23.0
-51.0,30.0,21.0
-56.0,30.0,18.0
-50.0,31.0,20.0
-54.0,31.0,21.0
-53.0,28.0,19.0
-55.0,30.0,19.0
-54.0,27.0,20.0
-52.0,31.0,17.0
-53.0,29.0,18.0
-59.0,29.0,16.0
-53.0,30.0,19.0
-55.0,28.0,17.0
-59.0,30.0,14.0
-53.0,29.0,15.0
-52.0,28.0,18.0
-55.0,27.0,19.0
-55.0,29.0,19.0
-59.0,28.0,14.0
-54.0,30.0,20.0
-54.0,32.0,17.0
-52.0,30.0,18.0
-52.0,33.0,20.0
-52.0,32.0,17.0
-54.0,30.0,17.0
-54.0,31.0,20.0
-55.0,30.0,20.0
-50.0,31.0,21.0
-52.0,30.0,17.0
-51.0,32.0,19.0
-54.0,29.0,21.0
-53.0,30.0,19.0
-55.0,30.0,21.0
-52.0,30.0,21.0
-55.0,31.0,18.0
-54.0,32.0,17.0
-55.0,31.0,15.0
-56.0,30.0,17.0
-54.0,30.0,19.0
-58.0,32.0,16.0
-53.0,29.0,18.0
-51.0,32.0,22.0
-51.0,27.0,21.0
-52.0,27.0,21.0
-57.0,29.0,16.0
-56.0,29.0,18.0
-54.0,31.0,20.0
-53.0,33.0,19.0
-50.0,31.0,22.0
-53.0,32.0,20.0
-52.0,30.0,21.0
-51.0,29.0,22.0
-50.0,31.0,23.0
-50.0,31.0,23.0
-52.0,31.0,20.0
-53.0,33.0,20.0
-53.0,31.0,22.0
-52.0,31.0,21.0
-52.0,30.0,20.0
-52.0,30.0,23.0
-52.0,31.0,20.0
-50.0,32.0,18.0
-53.0,31.0,19.0
-56.0,33.0,13.0
-54.0,33.0,18.0
-57.0,30.0,18.0
-57.0,29.0,16.0
-52.0,30.0,21.0
-54.0,29.0,18.0
-54.0,30.0,18.0
-53.0,27.0,20.0
-54.0,31.0,18.0
-53.0,30.0,22.0
-55.0,32.0,19.0
-52.0,32.0,20.0
-58.0,33.0,16.0
-53.0,33.0,16.0
-53.0,30.0,22.0
-52.0,30.0,21.0
-52.0,29.0,22.0
-49.0,30.0,25.0
-53.0,29.0,17.0
-51.0,30.0,23.0
-57.0,33.0,19.0
-54.0,30.0,18.0
-51.0,31.0,22.0
-55.0,32.0,18.0
-50.0,29.0,24.0
-58.0,31.0,14.0
-55.0,29.0,15.0
-53.0,32.0,20.0
-56.0,31.0,17.0
-54.0,30.0,19.0
-55.0,32.0,20.0
-52.0,30.0,19.0
-53.0,28.0,23.0
-53.0,31.0,19.0
-54.0,29.0,18.0
-51.0,32.0,21.0
-53.0,33.0,19.0
-54.0,31.0,19.0
-50.0,32.0,20.0
-53.0,31.0,21.0
-52.0,31.0,19.0
-55.0,33.0,19.0
-51.0,31.0,21.0
-54.0,33.0,18.0
-54.0,30.0,19.0
-55.0,31.0,19.0
-54.0,29.0,20.0
-51.0,31.0,26.0
-52.0,32.0,23.0
-52.0,30.0,22.0
-53.0,31.0,19.0
-52.0,33.0,17.0
-55.0,31.0,18.0
-52.0,31.0,19.0
-51.0,33.0,20.0
-55.0,31.0,16.0
-54.0,33.0,18.0
-53.0,30.0,20.0
-53.0,31.0,18.0
-52.0,29.0,21.0
-55.0,30.0,16.0
-54.0,30.0,18.0
-55.0,31.0,22.0
-53.0,33.0,19.0
-53.0,33.0,19.0
-51.0,32.0,20.0
-53.0,33.0,19.0
-53.0,29.0,21.0
-50.0,32.0,22.0
-52.0,28.0,23.0
-49.0,31.0,20.0
-54.0,31.0,21.0
-52.0,31.0,21.0
-51.0,34.0,23.0
-53.0,31.0,20.0
-54.0,35.0,15.0
-55.0,34.0,20.0
-51.0,32.0,23.0
-52.0,32.0,18.0
-55.0,31.0,17.0
-51.0,34.0,17.0
-56.0,34.0,16.0
-50.0,32.0,21.0
-54.0,35.0,18.0
-52.0,27.0,21.0
-51.0,28.0,22.0
-54.0,28.0,20.0
-56.0,32.0,19.0
-53.0,32.0,20.0
-56.0,34.0,18.0
-54.0,34.0,18.0
-52.0,30.0,19.0
-50.0,32.0,21.0
-50.0,28.0,24.0
-52.0,32.0,22.0
-54.0,31.0,18.0
-52.0,30.0,19.0
-52.0,34.0,21.0
-53.0,32.0,22.0
-52.0,31.0,22.0
-50.0,33.0,21.0
-53.0,30.0,22.0
-54.0,31.0,18.0
-50.0,30.0,21.0
-53.0,32.0,20.0
-54.0,32.0,17.0
-55.0,30.0,17.0
-53.0,33.0,21.0
-52.0,30.0,20.0
-52.0,31.0,21.0
-50.0,27.0,22.0
-52.0,32.0,22.0
-53.0,34.0,20.0
-50.0,25.0,20.0
-52.0,36.0,21.0
-55.0,34.0,18.0
-49.0,29.0,21.0
-53.0,34.0,22.0
-58.0,30.0,19.0
-48.0,31.0,21.0
-50.0,30.0,20.0
-52.0,32.0,22.0
-56.0,30.0,18.0
-53.0,32.0,20.0
-51.0,30.0,18.0
-54.0,31.0,16.0
-53.0,29.0,20.0
-55.0,27.0,21.0
-57.0,28.0,18.0
-52.0,28.0,20.0
-51.0,26.0,18.0
-56.0,31.0,15.0
-52.0,27.0,18.0
-57.0,28.0,20.0
-58.0,28.0,16.0
-57.0,28.0,16.0
-54.0,30.0,20.0
-56.0,29.0,17.0
-53.0,32.0,18.0
-51.0,30.0,21.0
-55.0,32.0,14.0
-52.0,31.0,17.0
-56.0,31.0,17.0
-54.0,31.0,17.0
-55.0,28.0,19.0
-55.0,30.0,13.0
-53.0,28.0,17.0
-53.0,32.0,17.0
-53.0,26.0,21.0
-58.0,30.0,13.0
-50.0,27.0,20.0
-59.0,28.0,15.0
-52.0,26.0,17.0
-59.0,28.0,15.0
-56.0,27.0,15.0
-58.0,29.0,14.0
-59.0,26.0,11.0
-57.0,30.0,15.0
-55.0,28.0,15.0
-57.0,27.0,16.0
-56.0,28.0,14.0
-56.0,26.0,16.0
-56.0,29.0,18.0
-57.0,30.0,13.0
-53.0,28.0,17.0
-55.0,29.0,15.0
-55.0,28.0,16.0
-57.0,30.0,14.0
-57.0,29.0,14.0
-55.0,29.0,19.0
-53.0,30.0,17.0
-55.0,31.0,15.0
-56.0,30.0,16.0
-54.0,32.0,18.0
-53.0,31.0,19.0
-55.0,28.0,18.0
-54.0,30.0,16.0
-55.0,29.0,17.0
-55.0,30.0,17.0
-54.0,29.0,16.0
-57.0,27.0,16.0
-57.0,29.0,16.0
-55.0,28.0,17.0
-58.0,27.0,15.0
-54.0,29.0,17.0
-52.0,27.0,19.0
-55.0,26.0,18.0
-56.0,28.0,16.0
-55.0,30.0,17.0
-52.0,30.0,17.0
-57.0,29.0,15.0
-56.0,30.0,17.0
-53.0,30.0,16.0
-56.0,29.0,15.0
-52.0,31.0,18.0
-55.0,30.0,17.0
-55.0,29.0,16.0
-55.0,30.0,18.0
-56.0,30.0,16.0
-56.0,29.0,19.0
-51.0,30.0,20.0
-54.0,26.0,18.0
-52.0,30.0,20.0
-54.0,30.0,19.0
-56.0,28.0,13.0
-52.0,29.0,19.0
-59.0,30.0,14.0
-60.0,27.0,13.0
-54.0,28.0,17.0
-55.0,27.0,15.0
-57.0,28.0,16.0
-56.0,26.0,18.0
-57.0,28.0,15.0
-55.0,30.0,18.0
-56.0,29.0,17.0
-57.0,33.0,13.0
-52.0,30.0,15.0
-52.0,29.0,18.0
-55.0,30.0,15.0
-55.0,28.0,19.0
-53.0,32.0,18.0
-57.0,30.0,15.0
-52.0,29.0,18.0
-54.0,29.0,16.0
-55.0,28.0,17.0
-52.0,32.0,19.0
-52.0,29.0,18.0
-58.0,27.0,16.0
-53.0,30.0,16.0
-53.0,30.0,19.0
-58.0,30.0,14.0
-53.0,30.0,14.0
-53.0,31.0,17.0
-63.0,29.0,12.0
-55.0,30.0,13.0
-54.0,27.0,20.0
-52.0,27.0,17.0
-57.0,30.0,15.0
-55.0,29.0,17.0
-55.0,28.0,17.0
-57.0,32.0,17.0
-56.0,32.0,16.0
-57.0,28.0,17.0
-50.0,30.0,19.0
-48.0,32.0,19.0
-52.0,29.0,20.0
-53.0,32.0,17.0
-51.0,30.0,20.0
-59.0,31.0,14.0
-55.0,31.0,17.0
-51.0,30.0,22.0
-53.0,29.0,20.0
-51.0,29.0,22.0
-51.0,29.0,24.0
-54.0,29.0,20.0
-55.0,30.0,19.0
-56.0,30.0,16.0
-56.0,30.0,14.0
-55.0,30.0,17.0
-53.0,27.0,20.0
-56.0,30.0,16.0
-53.0,27.0,19.0
-56.0,29.0,17.0
-55.0,27.0,16.0
-55.0,28.0,20.0
-57.0,29.0,18.0
-55.0,28.0,21.0
-53.0,32.0,20.0
-53.0,33.0,17.0
-52.0,30.0,20.0
-52.0,32.0,19.0
-55.0,29.0,17.0
-49.0,29.0,23.0
-55.0,30.0,17.0
-56.0,29.0,17.0
-52.0,33.0,18.0
-55.0,33.0,17.0
-51.0,28.0,23.0
-57.0,30.0,19.0
-56.0,30.0,18.0
-51.0,28.0,19.0
-55.0,30.0,15.0
-54.0,30.0,15.0
-56.0,28.0,19.0
-57.0,30.0,19.0
-56.0,28.0,18.0
-55.0,25.0,20.0
-53.0,27.0,16.0
-54.0,27.0,18.0
-55.0,23.0,16.0
-58.0,25.0,14.0
-54.0,27.0,19.0
-54.0,30.0,19.0
-57.0,32.0,16.0
-53.0,30.0,18.0
-57.0,29.0,16.0
-53.0,29.0,18.0
-56.0,31.0,15.0
-54.0,28.0,18.0
-55.0,29.0,18.0
-56.0,28.0,17.0
-55.0,29.0,18.0
-53.0,31.0,20.0
-58.0,26.0,19.0
-52.0,29.0,19.0
-50.0,30.0,18.0
-57.0,29.0,16.0
-59.0,28.0,14.0
-51.0,29.0,20.0
-58.0,28.0,15.0
-54.0,29.0,14.0
-51.0,28.0,21.0
-59.0,28.0,12.0
-55.0,24.0,18.0
-57.0,27.0,16.0
-55.0,27.0,17.0
-55.0,29.0,20.0
-60.0,29.0,14.0
-52.0,31.0,19.0
-52.0,31.0,19.0
-59.0,29.0,13.0
-54.0,29.0,16.0
-55.0,27.0,18.0
-57.0,29.0,16.0
-55.0,29.0,18.0
-57.0,30.0,15.0
-54.0,30.0,16.0
-57.0,28.0,18.0
-53.0,29.0,21.0
-60.0,27.0,15.0
-57.0,27.0,16.0
-57.0,27.0,14.0
-59.0,28.0,12.0
-54.0,28.0,18.0
-55.0,27.0,17.0
-54.0,28.0,17.0
-54.0,27.0,17.0
-55.0,25.0,17.0
-59.0,27.0,15.0
-56.0,26.0,15.0
-59.0,25.0,15.0
-55.0,27.0,19.0
-57.0,30.0,16.0
-54.0,27.0,16.0
-53.0,28.0,19.0
-56.0,28.0,15.0
-58.0,27.0,15.0
-55.0,31.0,18.0
-54.0,29.0,17.0
-56.0,30.0,16.0
-54.0,30.0,16.0
-56.0,28.0,17.0
-55.0,31.0,19.0
-53.0,29.0,18.0
-59.0,27.0,15.0
-50.0,31.0,19.0
-52.0,32.0,16.0
-57.0,26.0,16.0
-54.0,32.0,18.0
-53.0,31.0,19.0
-56.0,30.0,15.0
-55.0,29.0,14.0
-54.0,30.0,19.0
-55.0,30.0,17.0
-55.0,28.0,19.0
-55.0,29.0,19.0
-56.0,33.0,17.0
-53.0,32.0,19.0
-53.0,31.0,17.0
-54.0,31.0,18.0
-53.0,29.0,18.0
-54.0,29.0,19.0
-53.0,30.0,21.0
-56.0,29.0,17.0
-54.0,30.0,17.0
-54.0,30.0,18.0
-54.0,30.0,18.0
-53.0,31.0,21.0
-55.0,28.0,18.0
-54.0,26.0,18.0
-52.0,27.0,19.0
-57.0,29.0,17.0
-56.0,29.0,16.0
-55.0,27.0,18.0
-58.0,28.0,15.0
-57.0,27.0,16.0
-56.0,29.0,16.0
-55.0,28.0,16.0
-53.0,27.0,22.0
-60.0,25.0,13.0
-56.0,26.0,15.0
-56.0,25.0,18.0
-57.0,26.0,19.0
-52.0,31.0,18.0
-55.0,30.0,16.0
-55.0,28.0,16.0
-56.0,31.0,16.0
-56.0,28.0,17.0
-55.0,25.0,20.0
-56.0,29.0,18.0
-57.0,29.0,17.0
-52.0,28.0,18.0
-51.0,28.0,21.0
-53.0,28.0,20.0
-55.0,28.0,18.0
-56.0,29.0,18.0
-54.0,30.0,18.0
-57.0,27.0,17.0
-59.0,26.0,16.0
-54.0,28.0,16.0
-58.0,28.0,15.0
-56.0,28.0,15.0
-59.0,28.0,14.0
-57.0,27.0,16.0
-52.0,28.0,17.0
-58.0,26.0,18.0
-53.0,26.0,18.0
-56.0,28.0,17.0
-58.0,26.0,18.0
-60.0,28.0,14.0
-55.0,29.0,19.0
-55.0,31.0,16.0
-54.0,29.0,16.0
-54.0,30.0,19.0
-55.0,28.0,19.0
-54.0,27.0,20.0
-55.0,29.0,19.0
-55.0,28.0,16.0
-56.0,29.0,19.0
-52.0,29.0,19.0
-54.0,30.0,21.0
-54.0,28.0,19.0
-54.0,29.0,20.0
-55.0,29.0,17.0
-54.0,28.0,16.0
-58.0,29.0,13.0
-55.0,26.0,18.0
-58.0,27.0,14.0
-57.0,27.0,17.0
-54.0,26.0,19.0
-55.0,26.0,17.0
-53.0,24.0,20.0
-55.0,29.0,16.0
-57.0,28.0,14.0
-54.0,29.0,17.0
-58.0,28.0,17.0
-55.0,29.0,18.0
-52.0,29.0,19.0
-52.0,30.0,18.0
-55.0,28.0,18.0
-53.0,28.0,19.0
-54.0,28.0,19.0
-55.0,29.0,18.0
-54.0,28.0,17.0
-56.0,27.0,16.0
-53.0,29.0,21.0
-53.0,29.0,22.0
-56.0,28.0,16.0
-52.0,26.0,20.0
-57.0,30.0,14.0
-55.0,29.0,16.0
-57.0,28.0,16.0
-58.0,28.0,15.0
-57.0,26.0,18.0
-56.0,27.0,17.0
-55.0,26.0,17.0
-56.0,26.0,18.0
-56.0,26.0,18.0
-57.0,26.0,16.0
-56.0,26.0,19.0
-53.0,27.0,20.0
-57.0,29.0,17.0
-57.0,31.0,15.0
-55.0,27.0,19.0
-55.0,31.0,18.0
-56.0,27.0,18.0
-54.0,29.0,19.0
-57.0,29.0,17.0
-55.0,29.0,16.0
-55.0,29.0,18.0
-58.0,28.0,17.0
-55.0,27.0,19.0
-53.0,28.0,21.0
-53.0,25.0,20.0
-54.0,28.0,21.0
-60.0,26.0,16.0
-49.0,30.0,20.0
-52.0,29.0,18.0
-62.0,28.0,12.0
-53.0,29.0,19.0
-56.0,28.0,18.0
-57.0,27.0,15.0
-54.0,28.0,20.0
-52.0,27.0,20.0
-58.0,28.0,15.0
-55.0,26.0,20.0
-57.0,29.0,17.0
-55.0,29.0,16.0
-55.0,32.0,18.0
-52.0,31.0,20.0
-53.0,30.0,18.0
-54.0,29.0,19.0
-51.0,29.0,21.0
-53.0,28.0,20.0
-52.0,30.0,17.0
-53.0,28.0,20.0
-58.0,31.0,14.0
-56.0,31.0,16.0
-55.0,29.0,22.0
-52.0,31.0,21.0
-53.0,28.0,22.0
-56.0,29.0,20.0
-57.0,30.0,16.0
-54.0,30.0,19.0
-54.0,32.0,19.0
-55.0,27.0,14.0
-53.0,32.0,19.0
-61.0,26.0,16.0
-54.0,27.0,18.0
-48.0,28.0,24.0
-54.0,26.0,21.0
-51.0,29.0,19.0
-52.0,31.0,22.0
-56.0,31.0,15.0
-56.0,29.0,18.0
-48.0,34.0,23.0
-60.0,29.0,16.0
-51.0,31.0,19.0
-51.0,34.0,21.0
-52.0,28.0,23.0
-58.0,31.0,16.0
-54.0,29.0,20.0
-53.0,27.0,22.0
-54.0,32.0,20.0
-53.0,30.0,21.0
-51.0,29.0,21.0
-52.0,30.0,19.0
-55.0,28.0,19.0
-56.0,29.0,17.0
-55.0,30.0,17.0
-55.0,30.0,18.0
-55.0,30.0,17.0
-53.0,28.0,20.0
-52.0,28.0,19.0
-56.0,29.0,20.0
-54.0,27.0,22.0
-54.0,29.0,18.0
-56.0,28.0,19.0
-55.0,30.0,18.0
-49.0,31.0,21.0
-53.0,32.0,19.0
-54.0,29.0,20.0
-50.0,31.0,21.0
-54.0,30.0,22.0
-54.0,31.0,20.0
-52.0,30.0,20.0
-52.0,31.0,19.0
-52.0,27.0,20.0
-52.0,34.0,20.0
-53.0,32.0,22.0
-53.0,27.0,21.0
-50.0,30.0,23.0
-55.0,30.0,17.0
-55.0,28.0,18.0
-52.0,30.0,18.0
-56.0,31.0,15.0
-56.0,27.0,20.0
-55.0,30.0,18.0
-53.0,28.0,20.0
-57.0,29.0,18.0
-54.0,29.0,20.0
-54.0,26.0,20.0
-50.0,31.0,21.0
-58.0,26.0,20.0
-53.0,31.0,22.0
-57.0,31.0,19.0
-51.0,31.0,20.0
-55.0,33.0,17.0
-51.0,29.0,20.0
-51.0,31.0,22.0
-53.0,30.0,22.0
-53.0,30.0,21.0
-55.0,31.0,18.0
-52.0,30.0,22.0
-53.0,31.0,22.0
-53.0,28.0,22.0
-52.0,29.0,22.0
-53.0,30.0,21.0
-54.0,28.0,20.0
-55.0,31.0,17.0
-55.0,31.0,17.0
-54.0,27.0,19.0
-59.0,28.0,17.0
-54.0,31.0,19.0
-55.0,27.0,20.0
-51.0,28.0,20.0
-56.0,28.0,19.0
-58.0,27.0,18.0
-54.0,31.0,20.0
-57.0,27.0,20.0
-52.0,30.0,20.0
-53.0,31.0,20.0
-50.0,31.0,21.0
-55.0,30.0,18.0
-55.0,31.0,21.0
-50.0,29.0,22.0
-53.0,30.0,19.0
-54.0,28.0,20.0
-53.0,29.0,20.0
-55.0,31.0,20.0
-52.0,29.0,24.0
-51.0,29.0,22.0
-54.0,29.0,20.0
-55.0,28.0,21.0
-58.0,29.0,15.0
-51.0,28.0,20.0
-58.0,31.0,19.0
-54.0,27.0,16.0
-56.0,31.0,19.0
-50.0,29.0,20.0
-53.0,26.0,21.0
-54.0,28.0,22.0
-55.0,29.0,19.0
-55.0,28.0,21.0
-54.0,30.0,19.0
-55.0,31.0,19.0
-54.0,30.0,21.0
-51.0,32.0,21.0
-54.0,28.0,20.0
-56.0,29.0,20.0
-52.0,29.0,23.0
-53.0,29.0,22.0
-54.0,29.0,20.0
-53.0,29.0,19.0
-54.0,28.0,21.0
-50.0,32.0,24.0
-54.0,29.0,22.0
-53.0,29.0,23.0
-53.0,29.0,22.0
-56.0,29.0,18.0
-53.0,29.0,20.0
-54.0,29.0,20.0
-53.0,29.0,21.0
-54.0,28.0,20.0
-55.0,29.0,19.0
-53.0,27.0,20.0
-53.0,28.0,21.0
-55.0,28.0,21.0
-54.0,27.0,20.0
-53.0,27.0,23.0
-55.0,28.0,20.0
-52.0,29.0,23.0
-55.0,29.0,20.0
-57.0,30.0,19.0
-52.0,31.0,21.0
-54.0,30.0,20.0
-53.0,30.0,21.0
-54.0,29.0,21.0
-54.0,29.0,23.0
-53.0,28.0,21.0
-54.0,29.0,20.0
-54.0,30.0,19.0
-56.0,31.0,18.0
-51.0,30.0,25.0
-52.0,28.0,23.0
-52.0,28.0,23.0
-55.0,31.0,22.0
-55.0,29.0,20.0
-51.0,30.0,18.0
-53.0,29.0,20.0
-57.0,29.0,17.0
-50.0,28.0,21.0
-53.0,28.0,22.0
-56.0,27.0,20.0
-52.0,28.0,21.0
-53.0,29.0,22.0
-56.0,27.0,18.0
-54.0,25.0,22.0
-53.0,29.0,21.0
-52.0,27.0,22.0
-58.0,30.0,18.0
-55.0,29.0,19.0
-55.0,29.0,20.0
-54.0,31.0,18.0
-52.0,30.0,21.0
-55.0,30.0,20.0
-52.0,29.0,20.0
-54.0,29.0,21.0
-54.0,30.0,21.0
-53.0,30.0,19.0
-53.0,29.0,21.0
-52.0,29.0,22.0
-52.0,27.0,21.0
-55.0,29.0,21.0
-56.0,30.0,19.0
-57.0,28.0,19.0
-55.0,29.0,19.0
-53.0,26.0,20.0
-56.0,27.0,20.0
-55.0,28.0,18.0
-53.0,28.0,19.0
-53.0,27.0,20.0
-57.0,28.0,18.0
-57.0,29.0,19.0
-52.0,29.0,22.0
-55.0,26.0,19.0
-54.0,29.0,19.0
-53.0,29.0,22.0
-56.0,29.0,21.0
-53.0,30.0,20.0
-51.0,31.0,23.0
-54.0,31.0,19.0
-49.0,29.0,21.0
-55.0,30.0,20.0
-55.0,29.0,19.0
-52.0,29.0,23.0
-54.0,30.0,21.0
-54.0,29.0,19.0
-53.0,29.0,21.0
-55.0,29.0,21.0
-52.0,30.0,21.0
-54.0,27.0,22.0
-56.0,27.0,19.0
-55.0,30.0,21.0
-53.0,29.0,19.0
-54.0,30.0,18.0
-55.0,28.0,20.0
-54.0,28.0,20.0
-54.0,29.0,18.0
-55.0,28.0,21.0
-55.0,28.0,20.0
-52.0,27.0,22.0
-53.0,28.0,22.0
-55.0,26.0,20.0
-54.0,29.0,20.0
-52.0,30.0,22.0
-59.0,28.0,20.0
-56.0,32.0,18.0
-53.0,29.0,22.0
-56.0,29.0,18.0
-50.0,29.0,22.0
-54.0,29.0,23.0
-54.0,28.0,20.0
-53.0,28.0,21.0
-54.0,29.0,21.0
-54.0,28.0,21.0
-52.0,31.0,22.0
-53.0,31.0,22.0
-54.0,28.0,21.0
-55.0,30.0,20.0
-53.0,28.0,22.0
-58.0,29.0,20.0
-53.0,29.0,21.0
-51.0,27.0,22.0
-55.0,27.0,20.0
-54.0,28.0,21.0
-56.0,29.0,19.0
-55.0,30.0,20.0
-54.0,29.0,19.0
-56.0,26.0,22.0
-53.0,29.0,22.0
-53.0,27.0,22.0
-55.0,26.0,22.0
-55.0,29.0,20.0
-53.0,28.0,22.0
-53.0,31.0,19.0
-53.0,32.0,19.0
-54.0,29.0,20.0
-55.0,30.0,19.0
-51.0,28.0,25.0
-52.0,30.0,22.0
-55.0,30.0,19.0
-53.0,29.0,20.0
-52.0,33.0,23.0
-53.0,30.0,21.0
-50.0,31.0,24.0
-56.0,30.0,22.0
-54.0,27.0,21.0
-52.0,28.0,23.0
-55.0,30.0,19.0
-54.0,25.0,21.0
-52.0,26.0,21.0
-55.0,29.0,20.0
-58.0,25.0,21.0
-54.0,32.0,18.0
-52.0,26.0,21.0
-55.0,30.0,19.0
-53.0,29.0,20.0
-57.0,29.0,19.0
-55.0,29.0,20.0
-56.0,30.0,18.0
-54.0,31.0,20.0
-56.0,31.0,19.0
-56.0,30.0,17.0
-53.0,29.0,23.0
-51.0,31.0,23.0
-54.0,28.0,21.0
-52.0,29.0,22.0
-53.0,29.0,19.0
-54.0,28.0,19.0
-53.0,32.0,22.0
-54.0,30.0,21.0
-53.0,26.0,22.0
-53.0,31.0,22.0
-53.0,29.0,20.0
-54.0,28.0,22.0
-55.0,27.0,19.0
-55.0,29.0,19.0
-53.0,25.0,24.0
-53.0,27.0,22.0
-58.0,26.0,16.0
-55.0,26.0,20.0
-54.0,29.0,18.0
-53.0,25.0,20.0
-53.0,31.0,19.0
-53.0,28.0,21.0
-58.0,30.0,18.0
-54.0,29.0,20.0
-56.0,30.0,20.0
-53.0,31.0,21.0
-53.0,32.0,20.0
-55.0,29.0,19.0
-51.0,29.0,22.0
-55.0,30.0,21.0
-53.0,28.0,22.0
-53.0,30.0,20.0
-55.0,32.0,20.0
-50.0,30.0,22.0
-54.0,29.0,21.0
-53.0,31.0,23.0
-54.0,31.0,20.0
-55.0,30.0,21.0
-54.0,30.0,20.0
-57.0,27.0,19.0
-53.0,28.0,22.0
-51.0,27.0,23.0
-57.0,27.0,20.0
-56.0,29.0,17.0
-54.0,27.0,20.0
-53.0,27.0,18.0
-53.0,29.0,19.0
-56.0,28.0,21.0
-55.0,27.0,19.0
-54.0,25.0,17.0
-59.0,27.0,19.0
-55.0,30.0,20.0
-55.0,27.0,16.0
-51.0,32.0,19.0
-50.0,30.0,20.0
-57.0,31.0,19.0
-57.0,28.0,14.0
-56.0,25.0,19.0
-55.0,28.0,22.0
-55.0,28.0,20.0
-57.0,24.0,15.0
-57.0,19.0,20.0
-55.0,29.0,14.0
-54.0,26.0,17.0
-60.0,26.0,20.0
-51.0,21.0,25.0
-55.0,23.0,25.0
-52.0,24.0,27.0
-57.0,21.0,25.0
-54.0,19.0,29.0
-64.0,33.0,22.0
-51.0,28.0,7.0
-55.0,25.0,19.0
-52.0,28.0,17.0
-60.0,26.0,13.0
-60.0,30.0,15.0
-52.0,33.0,22.0
-53.0,26.0,22.0
-55.0,26.0,21.0
-56.0,25.0,19.0
-56.0,26.0,20.0
-57.0,29.0,18.0
-57.0,29.0,19.0
-54.0,31.0,19.0
-56.0,28.0,15.0
-56.0,24.0,22.0
-49.0,23.0,28.0
-51.0,21.0,25.0
-54.0,21.0,22.0
-71.0,25.0,5.0
-58.0,25.0,18.0
-50.0,32.0,22.0
-53.0,35.0,17.0
-53.0,34.0,21.0
-53.0,29.0,21.0
-54.0,27.0,23.0
-53.0,30.0,21.0
-52.0,26.0,21.0
-53.0,26.0,21.0
-53.0,35.0,21.0
-53.0,32.0,22.0
-48.0,31.0,18.0
-54.0,28.0,17.0
-55.0,23.0,22.0
-47.0,26.0,28.0
-57.0,28.0,15.0
-63.0,24.0,18.0
-58.0,22.0,14.0
-58.0,22.0,16.0
-48.0,33.0,24.0
-56.0,34.0,16.0
-56.0,33.0,19.0
-54.0,27.0,21.0
-58.0,24.0,21.0
-51.0,31.0,22.0
-55.0,28.0,19.0
-51.0,28.0,21.0
-55.0,29.0,19.0
-54.0,30.0,20.0
-50.0,30.0,24.0
-59.0,28.0,16.0
-59.0,27.0,15.0
-50.0,24.0,26.0
-53.0,26.0,21.0
-57.0,21.0,17.0
-58.0,21.0,17.0
-53.0,29.0,16.0
-57.0,28.0,21.0
-56.0,33.0,15.0
-52.0,36.0,17.0
-55.0,31.0,19.0
-57.0,29.0,16.0
-56.0,27.0,21.0
-51.0,30.0,24.0
-56.0,24.0,18.0
-55.0,29.0,18.0
-55.0,32.0,19.0
-56.0,29.0,16.0
-55.0,30.0,17.0
-56.0,27.0,18.0
-53.0,27.0,21.0
-52.0,26.0,19.0
-57.0,17.0,18.0
-59.0,25.0,13.0
-55.0,29.0,21.0
-56.0,30.0,15.0
-56.0,32.0,15.0
-56.0,32.0,18.0
-57.0,25.0,16.0
-52.0,31.0,23.0
-49.0,26.0,23.0
-54.0,29.0,18.0
-56.0,30.0,17.0
-56.0,33.0,19.0
-56.0,31.0,19.0
-55.0,26.0,19.0
-56.0,24.0,22.0
-55.0,28.0,16.0
-59.0,25.0,12.0
-50.0,21.0,22.0
-53.0,23.0,20.0
-61.0,31.0,17.0
-55.0,34.0,17.0
-52.0,34.0,18.0
-54.0,27.0,20.0
-55.0,30.0,23.0
-52.0,25.0,22.0
-50.0,26.0,24.0
-50.0,28.0,19.0
-56.0,31.0,20.0
-54.0,29.0,22.0
-53.0,31.0,18.0
-56.0,29.0,17.0
-50.0,24.0,24.0
-56.0,27.0,15.0
-59.0,24.0,13.0
-54.0,27.0,20.0
-52.0,27.0,18.0
-58.0,28.0,20.0
-51.0,33.0,20.0
-53.0,34.0,20.0
-52.0,35.0,22.0
-55.0,28.0,20.0
-55.0,30.0,22.0
-51.0,28.0,22.0
-51.0,27.0,21.0
-52.0,29.0,22.0
-55.0,32.0,20.0
-56.0,32.0,21.0
-54.0,31.0,20.0
-59.0,25.0,17.0
-52.0,26.0,24.0
-51.0,29.0,23.0
-57.0,27.0,12.0
-53.0,25.0,21.0
-59.0,31.0,17.0
-53.0,26.0,22.0
-52.0,32.0,24.0
-53.0,31.0,20.0
-53.0,32.0,22.0
-55.0,29.0,19.0
-50.0,26.0,22.0
-52.0,32.0,24.0
-57.0,30.0,18.0
-50.0,29.0,24.0
-56.0,29.0,21.0
-55.0,32.0,22.0
-54.0,32.0,20.0
-56.0,28.0,18.0
-55.0,29.0,20.0
-53.0,29.0,20.0
-55.0,26.0,20.0
-56.0,22.0,15.0
-56.0,24.0,19.0
-53.0,27.0,25.0
-53.0,31.0,21.0
-53.0,30.0,22.0
-56.0,35.0,15.0
-53.0,29.0,17.0
-51.0,34.0,23.0
-52.0,30.0,23.0
-50.0,27.0,22.0
-53.0,29.0,19.0
-56.0,28.0,21.0
-56.0,31.0,20.0
-54.0,31.0,20.0
-52.0,28.0,19.0
-54.0,27.0,21.0
-57.0,28.0,18.0
-56.0,29.0,16.0
-60.0,22.0,17.0
-54.0,24.0,17.0
-55.0,26.0,20.0
-60.0,30.0,21.0
-55.0,33.0,17.0
-55.0,32.0,21.0
-56.0,33.0,17.0
-51.0,29.0,22.0
-53.0,29.0,23.0
-55.0,30.0,21.0
-50.0,27.0,24.0
-53.0,29.0,22.0
-52.0,32.0,23.0
-50.0,30.0,26.0
-55.0,29.0,20.0
-53.0,28.0,21.0
-56.0,30.0,20.0
-55.0,29.0,16.0
-57.0,21.0,17.0
-53.0,23.0,21.0
-54.0,26.0,21.0
-55.0,30.0,25.0
-54.0,36.0,19.0
-57.0,34.0,16.0
-53.0,31.0,24.0
-51.0,33.0,22.0
-49.0,28.0,24.0
-50.0,29.0,24.0
-58.0,28.0,19.0
-51.0,31.0,24.0
-54.0,32.0,20.0
-53.0,29.0,22.0
-53.0,28.0,23.0
-52.0,26.0,23.0
-55.0,29.0,20.0
-58.0,30.0,15.0
-53.0,22.0,20.0
-53.0,29.0,22.0
-53.0,28.0,22.0
-54.0,32.0,23.0
-55.0,30.0,20.0
-56.0,32.0,19.0
-54.0,28.0,20.0
-49.0,33.0,25.0
-53.0,34.0,22.0
-51.0,27.0,23.0
-53.0,28.0,21.0
-54.0,31.0,22.0
-55.0,30.0,22.0
-54.0,30.0,22.0
-51.0,28.0,23.0
-55.0,25.0,21.0
-54.0,27.0,24.0
-53.0,29.0,20.0
-54.0,25.0,21.0
-51.0,23.0,21.0
-46.0,24.0,22.0
-59.0,31.0,24.0
-57.0,32.0,21.0
-52.0,32.0,23.0
-55.0,34.0,20.0
-54.0,32.0,21.0
-53.0,31.0,23.0
-55.0,31.0,22.0
-49.0,29.0,25.0
-51.0,27.0,23.0
-53.0,30.0,22.0
-54.0,30.0,23.0
-57.0,29.0,19.0
-51.0,28.0,22.0
-52.0,28.0,25.0
-50.0,28.0,24.0
-56.0,27.0,19.0
-52.0,24.0,20.0
-57.0,23.0,18.0
-53.0,25.0,18.0
-53.0,27.0,27.0
-55.0,30.0,21.0
-54.0,34.0,18.0
-55.0,34.0,21.0
-54.0,31.0,20.0
-49.0,25.0,22.0
-51.0,28.0,25.0
-52.0,28.0,23.0
-54.0,29.0,21.0
-53.0,34.0,21.0
-55.0,30.0,22.0
-56.0,30.0,18.0
-51.0,26.0,24.0
-48.0,26.0,29.0
-57.0,30.0,16.0
-53.0,28.0,22.0
-56.0,20.0,20.0
-58.0,24.0,16.0
-51.0,33.0,27.0
-57.0,35.0,19.0
-55.0,29.0,18.0
-51.0,35.0,24.0
-56.0,29.0,23.0
-53.0,29.0,19.0
-50.0,31.0,24.0
-50.0,29.0,23.0
-56.0,30.0,18.0
-55.0,30.0,22.0
-54.0,32.0,22.0
-58.0,27.0,20.0
-52.0,28.0,24.0
-48.0,30.0,23.0
-57.0,26.0,18.0
-57.0,24.0,13.0
-54.0,24.0,14.0
-57.0,30.0,23.0
-52.0,33.0,22.0
-56.0,29.0,18.0
-54.0,33.0,18.0
-57.0,28.0,20.0
-53.0,30.0,22.0
-55.0,25.0,19.0
-57.0,23.0,22.0
-54.0,30.0,20.0
-55.0,29.0,19.0
-54.0,28.0,20.0
-59.0,28.0,15.0
-50.0,25.0,28.0
-46.0,29.0,26.0
-58.0,25.0,13.0
-64.0,20.0,12.0
-56.0,22.0,10.0
-57.0,31.0,27.0
-50.0,33.0,21.0
-58.0,33.0,11.0
-55.0,32.0,20.0
-50.0,33.0,25.0
-56.0,29.0,20.0
-49.0,23.0,24.0
-50.0,31.0,23.0
-57.0,26.0,19.0
-58.0,26.0,19.0
-52.0,31.0,20.0
-53.0,25.0,22.0
-51.0,28.0,22.0
-56.0,28.0,15.0
-63.0,18.0,14.0
-53.0,25.0,16.0
-54.0,29.0,24.0
-55.0,29.0,22.0
-55.0,36.0,16.0
-53.0,34.0,18.0
-53.0,28.0,27.0
-55.0,34.0,22.0
-54.0,26.0,19.0
-48.0,26.0,22.0
-52.0,31.0,21.0
-56.0,29.0,21.0
-54.0,30.0,21.0
-54.0,28.0,19.0
-51.0,24.0,27.0
-46.0,27.0,26.0
-64.0,26.0,12.0
-56.0,20.0,16.0
-54.0,26.0,13.0
-48.0,31.0,26.0
-55.0,34.0,18.0
-58.0,33.0,17.0
-52.0,28.0,22.0
-54.0,31.0,21.0
-51.0,29.0,22.0
-50.0,26.0,22.0
-56.0,26.0,20.0
-53.0,29.0,22.0
-58.0,29.0,20.0
-56.0,24.0,20.0
-56.0,25.0,24.0
-58.0,30.0,15.0
-56.0,27.0,18.0
-57.0,16.0,13.0
-52.0,21.0,15.0
-53.0,33.0,24.0
-56.0,34.0,19.0
-58.0,31.0,16.0
-57.0,30.0,21.0
-52.0,27.0,23.0
-55.0,29.0,20.0
-53.0,25.0,23.0
-51.0,29.0,21.0
-55.0,28.0,21.0
-59.0,28.0,19.0
-56.0,28.0,21.0
-49.0,28.0,28.0
-51.0,30.0,21.0
-58.0,22.0,12.0
-51.0,20.0,22.0
-50.0,27.0,18.0
-57.0,27.0,24.0
-57.0,38.0,18.0
-55.0,35.0,15.0
-52.0,29.0,27.0
-55.0,25.0,19.0
-52.0,29.0,25.0
-46.0,28.0,25.0
-58.0,29.0,17.0
-57.0,32.0,19.0
-56.0,28.0,19.0
-57.0,26.0,19.0
-56.0,28.0,21.0
-55.0,32.0,20.0
-51.0,21.0,22.0
-59.0,19.0,17.0
-49.0,23.0,14.0
-54.0,26.0,24.0
-60.0,35.0,17.0
-60.0,28.0,11.0
-49.0,32.0,23.0
-56.0,31.0,20.0
-53.0,27.0,20.0
-49.0,25.0,23.0
-57.0,28.0,19.0
-57.0,28.0,21.0
-55.0,27.0,22.0
-56.0,26.0,19.0
-47.0,24.0,26.0
-55.0,27.0,16.0
-63.0,23.0,12.0
-51.0,24.0,23.0
-44.0,27.0,22.0
-58.0,28.0,21.0
-54.0,33.0,22.0
-60.0,33.0,13.0
-57.0,29.0,17.0
-50.0,28.0,23.0
-52.0,30.0,23.0
-55.0,26.0,19.0
-56.0,26.0,20.0
-58.0,29.0,17.0
-53.0,28.0,22.0
-54.0,27.0,23.0
-54.0,25.0,24.0
-58.0,27.0,16.0
-54.0,29.0,20.0
-54.0,20.0,18.0
-53.0,20.0,14.0
-53.0,29.0,24.0
-60.0,32.0,22.0
-58.0,28.0,18.0
-59.0,25.0,18.0
-52.0,27.0,20.0
-51.0,28.0,21.0
-58.0,28.0,17.0
-53.0,24.0,23.0
-54.0,27.0,21.0
-58.0,28.0,17.0
-57.0,27.0,18.0
-54.0,23.0,22.0
-52.0,25.0,23.0
-55.0,27.0,17.0
-56.0,24.0,22.0
-55.0,23.0,15.0
-53.0,23.0,14.0
-58.0,27.0,22.0
-54.0,27.0,21.0
-60.0,29.0,18.0
-56.0,28.0,22.0
-51.0,24.0,21.0
-56.0,27.0,22.0
-55.0,30.0,18.0
-56.0,26.0,16.0
-54.0,29.0,22.0
-56.0,30.0,20.0
-54.0,26.0,19.0
-57.0,24.0,19.0
-53.0,27.0,20.0
-50.0,27.0,22.0
-54.0,22.0,17.0
-58.0,23.0,16.0
-55.0,23.0,21.0
-53.0,25.0,24.0
-61.0,31.0,15.0
-65.0,30.0,12.0
-52.0,28.0,22.0
-56.0,26.0,18.0
-56.0,25.0,21.0
-53.0,29.0,20.0
-57.0,26.0,16.0
-56.0,28.0,20.0
-54.0,28.0,21.0
-56.0,26.0,17.0
-57.0,26.0,20.0
-57.0,28.0,17.0
-58.0,24.0,16.0
-49.0,22.0,17.0
-57.0,25.0,17.0
-53.0,27.0,23.0
-60.0,31.0,14.0
-54.0,28.0,21.0
-51.0,29.0,23.0
-58.0,29.0,16.0
-54.0,24.0,22.0
-53.0,27.0,19.0
-55.0,27.0,18.0
-58.0,28.0,22.0
-55.0,25.0,21.0
-55.0,26.0,18.0
-58.0,30.0,18.0
-52.0,26.0,20.0
-57.0,23.0,15.0
-55.0,24.0,18.0
-52.0,23.0,21.0
-54.0,33.0,24.0
-58.0,28.0,17.0
-57.0,31.0,19.0
-50.0,28.0,21.0
-56.0,27.0,20.0
-52.0,27.0,21.0
-53.0,26.0,20.0
-57.0,29.0,21.0
-56.0,25.0,20.0
-55.0,28.0,21.0
-54.0,28.0,19.0
-55.0,27.0,19.0
-53.0,25.0,19.0
-55.0,16.0,15.0
-58.0,22.0,14.0
-51.0,29.0,27.0
-62.0,33.0,17.0
-57.0,27.0,18.0
-58.0,26.0,20.0
-52.0,28.0,18.0
-61.0,27.0,14.0
-52.0,26.0,21.0
-55.0,26.0,20.0
-54.0,28.0,23.0
-51.0,28.0,24.0
-60.0,23.0,16.0
-57.0,26.0,21.0
-52.0,29.0,21.0
-53.0,24.0,21.0
-56.0,18.0,14.0
-55.0,25.0,16.0
-51.0,26.0,27.0
-56.0,30.0,22.0
-63.0,31.0,13.0
-52.0,26.0,22.0
-55.0,29.0,19.0
-53.0,27.0,20.0
-51.0,24.0,23.0
-55.0,31.0,18.0
-57.0,28.0,19.0
-58.0,27.0,18.0
-55.0,26.0,20.0
-57.0,28.0,16.0
-56.0,29.0,19.0
-59.0,20.0,19.0
-54.0,19.0,16.0
-47.0,25.0,24.0
-54.0,28.0,26.0
-64.0,24.0,13.0
-60.0,28.0,16.0
-56.0,36.0,18.0
-53.0,29.0,17.0
-56.0,24.0,21.0
-54.0,29.0,18.0
-50.0,25.0,24.0
-59.0,26.0,20.0
-58.0,29.0,17.0
-53.0,27.0,20.0
-56.0,25.0,21.0
-59.0,30.0,17.0
-53.0,23.0,21.0
-62.0,21.0,13.0
-53.0,23.0,14.0
-48.0,24.0,23.0
-57.0,30.0,21.0
-59.0,33.0,15.0
-54.0,29.0,17.0
-53.0,28.0,21.0
-58.0,28.0,16.0
-51.0,24.0,24.0
-55.0,26.0,23.0
-58.0,27.0,16.0
-57.0,27.0,19.0
-56.0,28.0,19.0
-54.0,26.0,19.0
-59.0,29.0,18.0
-55.0,29.0,19.0
-49.0,22.0,19.0
-60.0,22.0,14.0
-52.0,23.0,20.0
-53.0,24.0,26.0
-62.0,34.0,8.0
-60.0,29.0,14.0
-51.0,28.0,26.0
-57.0,29.0,17.0
-55.0,25.0,22.0
-54.0,27.0,23.0
-56.0,26.0,18.0
-56.0,29.0,20.0
-56.0,27.0,19.0
-59.0,25.0,17.0
-56.0,28.0,18.0
-49.0,29.0,22.0
-62.0,23.0,14.0
-52.0,18.0,21.0
-49.0,24.0,23.0
-64.0,26.0,19.0
-55.0,30.0,19.0
-59.0,31.0,14.0
-61.0,30.0,14.0
-53.0,25.0,17.0
-56.0,26.0,20.0
-55.0,25.0,21.0
-56.0,27.0,18.0
-59.0,28.0,18.0
-56.0,27.0,21.0
-50.0,28.0,20.0
-49.0,23.0,22.0
-54.0,26.0,23.0
-58.0,26.0,19.0
-59.0,21.0,14.0
-57.0,19.0,17.0
-54.0,27.0,20.0
-52.0,26.0,29.0
-60.0,32.0,11.0
-59.0,31.0,12.0
-52.0,29.0,26.0
-52.0,30.0,21.0
-56.0,23.0,18.0
-56.0,22.0,24.0
-61.0,29.0,16.0
-57.0,30.0,18.0
-53.0,28.0,23.0
-56.0,24.0,19.0
-55.0,28.0,20.0
-51.0,30.0,25.0
-55.0,29.0,21.0
-51.0,15.0,16.0
-69.0,22.0,12.0
-45.0,28.0,27.0
-60.0,28.0,25.0
-56.0,35.0,10.0
-48.0,28.0,22.0
-54.0,26.0,22.0
-62.0,27.0,12.0
-58.0,26.0,19.0
-54.0,27.0,18.0
-57.0,24.0,20.0
-53.0,28.0,22.0
-56.0,29.0,16.0
-58.0,29.0,17.0
-55.0,30.0,18.0
-46.0,25.0,24.0
-62.0,22.0,11.0
-58.0,18.0,10.0
-49.0,30.0,25.0
-53.0,28.0,24.0
-61.0,30.0,13.0
-62.0,34.0,9.0
-53.0,29.0,20.0
-51.0,29.0,23.0
-61.0,26.0,14.0
-57.0,24.0,20.0
-52.0,27.0,18.0
-59.0,24.0,14.0
-53.0,28.0,22.0
-55.0,27.0,18.0
-59.0,23.0,16.0
-56.0,26.0,22.0
-57.0,29.0,17.0
-60.0,23.0,13.0
-52.0,20.0,21.0
-55.0,25.0,16.0
-59.0,24.0,15.0
-55.0,33.0,17.0
-60.0,35.0,14.0
-53.0,24.0,20.0
-55.0,28.0,22.0
-57.0,26.0,15.0
-54.0,22.0,18.0
-56.0,31.0,19.0
-55.0,30.0,20.0
-51.0,29.0,19.0
-54.0,27.0,18.0
-57.0,25.0,19.0
-60.0,28.0,14.0
-55.0,27.0,20.0
-53.0,23.0,16.0
-55.0,20.0,17.0
-57.0,29.0,17.0
-59.0,28.0,20.0
-58.0,31.0,15.0
-57.0,27.0,14.0
-50.0,24.0,25.0
-54.0,29.0,17.0
-54.0,26.0,21.0
-51.0,28.0,19.0
-58.0,29.0,19.0
-52.0,29.0,25.0
-53.0,28.0,18.0
-58.0,24.0,14.0
-48.0,24.0,28.0
-57.0,31.0,22.0
-58.0,23.0,15.0
-56.0,17.0,18.0
-55.0,25.0,13.0
-54.0,25.0,21.0
-56.0,34.0,21.0
-54.0,37.0,17.0
-61.0,29.0,16.0
-57.0,22.0,17.0
-46.0,33.0,27.0
-54.0,32.0,22.0
-62.0,22.0,14.0
-53.0,29.0,21.0
-55.0,27.0,19.0
-59.0,24.0,16.0
-52.0,27.0,23.0
-55.0,26.0,21.0
-59.0,27.0,16.0
-57.0,24.0,17.0
-59.0,20.0,14.0
-57.0,22.0,12.0
-54.0,27.0,25.0
-59.0,31.0,18.0
-62.0,30.0,11.0
-55.0,28.0,22.0
-51.0,27.0,23.0
-59.0,27.0,13.0
-59.0,26.0,16.0
-55.0,27.0,19.0
-55.0,24.0,20.0
-54.0,28.0,22.0
-57.0,26.0,19.0
-58.0,23.0,18.0
-58.0,27.0,16.0
-51.0,25.0,21.0
-60.0,25.0,17.0
-55.0,20.0,11.0
-53.0,20.0,19.0
-57.0,26.0,19.0
-55.0,28.0,19.0
-60.0,30.0,17.0
-58.0,32.0,14.0
-56.0,26.0,18.0
-56.0,29.0,17.0
-56.0,25.0,17.0
-55.0,25.0,19.0
-56.0,24.0,18.0
-51.0,23.0,23.0
-59.0,24.0,18.0
-61.0,23.0,15.0
-54.0,28.0,17.0
-56.0,27.0,19.0
-64.0,24.0,10.0
-55.0,20.0,16.0
-58.0,22.0,16.0
-50.0,27.0,26.0
-58.0,28.0,18.0
-62.0,26.0,12.0
-57.0,29.0,17.0
-55.0,26.0,19.0
-57.0,25.0,19.0
-56.0,23.0,19.0
-58.0,24.0,19.0
-57.0,26.0,18.0
-58.0,25.0,18.0
-54.0,24.0,18.0
-58.0,26.0,13.0
-57.0,27.0,18.0
-53.0,26.0,21.0
-62.0,23.0,14.0
-63.0,19.0,12.0
-55.0,23.0,21.0
-56.0,27.0,20.0
-57.0,27.0,16.0
-60.0,27.0,18.0
-53.0,28.0,19.0
-54.0,25.0,20.0
-55.0,30.0,17.0
-57.0,26.0,16.0
-53.0,29.0,22.0
-53.0,27.0,20.0
-56.0,22.0,21.0
-59.0,25.0,18.0
-57.0,25.0,17.0
-59.0,25.0,18.0
-55.0,25.0,20.0
-59.0,24.0,17.0
-53.0,22.0,19.0
-57.0,28.0,15.0
-50.0,26.0,22.0
-61.0,25.0,14.0
-65.0,29.0,11.0
-49.0,29.0,27.0
-53.0,29.0,21.0
-50.0,26.0,18.0
-54.0,26.0,19.0
-59.0,23.0,19.0
-56.0,25.0,20.0
-60.0,27.0,20.0
-59.0,23.0,16.0
-54.0,20.0,18.0
-60.0,25.0,17.0
-53.0,25.0,22.0
-51.0,22.0,24.0
-62.0,21.0,8.0
-57.0,21.0,15.0
-58.0,28.0,22.0
-56.0,27.0,15.0
-60.0,25.0,18.0
-52.0,28.0,21.0
-55.0,27.0,18.0
-57.0,25.0,17.0
-54.0,26.0,21.0
-58.0,24.0,16.0
-60.0,26.0,15.0
-56.0,22.0,22.0
-54.0,24.0,20.0
-57.0,24.0,17.0
-59.0,26.0,16.0
-51.0,23.0,22.0
-59.0,24.0,14.0
-60.0,20.0,11.0
-53.0,22.0,25.0
-57.0,27.0,14.0
-64.0,24.0,10.0
-61.0,28.0,19.0
-57.0,31.0,15.0
-53.0,26.0,17.0
-55.0,23.0,22.0
-57.0,25.0,17.0
-56.0,22.0,21.0
-55.0,26.0,20.0
-59.0,25.0,16.0
-55.0,24.0,22.0
-53.0,23.0,20.0
-57.0,28.0,17.0
-62.0,24.0,15.0
-54.0,20.0,18.0
-55.0,23.0,17.0
-53.0,22.0,25.0
-60.0,28.0,20.0
-64.0,30.0,8.0
-51.0,25.0,21.0
-57.0,26.0,17.0
-51.0,26.0,21.0
-54.0,24.0,22.0
-55.0,27.0,17.0
-49.0,28.0,24.0
-58.0,24.0,21.0
-58.0,23.0,18.0
-56.0,26.0,19.0
-61.0,30.0,14.0
-55.0,27.0,20.0
-53.0,20.0,23.0
-61.0,19.0,14.0
-47.0,23.0,20.0
-58.0,30.0,23.0
-60.0,34.0,18.0
-56.0,27.0,19.0
-58.0,26.0,19.0
-52.0,26.0,19.0
-62.0,26.0,14.0
-54.0,23.0,24.0
-49.0,30.0,23.0
-60.0,25.0,18.0
-61.0,23.0,18.0
-51.0,26.0,24.0
-54.0,29.0,23.0
-59.0,27.0,16.0
-60.0,25.0,13.0
-57.0,19.0,13.0
-54.0,22.0,15.0
-57.0,30.0,22.0
-58.0,33.0,14.0
-57.0,26.0,19.0
-55.0,27.0,19.0
-60.0,29.0,12.0
-52.0,26.0,23.0
-55.0,30.0,20.0
-57.0,29.0,19.0
-54.0,31.0,23.0
-61.0,26.0,14.0
-59.0,25.0,15.0
-51.0,26.0,21.0
-50.0,27.0,24.0
-59.0,24.0,13.0
-54.0,21.0,15.0
-56.0,24.0,17.0
-53.0,25.0,22.0
-61.0,32.0,17.0
-60.0,33.0,12.0
-59.0,30.0,20.0
-48.0,32.0,24.0
-56.0,26.0,17.0
-59.0,26.0,18.0
-51.0,28.0,20.0
-51.0,27.0,22.0
-61.0,28.0,18.0
-55.0,27.0,17.0
-58.0,22.0,15.0
-54.0,23.0,19.0
-56.0,30.0,20.0
-57.0,28.0,16.0
-60.0,19.0,11.0
-54.0,21.0,17.0
-55.0,27.0,23.0
-63.0,35.0,12.0
-55.0,34.0,16.0
-54.0,25.0,21.0
-57.0,30.0,15.0
-50.0,30.0,21.0
-52.0,26.0,23.0
-59.0,28.0,15.0
-57.0,28.0,18.0
-52.0,29.0,23.0
-56.0,27.0,19.0
-57.0,26.0,21.0
-49.0,28.0,21.0
-50.0,23.0,22.0
-58.0,27.0,14.0
-59.0,23.0,13.0
-54.0,26.0,22.0
-56.0,25.0,22.0
-61.0,31.0,16.0
-56.0,34.0,17.0
-53.0,28.0,21.0
-56.0,33.0,20.0
-60.0,31.0,14.0
-49.0,25.0,27.0
-53.0,28.0,21.0
-54.0,31.0,19.0
-53.0,29.0,25.0
-55.0,26.0,19.0
-56.0,25.0,19.0
-51.0,28.0,23.0
-54.0,30.0,19.0
-59.0,20.0,15.0
-53.0,24.0,15.0
-55.0,23.0,23.0
-61.0,33.0,14.0
-57.0,31.0,12.0
-55.0,35.0,19.0
-57.0,33.0,17.0
-59.0,27.0,15.0
-58.0,25.0,19.0
-54.0,26.0,22.0
-53.0,28.0,21.0
-57.0,29.0,16.0
-58.0,27.0,16.0
-54.0,32.0,17.0
-59.0,29.0,16.0
-52.0,28.0,24.0
-47.0,28.0,25.0
-56.0,23.0,16.0
-59.0,20.0,11.0
-57.0,26.0,17.0
-53.0,32.0,24.0
-58.0,30.0,20.0
-59.0,31.0,17.0
-55.0,29.0,17.0
-58.0,27.0,20.0
-53.0,30.0,23.0
-55.0,29.0,18.0
-52.0,29.0,21.0
-55.0,30.0,17.0
-56.0,29.0,20.0
-56.0,30.0,19.0
-54.0,28.0,23.0
-52.0,27.0,24.0
-53.0,30.0,22.0
-54.0,32.0,18.0
-53.0,32.0,19.0
-54.0,22.0,14.0
-57.0,17.0,13.0
-56.0,21.0,16.0
-56.0,32.0,17.0
-49.0,31.0,28.0
-56.0,35.0,27.0
-55.0,33.0,16.0
-59.0,23.0,13.0
-52.0,33.0,19.0
-51.0,29.0,23.0
-57.0,27.0,20.0
-54.0,30.0,22.0
-53.0,28.0,22.0
-51.0,28.0,20.0
-55.0,27.0,19.0
-54.0,27.0,20.0
-56.0,28.0,20.0
-57.0,25.0,17.0
-63.0,18.0,17.0
-55.0,20.0,22.0
-52.0,23.0,23.0
-58.0,28.0,21.0
-65.0,35.0,8.0
-57.0,35.0,13.0
-55.0,32.0,18.0
-56.0,29.0,16.0
-47.0,26.0,26.0
-59.0,29.0,17.0
-58.0,29.0,18.0
-51.0,26.0,26.0
-56.0,24.0,20.0
-55.0,28.0,17.0
-53.0,25.0,24.0
-55.0,32.0,15.0
-54.0,25.0,18.0
-58.0,16.0,14.0
-55.0,20.0,13.0
-58.0,28.0,23.0
-60.0,35.0,15.0
-57.0,31.0,18.0
-52.0,28.0,22.0
-57.0,29.0,15.0
-59.0,29.0,14.0
-53.0,27.0,23.0
-54.0,25.0,22.0
-54.0,27.0,22.0
-55.0,26.0,23.0
-59.0,24.0,15.0
-55.0,25.0,20.0
-42.0,28.0,31.0
-60.0,32.0,12.0
-69.0,20.0,12.0
-57.0,18.0,22.0
-54.0,23.0,17.0
-50.0,25.0,19.0
-57.0,29.0,16.0
-58.0,28.0,20.0
-56.0,29.0,22.0
-54.0,34.0,19.0
-55.0,32.0,17.0
-55.0,28.0,19.0
-56.0,28.0,23.0
-55.0,29.0,20.0
-56.0,30.0,20.0
-55.0,24.0,24.0
-53.0,25.0,24.0
-53.0,32.0,21.0
-49.0,26.0,22.0
-63.0,26.0,8.0
-59.0,24.0,11.0
-53.0,24.0,24.0
-52.0,28.0,22.0
-46.0,23.0,26.0
-68.0,30.0,16.0
-53.0,33.0,17.0
-52.0,28.0,26.0
-58.0,26.0,16.0
-53.0,24.0,19.0
-56.0,28.0,20.0
-59.0,29.0,15.0
-58.0,28.0,19.0
-58.0,27.0,17.0
-55.0,26.0,21.0
-53.0,24.0,23.0
-57.0,28.0,18.0
-45.0,24.0,26.0
-60.0,19.0,14.0
-47.0,22.0,22.0
-62.0,28.0,21.0
-54.0,27.0,15.0
-65.0,31.0,17.0
-60.0,36.0,12.0
-52.0,26.0,16.0
-56.0,29.0,19.0
-55.0,27.0,19.0
-56.0,26.0,22.0
-57.0,28.0,19.0
-54.0,28.0,21.0
-54.0,28.0,19.0
-56.0,24.0,18.0
-58.0,27.0,17.0
-46.0,27.0,27.0
-60.0,28.0,14.0
-60.0,19.0,14.0
-48.0,22.0,20.0
-53.0,26.0,24.0
-60.0,31.0,17.0
-59.0,28.0,14.0
-56.0,34.0,19.0
-52.0,25.0,23.0
-60.0,30.0,17.0
-56.0,26.0,22.0
-49.0,25.0,26.0
-57.0,32.0,20.0
-57.0,30.0,21.0
-52.0,29.0,19.0
-56.0,21.0,21.0
-51.0,27.0,22.0
-54.0,28.0,19.0
-66.0,26.0,15.0
-49.0,22.0,17.0
-50.0,24.0,20.0
-57.0,32.0,18.0
-57.0,38.0,16.0
-56.0,26.0,21.0
-57.0,29.0,20.0
-57.0,29.0,15.0
-60.0,28.0,11.0
-51.0,29.0,24.0
-49.0,27.0,25.0
-61.0,29.0,16.0
-57.0,29.0,17.0
-54.0,23.0,19.0
-56.0,27.0,15.0
-53.0,23.0,24.0
-50.0,26.0,24.0
-63.0,26.0,13.0
-55.0,20.0,17.0
-57.0,22.0,14.0
-49.0,24.0,19.0
-57.0,34.0,19.0
-51.0,28.0,18.0
-60.0,29.0,19.0
-58.0,33.0,16.0
-60.0,27.0,13.0
-56.0,27.0,21.0
-47.0,27.0,26.0
-58.0,22.0,17.0
-60.0,25.0,17.0
-57.0,26.0,16.0
-60.0,24.0,15.0
-55.0,28.0,23.0
-51.0,27.0,25.0
-56.0,25.0,17.0
-48.0,22.0,23.0
-63.0,17.0,11.0
-56.0,19.0,16.0
-56.0,28.0,27.0
-67.0,33.0,16.0
-55.0,32.0,17.0
-54.0,29.0,21.0
-56.0,30.0,20.0
-59.0,33.0,15.0
-59.0,23.0,17.0
-59.0,24.0,15.0
-54.0,31.0,20.0
-52.0,27.0,23.0
-58.0,24.0,18.0
-55.0,27.0,19.0
-53.0,28.0,23.0
-51.0,25.0,24.0
-61.0,21.0,10.0
-58.0,18.0,13.0
-50.0,24.0,24.0
-55.0,27.0,24.0
-55.0,32.0,17.0
-55.0,31.0,23.0
-57.0,29.0,19.0
-61.0,31.0,11.0
-57.0,26.0,16.0
-50.0,27.0,26.0
-51.0,29.0,25.0
-51.0,23.0,24.0
-53.0,25.0,20.0
-61.0,27.0,13.0
-59.0,27.0,15.0
-50.0,27.0,26.0
-57.0,27.0,20.0
-64.0,23.0,10.0
-60.0,20.0,13.0
-50.0,24.0,19.0
-54.0,27.0,23.0
-62.0,29.0,13.0
-58.0,29.0,13.0
-49.0,34.0,25.0
-55.0,32.0,19.0
-59.0,30.0,14.0
-54.0,30.0,19.0
-52.0,21.0,25.0
-56.0,26.0,19.0
-54.0,28.0,21.0
-57.0,28.0,19.0
-56.0,25.0,18.0
-56.0,25.0,21.0
-51.0,31.0,24.0
-44.0,25.0,26.0
-65.0,15.0,7.0
-56.0,23.0,19.0
-54.0,31.0,26.0
-60.0,33.0,17.0
-63.0,31.0,14.0
-56.0,33.0,17.0
-50.0,35.0,17.0
-59.0,25.0,15.0
-58.0,24.0,18.0
-48.0,26.0,28.0
-53.0,28.0,22.0
-61.0,24.0,17.0
-55.0,27.0,21.0
-59.0,27.0,19.0
-51.0,25.0,24.0
-52.0,28.0,21.0
-59.0,25.0,17.0
-52.0,18.0,15.0
-54.0,23.0,17.0
-55.0,26.0,24.0
-59.0,32.0,21.0
-55.0,31.0,20.0
-55.0,34.0,21.0
-54.0,26.0,16.0
-55.0,26.0,16.0
-56.0,28.0,20.0
-53.0,26.0,25.0
-54.0,29.0,19.0
-55.0,30.0,19.0
-57.0,27.0,19.0
-56.0,30.0,17.0
-51.0,24.0,26.0
-58.0,30.0,17.0
-63.0,29.0,11.0
-58.0,22.0,13.0
-58.0,24.0,13.0
-47.0,25.0,23.0
-58.0,31.0,22.0
-57.0,29.0,17.0
-54.0,28.0,20.0
-58.0,33.0,18.0
-54.0,25.0,16.0
-55.0,30.0,20.0
-52.0,26.0,20.0
-56.0,28.0,20.0
-54.0,32.0,19.0
-58.0,28.0,19.0
-56.0,29.0,18.0
-53.0,27.0,22.0
-52.0,24.0,24.0
-56.0,29.0,18.0
-55.0,24.0,18.0
-62.0,21.0,12.0
-54.0,23.0,16.0
-55.0,28.0,23.0
-58.0,31.0,17.0
-55.0,31.0,23.0
-51.0,32.0,24.0
-58.0,28.0,16.0
-58.0,29.0,15.0
-50.0,29.0,24.0
-53.0,27.0,22.0
-54.0,27.0,21.0
-56.0,29.0,21.0
-56.0,27.0,19.0
-52.0,29.0,19.0
-56.0,29.0,19.0
-57.0,29.0,18.0
-53.0,27.0,22.0
-56.0,22.0,20.0
-56.0,21.0,17.0
-55.0,24.0,16.0
-56.0,28.0,21.0
-56.0,31.0,19.0
-56.0,35.0,17.0
-51.0,28.0,21.0
-53.0,28.0,24.0
-56.0,31.0,18.0
-57.0,32.0,21.0
-55.0,23.0,21.0
-53.0,26.0,20.0
-54.0,28.0,24.0
-58.0,28.0,23.0
-52.0,28.0,21.0
-58.0,28.0,19.0
-51.0,26.0,26.0
-54.0,28.0,20.0
-59.0,24.0,14.0
-60.0,21.0,15.0
-49.0,24.0,21.0
-53.0,29.0,24.0
-57.0,30.0,19.0
-48.0,28.0,25.0
-55.0,35.0,21.0
-57.0,25.0,18.0
-53.0,33.0,22.0
-56.0,26.0,19.0
-50.0,24.0,24.0
-51.0,29.0,23.0
-56.0,29.0,22.0
-51.0,27.0,25.0
-56.0,29.0,21.0
-56.0,24.0,22.0
-50.0,25.0,25.0
-58.0,31.0,15.0
-60.0,28.0,14.0
-49.0,21.0,24.0
-58.0,23.0,16.0
-49.0,24.0,22.0
-54.0,28.0,26.0
-62.0,29.0,13.0
-59.0,30.0,17.0
-52.0,38.0,24.0
-59.0,31.0,14.0
-53.0,27.0,20.0
-50.0,27.0,27.0
-52.0,28.0,22.0
-54.0,31.0,21.0
-55.0,27.0,22.0
-58.0,28.0,16.0
-44.0,26.0,31.0
-53.0,28.0,26.0
-56.0,27.0,16.0
-63.0,24.0,8.0
-48.0,22.0,23.0
-58.0,31.0,20.0
-52.0,33.0,25.0
-52.0,31.0,24.0
-61.0,25.0,22.0
-54.0,33.0,17.0
-54.0,31.0,20.0
-54.0,28.0,19.0
-55.0,26.0,22.0
-56.0,28.0,21.0
-57.0,27.0,20.0
-51.0,30.0,24.0
-54.0,29.0,21.0
-46.0,24.0,31.0
-40.0,27.0,34.0
-75.0,32.0,3.0
-66.0,27.0,12.0
-54.0,21.0,17.0
-45.0,23.0,17.0
-44.0,30.0,27.0
-46.0,28.0,27.0
-67.0,34.0,17.0
-61.0,31.0,15.0
-52.0,34.0,21.0
-53.0,32.0,22.0
-56.0,27.0,18.0
-52.0,29.0,22.0
-50.0,25.0,23.0
-56.0,29.0,19.0
-58.0,29.0,19.0
-58.0,27.0,20.0
-53.0,27.0,24.0
-54.0,32.0,22.0
-50.0,29.0,19.0
-60.0,22.0,12.0
-49.0,22.0,20.0
-62.0,30.0,18.0
-52.0,30.0,21.0
-49.0,35.0,27.0
-61.0,32.0,19.0
-56.0,31.0,14.0
-49.0,30.0,20.0
-56.0,25.0,18.0
-56.0,26.0,20.0
-58.0,28.0,19.0
-59.0,28.0,18.0
-57.0,27.0,18.0
-48.0,25.0,26.0
-50.0,32.0,24.0
-53.0,28.0,19.0
-69.0,24.0,7.0
-49.0,25.0,20.0
-37.0,26.0,32.0
-54.0,28.0,23.0
-51.0,28.0,20.0
-56.0,28.0,23.0
-66.0,30.0,11.0
-57.0,29.0,18.0
-56.0,30.0,18.0
-55.0,26.0,17.0
-49.0,27.0,24.0
-52.0,26.0,22.0
-57.0,28.0,20.0
-54.0,28.0,21.0
-56.0,29.0,17.0
-57.0,25.0,18.0
-57.0,24.0,21.0
-58.0,29.0,19.0
-49.0,28.0,23.0
-63.0,28.0,14.0
-53.0,24.0,15.0
-51.0,28.0,23.0
-56.0,32.0,25.0
-55.0,28.0,20.0
-53.0,29.0,22.0
-60.0,26.0,11.0
-51.0,29.0,21.0
-54.0,28.0,19.0
-56.0,25.0,20.0
-53.0,28.0,23.0
-58.0,27.0,21.0
-52.0,26.0,28.0
-49.0,28.0,27.0
-55.0,26.0,17.0
-52.0,25.0,20.0
-53.0,28.0,23.0
-52.0,28.0,22.0
-59.0,27.0,14.0
-54.0,23.0,20.0
-51.0,25.0,20.0
-55.0,27.0,22.0
-58.0,29.0,21.0
-56.0,30.0,18.0
-54.0,30.0,21.0
-54.0,28.0,21.0
-57.0,29.0,19.0
-53.0,28.0,22.0
-55.0,28.0,21.0
-56.0,27.0,18.0
-53.0,27.0,23.0
-53.0,30.0,21.0
-55.0,29.0,22.0
-49.0,26.0,25.0
-53.0,25.0,18.0
-53.0,28.0,20.0
-57.0,33.0,21.0
-51.0,29.0,20.0
-57.0,27.0,17.0
-52.0,24.0,21.0
-50.0,26.0,24.0
-60.0,29.0,21.0
-53.0,30.0,21.0
-54.0,29.0,24.0
-55.0,31.0,22.0
-52.0,31.0,19.0
-56.0,30.0,19.0
-55.0,33.0,21.0
-52.0,32.0,23.0
-53.0,27.0,22.0
-57.0,29.0,20.0
-51.0,28.0,26.0
-54.0,28.0,24.0
-52.0,29.0,22.0
-53.0,29.0,25.0
-53.0,29.0,24.0
-53.0,28.0,24.0
-50.0,32.0,22.0
-53.0,29.0,21.0
-61.0,25.0,17.0
-52.0,29.0,21.0
-51.0,26.0,26.0
-55.0,28.0,22.0
-53.0,28.0,20.0
-52.0,28.0,25.0
-54.0,29.0,22.0
-54.0,28.0,22.0
-52.0,31.0,23.0
-55.0,29.0,19.0
-54.0,31.0,19.0
-55.0,31.0,21.0
-53.0,30.0,20.0
-53.0,27.0,23.0
-53.0,28.0,22.0
-52.0,29.0,24.0
-55.0,29.0,22.0
-52.0,29.0,24.0
-52.0,28.0,23.0
-53.0,29.0,23.0
-54.0,29.0,21.0
-53.0,26.0,23.0
-53.0,29.0,20.0
-53.0,28.0,22.0
-57.0,27.0,21.0
-52.0,28.0,21.0
-54.0,28.0,20.0
-58.0,28.0,18.0
-53.0,27.0,21.0
-51.0,28.0,22.0
-55.0,27.0,21.0
-55.0,26.0,23.0
-55.0,28.0,21.0
-54.0,26.0,23.0
-53.0,29.0,22.0
-53.0,30.0,20.0
-51.0,29.0,22.0
-52.0,32.0,22.0
-57.0,27.0,17.0
-55.0,30.0,20.0
-55.0,29.0,21.0
-56.0,27.0,21.0
-53.0,29.0,21.0
-53.0,26.0,22.0
-52.0,30.0,20.0
-52.0,31.0,20.0
-56.0,26.0,22.0
-54.0,28.0,22.0
-54.0,28.0,22.0
-55.0,27.0,20.0
-54.0,29.0,20.0
-54.0,26.0,20.0
-56.0,27.0,20.0
-52.0,29.0,21.0
-53.0,29.0,21.0
-56.0,27.0,19.0
-57.0,28.0,17.0
-53.0,27.0,22.0
-57.0,27.0,18.0
-54.0,26.0,23.0
-53.0,27.0,23.0
-56.0,28.0,21.0
-53.0,26.0,24.0
-54.0,28.0,18.0
-56.0,29.0,18.0
-54.0,29.0,20.0
-53.0,29.0,20.0
-54.0,32.0,20.0
-56.0,31.0,18.0
-52.0,29.0,20.0
-54.0,30.0,20.0
-54.0,29.0,22.0
-55.0,30.0,19.0
-55.0,26.0,22.0
-52.0,29.0,22.0
-53.0,29.0,23.0
-53.0,27.0,23.0
-55.0,30.0,21.0
-53.0,28.0,19.0
-57.0,28.0,18.0
-58.0,29.0,17.0
-55.0,26.0,22.0
-55.0,27.0,19.0
-53.0,28.0,20.0
-56.0,29.0,20.0
-52.0,30.0,22.0
-53.0,28.0,23.0
-54.0,26.0,24.0
-54.0,30.0,20.0
-54.0,27.0,23.0
-55.0,30.0,19.0
-51.0,32.0,20.0
-51.0,29.0,22.0
-55.0,33.0,19.0
-53.0,29.0,23.0
-56.0,29.0,20.0
-51.0,28.0,23.0
-54.0,26.0,25.0
-51.0,32.0,21.0
-52.0,29.0,21.0
-52.0,33.0,20.0
-51.0,31.0,21.0
-55.0,30.0,22.0
-55.0,32.0,20.0
-49.0,28.0,24.0
-55.0,28.0,22.0
-56.0,29.0,18.0
-53.0,26.0,23.0
-56.0,32.0,20.0
-55.0,30.0,18.0
-51.0,29.0,22.0
-53.0,31.0,21.0
-54.0,28.0,21.0
-53.0,30.0,24.0
-54.0,29.0,21.0
-55.0,27.0,21.0
-53.0,30.0,22.0
-53.0,29.0,21.0
-54.0,30.0,20.0
-53.0,31.0,21.0
-52.0,32.0,22.0
-53.0,30.0,21.0
-50.0,29.0,23.0
-53.0,31.0,21.0
-55.0,29.0,21.0
-52.0,30.0,23.0
-53.0,31.0,21.0
-54.0,28.0,21.0
-54.0,32.0,21.0
-53.0,29.0,24.0
-50.0,29.0,22.0
-49.0,30.0,24.0
-52.0,31.0,23.0
-53.0,28.0,21.0
-53.0,28.0,21.0
-57.0,28.0,20.0
-56.0,27.0,22.0
-52.0,28.0,21.0
-56.0,26.0,20.0
-55.0,30.0,20.0
-51.0,29.0,22.0
-53.0,27.0,21.0
-50.0,26.0,23.0
-56.0,30.0,21.0
-54.0,25.0,20.0
-53.0,28.0,20.0
-58.0,30.0,20.0
-57.0,31.0,18.0
-53.0,32.0,20.0
-52.0,30.0,19.0
-53.0,32.0,21.0
-51.0,31.0,22.0
-53.0,28.0,23.0
-52.0,28.0,24.0
-53.0,30.0,22.0
-54.0,29.0,19.0
-53.0,29.0,22.0
-52.0,31.0,21.0
-55.0,28.0,22.0
-53.0,28.0,21.0
-51.0,29.0,25.0
-55.0,31.0,19.0
-56.0,27.0,21.0
-54.0,29.0,19.0
-56.0,28.0,21.0
-55.0,28.0,22.0
-54.0,28.0,20.0
-55.0,28.0,20.0
-55.0,29.0,21.0
-53.0,27.0,22.0
-53.0,28.0,23.0
-55.0,28.0,21.0
-56.0,28.0,20.0
-52.0,29.0,21.0
-52.0,29.0,23.0
-57.0,31.0,19.0
-57.0,29.0,20.0
-51.0,33.0,21.0
-53.0,32.0,19.0
-53.0,33.0,18.0
-50.0,34.0,23.0
-55.0,29.0,18.0
-51.0,32.0,22.0
-54.0,29.0,21.0
-55.0,32.0,20.0
-53.0,28.0,20.0
-52.0,31.0,21.0
-43.0,32.0,26.0
-56.0,25.0,22.0
-56.0,31.0,17.0
-55.0,32.0,17.0
-54.0,29.0,22.0
-55.0,31.0,19.0
-53.0,26.0,20.0
-57.0,27.0,19.0
-53.0,29.0,20.0
-56.0,29.0,20.0
-54.0,29.0,18.0
-53.0,30.0,20.0
-54.0,28.0,19.0
-53.0,28.0,19.0
-53.0,29.0,20.0
-52.0,29.0,20.0
-54.0,29.0,21.0
-54.0,29.0,18.0
-56.0,29.0,19.0
-57.0,30.0,17.0
-54.0,28.0,19.0
-53.0,33.0,18.0
-51.0,30.0,21.0
-55.0,31.0,17.0
-54.0,31.0,18.0
-53.0,28.0,22.0
-53.0,31.0,19.0
-55.0,28.0,21.0
-56.0,29.0,19.0
-51.0,28.0,21.0
-52.0,28.0,22.0
-54.0,29.0,20.0
-51.0,28.0,25.0
-57.0,29.0,17.0
-59.0,30.0,16.0
-53.0,27.0,22.0
-56.0,27.0,18.0
-54.0,29.0,18.0
-54.0,27.0,20.0
-55.0,27.0,17.0
-60.0,26.0,16.0
-55.0,28.0,21.0
-59.0,26.0,16.0
-54.0,27.0,21.0
-53.0,28.0,21.0
-56.0,24.0,18.0
-55.0,26.0,21.0
-53.0,27.0,18.0
-57.0,26.0,20.0
-55.0,29.0,19.0
-52.0,28.0,22.0
-56.0,28.0,20.0
-57.0,29.0,18.0
-52.0,29.0,21.0
-54.0,26.0,22.0
-54.0,28.0,19.0
-54.0,26.0,23.0
-56.0,27.0,22.0
-55.0,27.0,19.0
-50.0,28.0,23.0
-54.0,27.0,20.0
-55.0,28.0,21.0
-58.0,26.0,19.0
-59.0,26.0,17.0
-54.0,29.0,18.0
-55.0,27.0,19.0
-55.0,27.0,20.0
-54.0,28.0,19.0
-55.0,25.0,20.0
-56.0,25.0,21.0
-56.0,27.0,17.0
-56.0,27.0,19.0
-56.0,27.0,19.0
-55.0,27.0,18.0
-56.0,26.0,21.0
-53.0,26.0,18.0
-51.0,28.0,24.0
-57.0,26.0,21.0
-56.0,29.0,20.0
-56.0,26.0,19.0
-53.0,31.0,21.0
-55.0,26.0,19.0
-53.0,27.0,20.0
-48.0,32.0,25.0
-56.0,28.0,21.0
-58.0,29.0,17.0
-49.0,29.0,23.0
-55.0,26.0,20.0
-55.0,29.0,18.0
-53.0,27.0,23.0
-56.0,29.0,20.0
-51.0,28.0,25.0
-53.0,28.0,23.0
-52.0,28.0,19.0
-55.0,30.0,18.0
-56.0,25.0,20.0
-56.0,25.0,21.0
-58.0,27.0,17.0
-57.0,27.0,17.0
-57.0,26.0,22.0
-53.0,24.0,22.0
-55.0,24.0,21.0
-57.0,26.0,18.0
-54.0,24.0,21.0
-55.0,27.0,21.0
-59.0,25.0,20.0
-58.0,27.0,21.0
-52.0,27.0,21.0
-57.0,27.0,20.0
-55.0,28.0,21.0
-55.0,29.0,18.0
-52.0,29.0,22.0
-52.0,28.0,24.0
-57.0,30.0,19.0
-53.0,27.0,24.0
-55.0,29.0,20.0
-53.0,27.0,21.0
-54.0,29.0,22.0
-54.0,28.0,23.0
-53.0,28.0,23.0
-52.0,30.0,22.0
-52.0,28.0,21.0
-56.0,28.0,20.0
-57.0,31.0,18.0
-52.0,27.0,23.0
-55.0,28.0,21.0
-52.0,26.0,20.0
-58.0,28.0,20.0
-52.0,27.0,22.0
-57.0,27.0,20.0
-54.0,28.0,22.0
-55.0,26.0,22.0
-53.0,28.0,21.0
-58.0,27.0,18.0
-53.0,30.0,23.0
-52.0,32.0,23.0
-53.0,30.0,21.0
-52.0,31.0,21.0
-55.0,28.0,21.0
-52.0,28.0,22.0
-51.0,29.0,24.0
-53.0,29.0,23.0
-52.0,30.0,21.0
-55.0,30.0,18.0
-55.0,28.0,19.0
-53.0,30.0,22.0
-52.0,30.0,23.0
-53.0,29.0,22.0
-53.0,27.0,23.0
-52.0,30.0,22.0
-54.0,29.0,18.0
-53.0,27.0,22.0
-52.0,27.0,24.0
-55.0,29.0,19.0
-54.0,28.0,21.0
-55.0,29.0,20.0
-54.0,28.0,20.0
-55.0,27.0,22.0
-53.0,30.0,20.0
-52.0,24.0,23.0
-57.0,27.0,20.0
-57.0,29.0,19.0
-58.0,28.0,18.0
-51.0,28.0,24.0
-52.0,30.0,22.0
-53.0,29.0,19.0
-51.0,27.0,23.0
-54.0,30.0,21.0
-54.0,29.0,20.0
-53.0,27.0,24.0
-55.0,30.0,19.0
-53.0,26.0,22.0
-53.0,32.0,21.0
-53.0,31.0,21.0
-52.0,28.0,24.0
-48.0,28.0,25.0
-57.0,28.0,18.0
-59.0,28.0,17.0
-55.0,26.0,21.0
-54.0,28.0,21.0
-55.0,27.0,20.0
-59.0,27.0,17.0
-54.0,28.0,20.0
-55.0,29.0,20.0
-53.0,28.0,19.0
-53.0,27.0,21.0
-53.0,27.0,20.0
-55.0,24.0,21.0
-55.0,26.0,23.0
-58.0,30.0,18.0
-54.0,30.0,20.0
-55.0,29.0,19.0
-50.0,33.0,22.0
-51.0,32.0,22.0
-54.0,28.0,18.0
-53.0,28.0,21.0
-55.0,29.0,21.0
-57.0,26.0,20.0
-54.0,30.0,20.0
-53.0,28.0,19.0
-53.0,31.0,21.0
-52.0,28.0,22.0
-51.0,26.0,23.0
-57.0,29.0,18.0
-52.0,28.0,19.0
-55.0,27.0,19.0
-57.0,28.0,17.0
-59.0,26.0,17.0
-56.0,28.0,17.0
-52.0,27.0,20.0
-59.0,29.0,16.0
-52.0,28.0,21.0
-54.0,28.0,19.0
-53.0,28.0,21.0
-52.0,26.0,23.0
-59.0,26.0,20.0
-56.0,26.0,22.0
-59.0,29.0,18.0
-54.0,32.0,19.0
-53.0,27.0,22.0
-56.0,30.0,17.0
-51.0,30.0,20.0
-56.0,31.0,20.0
-54.0,28.0,22.0
-53.0,28.0,23.0
-53.0,28.0,19.0
-54.0,25.0,21.0
-53.0,30.0,21.0
-54.0,29.0,24.0
-53.0,30.0,21.0
-53.0,30.0,18.0
-52.0,30.0,19.0
-55.0,29.0,18.0
-56.0,29.0,16.0
-53.0,30.0,19.0
-54.0,28.0,18.0
-50.0,28.0,19.0
-62.0,30.0,17.0
-56.0,28.0,20.0
-50.0,31.0,21.0
-54.0,27.0,18.0
-57.0,27.0,18.0
-53.0,28.0,18.0
-56.0,26.0,18.0
-56.0,29.0,20.0
-55.0,29.0,22.0
-55.0,30.0,20.0
-53.0,30.0,18.0
-55.0,30.0,17.0
-54.0,29.0,18.0
-52.0,30.0,21.0
-54.0,29.0,21.0
-53.0,29.0,20.0
-56.0,29.0,17.0
-55.0,30.0,18.0
-52.0,33.0,20.0
-56.0,26.0,19.0
-54.0,29.0,19.0
-51.0,28.0,23.0
-57.0,27.0,18.0
-59.0,29.0,18.0
-55.0,29.0,17.0
-53.0,25.0,22.0
-58.0,29.0,16.0
-51.0,29.0,18.0
-56.0,27.0,20.0
-58.0,29.0,17.0
-54.0,27.0,19.0
-53.0,26.0,23.0
-52.0,29.0,18.0
-55.0,25.0,19.0
-56.0,28.0,21.0
-58.0,31.0,17.0
-55.0,26.0,20.0
-55.0,29.0,21.0
-51.0,31.0,19.0
-53.0,28.0,21.0
-54.0,31.0,17.0
-55.0,30.0,18.0
-55.0,29.0,22.0
-54.0,28.0,20.0
-53.0,28.0,21.0
-56.0,31.0,19.0
-53.0,29.0,22.0
-52.0,28.0,22.0
-56.0,31.0,19.0
-55.0,27.0,20.0
-50.0,28.0,23.0
-51.0,30.0,23.0
-57.0,25.0,20.0
-51.0,29.0,22.0
-58.0,31.0,16.0
-58.0,27.0,18.0
-55.0,31.0,19.0
-56.0,28.0,19.0
-56.0,27.0,19.0
-51.0,28.0,23.0
-54.0,26.0,21.0
-58.0,29.0,17.0
-55.0,26.0,20.0
-56.0,27.0,20.0
-56.0,27.0,18.0
-53.0,29.0,23.0
-52.0,30.0,21.0
-51.0,29.0,21.0
-56.0,29.0,21.0
-53.0,29.0,20.0
-54.0,27.0,21.0
-53.0,31.0,21.0
-53.0,28.0,19.0
-51.0,30.0,23.0
-53.0,32.0,20.0
-58.0,26.0,20.0
-53.0,30.0,22.0
-49.0,28.0,24.0
-55.0,28.0,20.0
-52.0,31.0,20.0
-52.0,30.0,20.0
-57.0,31.0,18.0
-55.0,31.0,18.0
-55.0,27.0,17.0
-61.0,32.0,16.0
-53.0,32.0,20.0
-58.0,30.0,18.0
-57.0,29.0,15.0
-50.0,27.0,18.0
-48.0,24.0,12.0
-53.0,22.0,-5.0
-54.0,22.0,-7.0
-54.0,28.0,15.0
-61.0,30.0,9.0
-58.0,38.0,9.0
-53.0,32.0,13.0
-56.0,32.0,6.0
-57.0,35.0,2.0
-57.0,31.0,10.0
-59.0,31.0,4.0
-58.0,29.0,6.0
-63.0,26.0,3.0
-49.0,32.0,10.0
-57.0,30.0,8.0
-46.0,25.0,-6.0
-52.0,17.0,-4.0
-59.0,32.0,19.0
-62.0,36.0,11.0
-56.0,36.0,9.0
-53.0,33.0,14.0
-55.0,27.0,11.0
-52.0,41.0,5.0
-61.0,30.0,4.0
-48.0,32.0,17.0
-48.0,28.0,16.0
-64.0,32.0,3.0
-53.0,33.0,11.0
-56.0,28.0,8.0
-50.0,29.0,10.0
-51.0,28.0,7.0
-58.0,30.0,5.0
-60.0,41.0,15.0
-55.0,37.0,12.0
-55.0,32.0,10.0
-54.0,30.0,13.0
-59.0,28.0,11.0
-57.0,33.0,10.0
-55.0,30.0,12.0
-57.0,29.0,9.0
-52.0,31.0,12.0
-53.0,31.0,14.0
-57.0,36.0,8.0
-53.0,34.0,11.0
-58.0,31.0,13.0
-55.0,33.0,13.0
-49.0,31.0,16.0
-55.0,31.0,13.0
-55.0,29.0,11.0
-54.0,33.0,11.0
-54.0,31.0,12.0
-56.0,32.0,13.0
-56.0,31.0,10.0
-55.0,31.0,10.0
-51.0,32.0,13.0
-55.0,28.0,12.0
-57.0,31.0,13.0
-57.0,31.0,11.0
-58.0,34.0,10.0
-54.0,33.0,11.0
-55.0,33.0,12.0
-55.0,34.0,13.0
-55.0,30.0,12.0
-55.0,32.0,14.0
-54.0,31.0,14.0
-55.0,30.0,13.0
-54.0,31.0,12.0
-54.0,31.0,11.0
-55.0,33.0,10.0
-56.0,34.0,12.0
-57.0,33.0,11.0
-56.0,28.0,11.0
-55.0,31.0,14.0
-56.0,28.0,13.0
-54.0,26.0,14.0
-56.0,30.0,14.0
-59.0,28.0,11.0
-57.0,29.0,11.0
-58.0,30.0,11.0
-59.0,28.0,10.0
-55.0,30.0,11.0
-55.0,27.0,15.0
-56.0,27.0,9.0
-60.0,29.0,10.0
-56.0,30.0,16.0
-58.0,29.0,13.0
-53.0,31.0,15.0
-55.0,32.0,14.0
-56.0,30.0,14.0
-55.0,30.0,15.0
-53.0,30.0,15.0
-52.0,28.0,19.0
-59.0,30.0,12.0
-56.0,29.0,12.0
-57.0,30.0,13.0
-55.0,29.0,13.0
-54.0,30.0,18.0
-58.0,31.0,15.0
-51.0,28.0,18.0
-53.0,28.0,19.0
-57.0,32.0,13.0
-56.0,30.0,13.0
-56.0,30.0,14.0
-55.0,30.0,14.0
-54.0,28.0,15.0
-56.0,28.0,15.0
-56.0,30.0,14.0
-55.0,28.0,15.0
-57.0,28.0,16.0
-60.0,28.0,16.0
-54.0,28.0,17.0
-55.0,28.0,17.0
-56.0,29.0,13.0
-56.0,33.0,12.0
-54.0,33.0,17.0
-54.0,32.0,13.0
-54.0,33.0,16.0
-53.0,31.0,18.0
-54.0,31.0,14.0
-54.0,31.0,17.0
-56.0,30.0,15.0
-51.0,30.0,16.0
-57.0,30.0,15.0
-55.0,32.0,16.0
-54.0,28.0,18.0
-53.0,31.0,19.0
-58.0,32.0,14.0
-52.0,29.0,19.0
-53.0,30.0,16.0
-56.0,31.0,15.0
-55.0,30.0,16.0
-55.0,27.0,14.0
-59.0,30.0,13.0
-54.0,30.0,14.0
-56.0,30.0,13.0
-53.0,30.0,18.0
-53.0,31.0,18.0
-57.0,26.0,16.0
-52.0,28.0,20.0
-55.0,29.0,14.0
-58.0,29.0,12.0
-54.0,33.0,15.0
-56.0,31.0,14.0
-53.0,34.0,14.0
-52.0,31.0,16.0
-55.0,32.0,13.0
-54.0,30.0,17.0
-55.0,29.0,17.0
-52.0,32.0,15.0
-53.0,30.0,17.0
-57.0,31.0,15.0
-53.0,34.0,15.0
-52.0,29.0,17.0
-52.0,33.0,17.0
-54.0,32.0,14.0
-52.0,30.0,18.0
-57.0,33.0,14.0
-56.0,32.0,13.0
-58.0,30.0,13.0
-53.0,32.0,14.0
-56.0,27.0,15.0
-58.0,28.0,14.0
-55.0,32.0,12.0
-55.0,28.0,16.0
-55.0,30.0,14.0
-52.0,29.0,16.0
-52.0,31.0,18.0
-58.0,32.0,12.0
-52.0,29.0,15.0
-58.0,32.0,15.0
-57.0,30.0,15.0
-53.0,31.0,15.0
-55.0,32.0,15.0
-56.0,31.0,15.0
-51.0,32.0,15.0
-57.0,33.0,13.0
-54.0,31.0,16.0
-56.0,30.0,14.0
-55.0,32.0,12.0
-54.0,29.0,17.0
-58.0,28.0,13.0
-48.0,33.0,20.0
-52.0,30.0,20.0
-54.0,28.0,17.0
-51.0,28.0,21.0
-53.0,32.0,12.0
-57.0,30.0,16.0
-58.0,34.0,10.0
-53.0,35.0,13.0
-64.0,30.0,9.0
-51.0,30.0,14.0
-55.0,31.0,14.0
-58.0,28.0,15.0
-54.0,29.0,17.0
-54.0,28.0,16.0
-53.0,32.0,16.0
-58.0,32.0,17.0
-66.0,30.0,7.0
-52.0,33.0,13.0
-54.0,32.0,16.0
-58.0,27.0,11.0
-48.0,34.0,21.0
-53.0,33.0,17.0
-55.0,31.0,16.0
-53.0,31.0,16.0
-57.0,30.0,14.0
-55.0,33.0,15.0
-54.0,32.0,17.0
-52.0,32.0,18.0
-54.0,31.0,16.0
-54.0,26.0,20.0
-52.0,28.0,20.0
-55.0,30.0,15.0
-58.0,27.0,15.0
-53.0,31.0,17.0
-52.0,29.0,14.0
-51.0,26.0,17.0
-52.0,31.0,20.0
-56.0,28.0,13.0
-56.0,28.0,18.0
-53.0,31.0,16.0
-55.0,29.0,13.0
-51.0,30.0,19.0
-57.0,30.0,15.0
-58.0,29.0,16.0
-54.0,31.0,18.0
-51.0,32.0,16.0
-53.0,33.0,17.0
-56.0,31.0,15.0
-54.0,33.0,15.0
-57.0,30.0,16.0
-55.0,29.0,17.0
-55.0,30.0,17.0
-54.0,31.0,17.0
-56.0,30.0,16.0
-52.0,32.0,17.0
-53.0,32.0,17.0
-56.0,31.0,17.0
-53.0,29.0,17.0
-54.0,29.0,16.0
-55.0,28.0,16.0
-52.0,29.0,17.0
-55.0,31.0,17.0
-52.0,29.0,17.0
-63.0,33.0,14.0
-55.0,31.0,13.0
-57.0,32.0,12.0
-54.0,30.0,18.0
-56.0,31.0,16.0
-50.0,26.0,19.0
-55.0,28.0,16.0
-56.0,29.0,17.0
-58.0,30.0,17.0
-55.0,31.0,15.0
-50.0,30.0,17.0
-53.0,33.0,17.0
-53.0,33.0,17.0
-56.0,31.0,16.0
-53.0,32.0,18.0
-55.0,29.0,16.0
-54.0,32.0,16.0
-54.0,32.0,16.0
-55.0,30.0,15.0
-52.0,30.0,20.0
-54.0,31.0,18.0
-55.0,32.0,18.0
-55.0,30.0,17.0
-53.0,30.0,18.0
-54.0,31.0,16.0
-56.0,31.0,16.0
-56.0,31.0,13.0
-53.0,29.0,18.0
-55.0,31.0,14.0
-54.0,29.0,15.0
-54.0,29.0,18.0
-56.0,28.0,18.0
-58.0,29.0,15.0
-53.0,30.0,19.0
-53.0,31.0,14.0
-55.0,31.0,14.0
-52.0,34.0,16.0
-54.0,33.0,18.0
-54.0,32.0,16.0
-55.0,29.0,18.0
-51.0,31.0,21.0
-50.0,32.0,20.0
-57.0,32.0,15.0
-55.0,31.0,18.0
-53.0,30.0,20.0
-56.0,31.0,16.0
-55.0,31.0,14.0
-54.0,31.0,19.0
-53.0,31.0,17.0
-55.0,32.0,15.0
-56.0,31.0,14.0
-56.0,31.0,14.0
-56.0,30.0,16.0
-55.0,28.0,15.0
-53.0,32.0,14.0
-57.0,30.0,15.0
-56.0,30.0,15.0
-54.0,30.0,17.0
-53.0,30.0,18.0
-53.0,29.0,17.0
-56.0,30.0,14.0
-56.0,31.0,12.0
-58.0,31.0,15.0
-55.0,31.0,16.0
-54.0,31.0,15.0
-52.0,28.0,19.0
-55.0,31.0,18.0
-45.0,30.0,20.0
-54.0,35.0,17.0
-59.0,29.0,15.0
-54.0,30.0,16.0
-55.0,31.0,14.0
-54.0,29.0,17.0
-56.0,31.0,18.0
-52.0,32.0,20.0
-53.0,32.0,15.0
-54.0,31.0,15.0
-55.0,30.0,16.0
-53.0,31.0,14.0
-56.0,31.0,14.0
-57.0,30.0,15.0
-58.0,33.0,13.0
-53.0,29.0,12.0
-61.0,31.0,18.0
-53.0,34.0,16.0
-52.0,28.0,16.0
-51.0,30.0,14.0
-43.0,31.0,19.0
-58.0,31.0,17.0
-58.0,35.0,18.0
-51.0,35.0,19.0
-54.0,32.0,18.0
-50.0,31.0,16.0
-51.0,33.0,17.0
-52.0,29.0,20.0
-55.0,31.0,17.0
-55.0,31.0,20.0
-54.0,32.0,19.0
-52.0,32.0,15.0
-52.0,32.0,18.0
-54.0,34.0,20.0
-50.0,31.0,22.0
-52.0,30.0,20.0
-54.0,34.0,17.0
-57.0,30.0,16.0
-55.0,30.0,16.0
-53.0,29.0,15.0
-54.0,28.0,17.0
-61.0,31.0,13.0
-53.0,31.0,16.0
-55.0,30.0,15.0
-56.0,30.0,16.0
-55.0,29.0,15.0
-54.0,26.0,18.0
-52.0,30.0,16.0
-58.0,32.0,18.0
-62.0,30.0,14.0
-48.0,31.0,19.0
-53.0,32.0,19.0
-56.0,31.0,16.0
-50.0,30.0,19.0
-55.0,30.0,18.0
-54.0,29.0,20.0
-53.0,31.0,18.0
-55.0,29.0,17.0
-53.0,30.0,17.0
-54.0,31.0,18.0
-54.0,30.0,19.0
-56.0,29.0,21.0
-57.0,31.0,17.0
-53.0,31.0,17.0
-55.0,27.0,18.0
-58.0,28.0,16.0
-52.0,29.0,16.0
-59.0,29.0,14.0
-52.0,31.0,18.0
-55.0,31.0,11.0
-54.0,27.0,18.0
-55.0,29.0,18.0
-58.0,26.0,14.0
-57.0,25.0,15.0
-55.0,31.0,18.0
-58.0,31.0,15.0
-47.0,34.0,20.0
-53.0,35.0,21.0
-54.0,25.0,24.0
-63.0,39.0,7.0
-55.0,30.0,14.0
-56.0,30.0,14.0
-55.0,30.0,15.0
-55.0,29.0,15.0
-57.0,29.0,14.0
-53.0,31.0,18.0
-52.0,31.0,18.0
-52.0,27.0,23.0
-55.0,30.0,19.0
-53.0,31.0,16.0
-55.0,30.0,15.0
-55.0,30.0,16.0
-51.0,30.0,17.0
-57.0,29.0,15.0
-57.0,31.0,15.0
-55.0,29.0,17.0
-58.0,29.0,16.0
-52.0,29.0,19.0
-56.0,30.0,17.0
-53.0,28.0,17.0
-51.0,28.0,20.0
-54.0,31.0,21.0
-55.0,31.0,18.0
-57.0,34.0,14.0
-53.0,33.0,16.0
-55.0,30.0,16.0
-53.0,31.0,17.0
-57.0,30.0,16.0
-52.0,29.0,21.0
-54.0,31.0,17.0
-56.0,28.0,17.0
-54.0,29.0,20.0
-54.0,32.0,19.0
-55.0,29.0,19.0
-50.0,29.0,19.0
-53.0,31.0,19.0
-55.0,30.0,15.0
-58.0,30.0,15.0
-56.0,31.0,16.0
-55.0,27.0,16.0
-55.0,28.0,15.0
-55.0,28.0,17.0
-59.0,29.0,14.0
-54.0,28.0,18.0
-55.0,26.0,16.0
-53.0,26.0,17.0
-59.0,31.0,16.0
-55.0,31.0,16.0
-58.0,29.0,16.0
-58.0,30.0,13.0
-54.0,31.0,17.0
-55.0,33.0,15.0
-55.0,29.0,13.0
-56.0,31.0,15.0
-50.0,29.0,20.0
-56.0,29.0,18.0
-52.0,31.0,17.0
-56.0,30.0,17.0
-54.0,34.0,16.0
-51.0,32.0,21.0
-55.0,30.0,20.0
-51.0,30.0,20.0
-50.0,30.0,20.0
-57.0,28.0,14.0
-58.0,30.0,13.0
-52.0,30.0,18.0
-58.0,30.0,16.0
-56.0,32.0,15.0
-53.0,31.0,16.0
-56.0,28.0,16.0
-52.0,31.0,17.0
-56.0,28.0,17.0
-57.0,27.0,15.0
-52.0,31.0,19.0
-54.0,30.0,20.0
-55.0,31.0,14.0
-53.0,34.0,16.0
-56.0,30.0,16.0
-55.0,30.0,15.0
-53.0,32.0,18.0
-53.0,30.0,20.0
-56.0,33.0,16.0
-51.0,31.0,18.0
-60.0,29.0,15.0
-53.0,34.0,16.0
-55.0,31.0,20.0
-52.0,33.0,21.0
-52.0,30.0,18.0
-53.0,30.0,16.0
-57.0,30.0,12.0
-56.0,30.0,17.0
-54.0,31.0,15.0
-55.0,30.0,13.0
-56.0,29.0,14.0
-56.0,30.0,12.0
-55.0,30.0,16.0
-55.0,28.0,18.0
-56.0,29.0,14.0
-54.0,29.0,16.0
-63.0,32.0,10.0
-55.0,29.0,17.0
-54.0,31.0,16.0
-50.0,31.0,18.0
-54.0,32.0,16.0
-56.0,31.0,16.0
-55.0,32.0,17.0
-55.0,30.0,18.0
-52.0,31.0,18.0
-52.0,32.0,19.0
-53.0,33.0,17.0
-53.0,28.0,16.0
-52.0,31.0,19.0
-55.0,32.0,17.0
-58.0,30.0,15.0
-54.0,31.0,19.0
-55.0,31.0,15.0
-49.0,30.0,20.0
-55.0,29.0,16.0
-53.0,29.0,20.0
-58.0,32.0,8.0
-58.0,30.0,13.0
-52.0,30.0,16.0
-55.0,30.0,16.0
-57.0,29.0,14.0
-56.0,30.0,13.0
-54.0,31.0,17.0
-56.0,32.0,15.0
-52.0,33.0,14.0
-53.0,32.0,16.0
-52.0,31.0,14.0
-58.0,31.0,12.0
-54.0,30.0,18.0
-57.0,32.0,16.0
-49.0,31.0,19.0
-55.0,30.0,17.0
-51.0,30.0,16.0
-55.0,30.0,16.0
-54.0,34.0,16.0
-54.0,35.0,14.0
-55.0,32.0,17.0
-52.0,29.0,16.0
-55.0,34.0,15.0
-54.0,31.0,17.0
-55.0,29.0,15.0
-53.0,31.0,16.0
-60.0,31.0,11.0
-59.0,31.0,11.0
-52.0,31.0,20.0
-54.0,31.0,17.0
-52.0,32.0,18.0
-55.0,31.0,14.0
-56.0,29.0,11.0
-56.0,34.0,16.0
-55.0,33.0,14.0
-50.0,33.0,19.0
-54.0,33.0,19.0
-54.0,31.0,14.0
-48.0,33.0,19.0
-55.0,32.0,18.0
-54.0,31.0,16.0
-52.0,32.0,18.0
-55.0,32.0,15.0
-55.0,32.0,15.0
-52.0,29.0,20.0
-52.0,33.0,17.0
-52.0,34.0,19.0
-54.0,32.0,16.0
-54.0,32.0,16.0
-49.0,31.0,18.0
-60.0,32.0,15.0
-51.0,34.0,17.0
-55.0,30.0,15.0
-62.0,33.0,13.0
-53.0,31.0,15.0
-61.0,30.0,12.0
-56.0,32.0,15.0
-49.0,31.0,17.0
-56.0,30.0,13.0
-55.0,32.0,14.0
-60.0,36.0,14.0
-55.0,36.0,15.0
-51.0,30.0,19.0
-60.0,30.0,14.0
-50.0,36.0,17.0
-53.0,32.0,17.0
-55.0,33.0,16.0
-51.0,32.0,18.0
-53.0,31.0,19.0
-55.0,32.0,15.0
-50.0,33.0,19.0
-49.0,32.0,19.0
-51.0,36.0,19.0
-52.0,34.0,21.0
-56.0,33.0,14.0
-54.0,33.0,15.0
-52.0,29.0,18.0
-53.0,30.0,17.0
-53.0,31.0,16.0
-54.0,31.0,18.0
-53.0,32.0,16.0
-54.0,32.0,14.0
-56.0,31.0,18.0
-53.0,31.0,16.0
-53.0,28.0,16.0
-56.0,31.0,16.0
-53.0,33.0,18.0
-57.0,33.0,14.0
-53.0,32.0,17.0
-50.0,35.0,17.0
-54.0,34.0,16.0
-53.0,33.0,17.0
-52.0,32.0,20.0
-54.0,32.0,18.0
-52.0,30.0,17.0
-52.0,33.0,17.0
-55.0,34.0,16.0
-51.0,34.0,22.0
-51.0,34.0,21.0
-54.0,31.0,15.0
-50.0,32.0,19.0
-52.0,32.0,16.0
-55.0,31.0,15.0
-54.0,33.0,15.0
-57.0,34.0,12.0
-52.0,32.0,17.0
-55.0,33.0,16.0
-53.0,28.0,15.0
-53.0,29.0,19.0
-53.0,31.0,15.0
-54.0,29.0,15.0
-52.0,34.0,17.0
-59.0,37.0,12.0
-51.0,33.0,18.0
-59.0,30.0,13.0
-53.0,33.0,16.0
-56.0,30.0,15.0
-57.0,30.0,14.0
-55.0,29.0,16.0
-54.0,32.0,15.0
-56.0,30.0,14.0
-50.0,31.0,20.0
-51.0,31.0,18.0
-54.0,32.0,18.0
-57.0,32.0,14.0
-56.0,31.0,10.0
-52.0,31.0,16.0
-53.0,30.0,16.0
-58.0,31.0,11.0
-54.0,30.0,15.0
-55.0,30.0,15.0
-54.0,30.0,16.0
-53.0,29.0,15.0
-57.0,27.0,15.0
-52.0,33.0,15.0
-53.0,31.0,18.0
-59.0,31.0,13.0
-51.0,32.0,14.0
-54.0,30.0,14.0
-57.0,29.0,13.0
-49.0,33.0,18.0
-54.0,29.0,20.0
-53.0,30.0,14.0
-54.0,30.0,15.0
-57.0,30.0,15.0
-58.0,31.0,13.0
-55.0,32.0,17.0
-55.0,31.0,16.0
-55.0,30.0,17.0
-49.0,31.0,18.0
-56.0,31.0,13.0
-54.0,30.0,16.0
-54.0,31.0,15.0
-58.0,29.0,14.0
-55.0,31.0,16.0
-53.0,31.0,16.0
-55.0,30.0,16.0
-54.0,31.0,16.0
-52.0,29.0,17.0
-56.0,30.0,16.0
-55.0,31.0,18.0
-55.0,33.0,15.0
-59.0,31.0,14.0
-52.0,32.0,16.0
-51.0,32.0,16.0
-53.0,33.0,16.0
-54.0,31.0,17.0
-52.0,33.0,18.0
-52.0,30.0,18.0
-54.0,33.0,15.0
-54.0,32.0,14.0
-54.0,32.0,17.0
-51.0,32.0,19.0
-51.0,30.0,20.0
-53.0,30.0,17.0
-56.0,31.0,14.0
-57.0,30.0,12.0
-56.0,30.0,14.0
-56.0,29.0,15.0
-57.0,30.0,13.0
-52.0,30.0,15.0
-58.0,31.0,12.0
-58.0,30.0,12.0
-55.0,28.0,16.0
-57.0,28.0,13.0
-59.0,30.0,12.0
-55.0,28.0,17.0
-58.0,31.0,12.0
-51.0,33.0,16.0
-54.0,33.0,14.0
-53.0,33.0,13.0
-51.0,33.0,18.0
-54.0,32.0,15.0
-55.0,32.0,16.0
-51.0,29.0,20.0
-56.0,31.0,16.0
-57.0,32.0,13.0
-56.0,33.0,13.0
-50.0,30.0,19.0
-51.0,30.0,17.0
-56.0,34.0,14.0
-53.0,31.0,16.0
-55.0,30.0,15.0
-56.0,30.0,12.0
-54.0,32.0,16.0
-55.0,32.0,15.0
-55.0,32.0,12.0
-51.0,31.0,19.0
-53.0,28.0,16.0
-57.0,30.0,11.0
-59.0,29.0,16.0
-56.0,32.0,16.0
-52.0,33.0,17.0
-55.0,32.0,14.0
-51.0,32.0,15.0
-56.0,33.0,17.0
-51.0,33.0,19.0
-52.0,34.0,18.0
-59.0,31.0,13.0
-52.0,31.0,16.0
-51.0,31.0,19.0
-52.0,31.0,19.0
-54.0,32.0,18.0
-47.0,34.0,22.0
-52.0,34.0,19.0
-49.0,34.0,17.0
-53.0,34.0,15.0
-56.0,32.0,16.0
-53.0,33.0,17.0
-58.0,33.0,15.0
-57.0,32.0,16.0
-55.0,32.0,24.0
-55.0,32.0,22.0
-53.0,32.0,15.0
-47.0,32.0,15.0
-46.0,30.0,17.0
-52.0,35.0,14.0
-56.0,38.0,16.0
-51.0,33.0,22.0
-51.0,34.0,17.0
-51.0,35.0,19.0
-54.0,33.0,18.0
-54.0,32.0,17.0
-52.0,32.0,19.0
-56.0,33.0,15.0
-48.0,33.0,19.0
-51.0,32.0,19.0
-54.0,32.0,15.0
-51.0,31.0,19.0
-57.0,30.0,21.0
-55.0,34.0,16.0
-52.0,32.0,16.0
-54.0,30.0,15.0
-56.0,31.0,12.0
-53.0,32.0,16.0
-57.0,33.0,14.0
-53.0,31.0,18.0
-51.0,30.0,22.0
-54.0,30.0,13.0
-52.0,26.0,14.0
-57.0,35.0,16.0
-53.0,35.0,15.0
-56.0,32.0,18.0
-53.0,34.0,20.0
-52.0,34.0,16.0
-50.0,30.0,18.0
-49.0,34.0,20.0
-54.0,34.0,17.0
-55.0,33.0,17.0
-52.0,34.0,19.0
-53.0,31.0,17.0
-50.0,31.0,21.0
-51.0,32.0,19.0
-51.0,31.0,18.0
-53.0,31.0,18.0
-56.0,34.0,14.0
-54.0,31.0,14.0
-55.0,31.0,16.0
-57.0,34.0,14.0
-56.0,31.0,19.0
-55.0,34.0,17.0
-53.0,28.0,14.0
-53.0,28.0,16.0
-54.0,31.0,16.0
-60.0,31.0,14.0
-53.0,31.0,22.0
-55.0,33.0,19.0
-47.0,35.0,18.0
-53.0,36.0,17.0
-54.0,33.0,13.0
-53.0,31.0,18.0
-52.0,35.0,20.0
-53.0,31.0,19.0
-50.0,31.0,21.0
-50.0,28.0,18.0
-51.0,31.0,17.0
-56.0,33.0,17.0
-55.0,34.0,19.0
-56.0,32.0,15.0
-54.0,31.0,18.0
-51.0,31.0,17.0
-52.0,33.0,18.0
-53.0,30.0,18.0
-54.0,31.0,16.0
-55.0,33.0,18.0
-57.0,31.0,16.0
-51.0,28.0,18.0
-53.0,27.0,18.0
-55.0,30.0,16.0
-54.0,30.0,15.0
-57.0,33.0,18.0
-54.0,35.0,15.0
-54.0,32.0,17.0
-52.0,33.0,18.0
-54.0,31.0,17.0
-53.0,30.0,19.0
-54.0,33.0,18.0
-53.0,32.0,17.0
-55.0,32.0,16.0
-54.0,31.0,15.0
-50.0,31.0,20.0
-53.0,33.0,20.0
-54.0,32.0,19.0
-51.0,32.0,21.0
-54.0,29.0,18.0
-53.0,29.0,18.0
-49.0,33.0,17.0
-53.0,32.0,16.0
-58.0,32.0,15.0
-55.0,34.0,16.0
-52.0,29.0,17.0
-57.0,29.0,16.0
-53.0,32.0,17.0
-53.0,29.0,16.0
-53.0,32.0,19.0
-52.0,33.0,15.0
-55.0,31.0,15.0
-49.0,36.0,18.0
-53.0,33.0,17.0
-53.0,30.0,18.0
-53.0,32.0,21.0
-54.0,35.0,17.0
-57.0,33.0,14.0
-47.0,34.0,19.0
-48.0,33.0,17.0
-52.0,32.0,20.0
-53.0,31.0,19.0
-56.0,31.0,20.0
-54.0,31.0,19.0
-54.0,31.0,16.0
-54.0,30.0,16.0
-54.0,31.0,15.0
-59.0,30.0,13.0
-53.0,31.0,18.0
-54.0,32.0,16.0
-56.0,29.0,15.0
-55.0,29.0,15.0
-52.0,31.0,16.0
-55.0,28.0,16.0
-53.0,31.0,17.0
-55.0,30.0,17.0
-55.0,31.0,15.0
-56.0,28.0,18.0
-54.0,32.0,14.0
-55.0,33.0,17.0
-54.0,31.0,16.0
-53.0,31.0,16.0
-55.0,30.0,14.0
-54.0,31.0,16.0
-53.0,30.0,17.0
-52.0,31.0,19.0
-58.0,32.0,14.0
-59.0,29.0,14.0
-55.0,29.0,16.0
-52.0,31.0,18.0
-54.0,29.0,16.0
-55.0,31.0,13.0
-56.0,32.0,13.0
-57.0,30.0,14.0
-56.0,31.0,15.0
-55.0,27.0,17.0
-54.0,31.0,18.0
-56.0,27.0,16.0
-56.0,28.0,14.0
-52.0,33.0,17.0
-53.0,31.0,20.0
-58.0,29.0,17.0
-55.0,31.0,16.0
-53.0,31.0,17.0
-53.0,30.0,18.0
-50.0,34.0,17.0
-56.0,33.0,14.0
-55.0,31.0,18.0
-55.0,34.0,16.0
-52.0,29.0,18.0
-52.0,33.0,16.0
-53.0,30.0,16.0
-54.0,29.0,18.0
-56.0,32.0,15.0
-55.0,29.0,16.0
-56.0,29.0,13.0
-56.0,29.0,14.0
-59.0,28.0,15.0
-55.0,31.0,13.0
-52.0,30.0,16.0
-58.0,28.0,15.0
-51.0,28.0,19.0
-58.0,28.0,15.0
-60.0,27.0,11.0
-50.0,29.0,20.0
-55.0,27.0,19.0
-58.0,33.0,10.0
-54.0,34.0,12.0
-57.0,27.0,14.0
-55.0,30.0,16.0
-55.0,30.0,15.0
-57.0,29.0,16.0
-57.0,29.0,15.0
-56.0,28.0,14.0
-58.0,30.0,12.0
-54.0,30.0,16.0
-56.0,30.0,16.0
-57.0,33.0,13.0
-52.0,27.0,17.0
-56.0,28.0,14.0
-56.0,29.0,14.0
-62.0,26.0,12.0
-59.0,26.0,12.0
-60.0,28.0,11.0
-51.0,24.0,18.0
-55.0,30.0,13.0
-59.0,28.0,13.0
-55.0,27.0,15.0
-53.0,27.0,16.0
-58.0,29.0,14.0
-55.0,29.0,16.0
-55.0,29.0,14.0
-55.0,31.0,16.0
-57.0,29.0,16.0
-53.0,30.0,15.0
-51.0,31.0,18.0
-54.0,30.0,17.0
-59.0,31.0,12.0
-50.0,30.0,19.0
-55.0,30.0,17.0
-57.0,33.0,12.0
-51.0,28.0,20.0
-56.0,31.0,18.0
-54.0,30.0,17.0
-57.0,28.0,17.0
-54.0,31.0,16.0
-52.0,30.0,16.0
-56.0,31.0,15.0
-62.0,31.0,10.0
-51.0,27.0,13.0
-59.0,33.0,13.0
-55.0,30.0,12.0
-58.0,29.0,15.0
-53.0,29.0,18.0
-54.0,27.0,18.0
-53.0,29.0,17.0
-55.0,30.0,16.0
-55.0,30.0,18.0
-55.0,33.0,14.0
-52.0,30.0,15.0
-57.0,35.0,17.0
-54.0,36.0,13.0
-51.0,29.0,19.0
-55.0,30.0,16.0
-51.0,32.0,21.0
-56.0,31.0,21.0
-57.0,32.0,14.0
-53.0,31.0,17.0
-52.0,32.0,20.0
-53.0,31.0,18.0
-56.0,28.0,16.0
-56.0,28.0,15.0
-56.0,31.0,14.0
-57.0,30.0,14.0
-55.0,30.0,13.0
-53.0,30.0,14.0
-59.0,29.0,14.0
-55.0,30.0,13.0
-60.0,29.0,13.0
-56.0,31.0,16.0
-55.0,29.0,19.0
-52.0,27.0,18.0
-51.0,28.0,18.0
-54.0,32.0,17.0
-54.0,33.0,18.0
-53.0,31.0,14.0
-57.0,30.0,16.0
-54.0,37.0,13.0
-57.0,35.0,11.0
-53.0,29.0,18.0
-49.0,30.0,20.0
-56.0,31.0,17.0
-56.0,29.0,17.0
-52.0,28.0,18.0
-52.0,30.0,19.0
-54.0,32.0,14.0
-51.0,30.0,19.0
-57.0,32.0,16.0
-53.0,33.0,16.0
-59.0,29.0,13.0
-58.0,30.0,12.0
-55.0,28.0,17.0
-57.0,29.0,13.0
-56.0,31.0,14.0
-54.0,30.0,16.0
-56.0,28.0,15.0
-52.0,28.0,18.0
-59.0,27.0,15.0
-60.0,30.0,13.0
-58.0,28.0,14.0
-56.0,31.0,15.0
-55.0,32.0,14.0
-53.0,31.0,16.0
-55.0,33.0,16.0
-55.0,30.0,16.0
-55.0,29.0,18.0
-53.0,30.0,17.0
-56.0,29.0,17.0
-56.0,31.0,15.0
-52.0,30.0,16.0
-57.0,29.0,18.0
-56.0,30.0,14.0
-51.0,31.0,20.0
-59.0,28.0,16.0
-55.0,31.0,17.0
-52.0,31.0,16.0
-56.0,26.0,14.0
-57.0,30.0,14.0
-57.0,27.0,17.0
-59.0,28.0,14.0
-55.0,30.0,14.0
-57.0,28.0,16.0
-52.0,29.0,18.0
-56.0,29.0,15.0
-57.0,27.0,14.0
-56.0,29.0,16.0
-56.0,34.0,15.0
-54.0,32.0,15.0
-54.0,32.0,16.0
-51.0,29.0,15.0
-54.0,33.0,18.0
-56.0,30.0,16.0
-52.0,29.0,18.0
-54.0,30.0,15.0
-57.0,30.0,13.0
-53.0,29.0,19.0
-55.0,30.0,15.0
-51.0,29.0,21.0
-55.0,30.0,17.0
-53.0,31.0,18.0
-52.0,31.0,17.0
-55.0,31.0,13.0
-57.0,33.0,13.0
-56.0,30.0,14.0
-58.0,31.0,12.0
-55.0,31.0,16.0
-54.0,31.0,18.0
-54.0,28.0,15.0
-60.0,28.0,12.0
-55.0,30.0,17.0
-53.0,30.0,18.0
-54.0,33.0,16.0
-52.0,34.0,17.0
-52.0,31.0,18.0
-57.0,31.0,15.0
-52.0,33.0,17.0
-54.0,31.0,19.0
-56.0,32.0,13.0
-56.0,32.0,14.0
-56.0,31.0,16.0
-55.0,31.0,15.0
-56.0,30.0,19.0
-53.0,32.0,19.0
-51.0,32.0,20.0
-52.0,32.0,20.0
-51.0,32.0,19.0
-51.0,31.0,17.0
-52.0,30.0,18.0
-53.0,33.0,17.0
-57.0,33.0,15.0
-55.0,33.0,15.0
-55.0,32.0,16.0
-53.0,30.0,17.0
-55.0,30.0,17.0
-56.0,30.0,18.0
-55.0,29.0,19.0
-52.0,32.0,18.0
-56.0,34.0,16.0
-52.0,34.0,17.0
-53.0,35.0,14.0
-56.0,31.0,15.0
-54.0,31.0,17.0
-50.0,33.0,21.0
-52.0,33.0,19.0
-54.0,30.0,15.0
-56.0,33.0,16.0
-57.0,32.0,16.0
-48.0,33.0,21.0
-53.0,30.0,17.0
-53.0,30.0,18.0
-52.0,31.0,18.0
-52.0,29.0,19.0
-61.0,28.0,13.0
-56.0,31.0,16.0
-57.0,29.0,14.0
-55.0,28.0,17.0
-52.0,29.0,19.0
-53.0,33.0,13.0
-56.0,33.0,12.0
-56.0,28.0,17.0
-55.0,31.0,18.0
-55.0,33.0,15.0
-52.0,33.0,17.0
-56.0,31.0,14.0
-50.0,32.0,16.0
-51.0,32.0,17.0
-58.0,30.0,13.0
-50.0,33.0,19.0
-54.0,30.0,18.0
-56.0,31.0,15.0
-52.0,33.0,18.0
-55.0,29.0,15.0
-58.0,32.0,16.0
-51.0,30.0,20.0
-54.0,31.0,17.0
-55.0,30.0,15.0
-51.0,32.0,16.0
-58.0,31.0,16.0
-57.0,28.0,13.0
-57.0,33.0,17.0
-60.0,31.0,14.0
-51.0,34.0,16.0
-51.0,29.0,19.0
-55.0,28.0,17.0
-54.0,31.0,16.0
-55.0,29.0,17.0
-54.0,31.0,18.0
-53.0,29.0,16.0
-48.0,37.0,19.0
-57.0,36.0,14.0
-52.0,30.0,14.0
-47.0,37.0,20.0
-59.0,30.0,16.0
-58.0,28.0,15.0
-51.0,34.0,19.0
-55.0,29.0,16.0
-51.0,34.0,18.0
-48.0,35.0,19.0
-55.0,30.0,17.0
-53.0,32.0,17.0
-54.0,32.0,15.0
-57.0,29.0,14.0
-53.0,30.0,18.0
-58.0,32.0,15.0
-62.0,30.0,12.0
-51.0,33.0,16.0
-59.0,31.0,13.0
-56.0,29.0,15.0
-55.0,29.0,14.0
-56.0,27.0,15.0
-51.0,32.0,16.0
-55.0,31.0,15.0
-60.0,31.0,11.0
-53.0,34.0,18.0
-55.0,32.0,17.0
-51.0,32.0,16.0
-53.0,34.0,16.0
-56.0,30.0,17.0
-54.0,33.0,16.0
-54.0,30.0,17.0
-55.0,28.0,18.0
-53.0,31.0,15.0
-54.0,30.0,17.0
-53.0,35.0,17.0
-52.0,31.0,18.0
-54.0,31.0,18.0
-51.0,32.0,19.0
-55.0,29.0,18.0
-56.0,30.0,17.0
-52.0,31.0,17.0
-53.0,29.0,16.0
-58.0,31.0,13.0
-53.0,32.0,15.0
-56.0,29.0,16.0
-54.0,29.0,17.0
-54.0,28.0,16.0
-54.0,28.0,17.0
-55.0,31.0,14.0
-59.0,30.0,14.0
-54.0,32.0,17.0
-52.0,31.0,16.0
-56.0,31.0,15.0
-56.0,32.0,17.0
-56.0,31.0,15.0
-55.0,29.0,16.0
-52.0,31.0,18.0
-56.0,30.0,16.0
-54.0,31.0,14.0
-53.0,31.0,18.0
-52.0,31.0,20.0
-56.0,31.0,16.0
-54.0,28.0,19.0
-52.0,30.0,18.0
-54.0,30.0,16.0
-56.0,31.0,16.0
-55.0,29.0,14.0
-47.0,27.0,18.0
-58.0,32.0,16.0
-58.0,26.0,14.0
-58.0,29.0,14.0
-53.0,27.0,18.0
-55.0,27.0,19.0
-56.0,31.0,15.0
-56.0,32.0,14.0
-54.0,31.0,18.0
-56.0,32.0,15.0
-53.0,30.0,15.0
-55.0,29.0,16.0
-52.0,33.0,16.0
-55.0,28.0,17.0
-54.0,30.0,18.0
-55.0,31.0,15.0
-55.0,29.0,17.0
-55.0,31.0,16.0
-53.0,28.0,17.0
-54.0,31.0,16.0
-52.0,32.0,20.0
-60.0,30.0,15.0
-56.0,32.0,15.0
-52.0,29.0,18.0
-57.0,31.0,12.0
-55.0,31.0,14.0
-55.0,30.0,16.0
-56.0,29.0,13.0
-55.0,30.0,16.0
-56.0,28.0,17.0
-54.0,28.0,17.0
-55.0,29.0,16.0
-55.0,28.0,17.0
-59.0,29.0,13.0
-58.0,32.0,14.0
-55.0,29.0,16.0
-58.0,27.0,16.0
-51.0,30.0,22.0
-55.0,35.0,15.0
-55.0,27.0,15.0
-53.0,33.0,18.0
-56.0,27.0,16.0
-56.0,31.0,17.0
-57.0,29.0,15.0
-57.0,29.0,17.0
-56.0,31.0,18.0
-54.0,28.0,20.0
-52.0,29.0,19.0
-47.0,29.0,21.0
-55.0,29.0,16.0
-54.0,31.0,17.0
-53.0,29.0,18.0
-62.0,30.0,12.0
-55.0,30.0,15.0
-56.0,28.0,17.0
-56.0,30.0,15.0
-50.0,26.0,21.0
-52.0,30.0,21.0
-60.0,28.0,10.0
-58.0,24.0,16.0
-53.0,34.0,18.0
-54.0,29.0,17.0
-50.0,32.0,19.0
-52.0,34.0,18.0
-53.0,29.0,17.0
-53.0,30.0,20.0
-53.0,30.0,19.0
-54.0,29.0,21.0
-54.0,31.0,16.0
-54.0,31.0,17.0
-54.0,29.0,20.0
-54.0,31.0,21.0
-56.0,26.0,21.0
-53.0,27.0,20.0
-51.0,31.0,20.0
-51.0,30.0,21.0
-55.0,28.0,18.0
-56.0,30.0,14.0
-59.0,29.0,12.0
-55.0,30.0,15.0
-57.0,32.0,15.0
-52.0,25.0,21.0
-57.0,27.0,20.0
-55.0,28.0,16.0
-57.0,27.0,15.0
-60.0,33.0,14.0
-54.0,31.0,17.0
-54.0,31.0,17.0
-54.0,31.0,16.0
-53.0,31.0,18.0
-52.0,31.0,18.0
-54.0,30.0,18.0
-52.0,28.0,20.0
-54.0,32.0,15.0
-56.0,28.0,17.0
-49.0,31.0,20.0
-53.0,32.0,18.0
-58.0,28.0,18.0
-56.0,30.0,20.0
-54.0,27.0,18.0
-51.0,29.0,19.0
-57.0,30.0,16.0
-61.0,25.0,14.0
-55.0,31.0,15.0
-52.0,30.0,19.0
-57.0,29.0,17.0
-52.0,26.0,20.0
-58.0,28.0,15.0
-57.0,26.0,16.0
-58.0,28.0,18.0
-53.0,28.0,16.0
-58.0,30.0,14.0
-52.0,29.0,19.0
-58.0,31.0,16.0
-51.0,31.0,20.0
-55.0,32.0,18.0
-55.0,30.0,17.0
-53.0,30.0,18.0
-54.0,28.0,17.0
-57.0,29.0,15.0
-51.0,30.0,21.0
-58.0,29.0,15.0
-54.0,30.0,19.0
-50.0,27.0,21.0
-56.0,31.0,15.0
-56.0,30.0,16.0
-57.0,30.0,14.0
-55.0,29.0,13.0
-55.0,30.0,14.0
-58.0,31.0,13.0
-54.0,27.0,22.0
-53.0,26.0,19.0
-57.0,29.0,14.0
-52.0,29.0,18.0
-54.0,31.0,15.0
-56.0,31.0,15.0
-50.0,32.0,19.0
-51.0,32.0,16.0
-52.0,30.0,17.0
-55.0,32.0,16.0
-54.0,29.0,18.0
-54.0,30.0,17.0
-57.0,31.0,16.0
-54.0,28.0,19.0
-56.0,32.0,16.0
-53.0,32.0,19.0
-48.0,29.0,22.0
-54.0,30.0,15.0
-53.0,31.0,17.0
-55.0,29.0,16.0
-58.0,31.0,12.0
-55.0,28.0,15.0
-59.0,29.0,14.0
-54.0,30.0,16.0
-55.0,27.0,18.0
-54.0,28.0,18.0
-57.0,28.0,13.0
-57.0,26.0,18.0
-59.0,28.0,17.0
-54.0,34.0,15.0
-60.0,30.0,12.0
-50.0,32.0,18.0
-53.0,34.0,17.0
-55.0,29.0,17.0
-54.0,29.0,18.0
-54.0,29.0,16.0
-57.0,29.0,16.0
-54.0,29.0,17.0
-52.0,30.0,19.0
-55.0,31.0,18.0
-54.0,30.0,16.0
-59.0,31.0,15.0
-57.0,29.0,16.0
-54.0,29.0,16.0
-55.0,28.0,15.0
-59.0,29.0,13.0
-58.0,30.0,14.0
-55.0,29.0,14.0
-54.0,29.0,17.0
-52.0,27.0,19.0
-55.0,28.0,17.0
-56.0,28.0,15.0
-57.0,28.0,15.0
-54.0,26.0,19.0
-56.0,30.0,14.0
-55.0,29.0,17.0
-53.0,32.0,16.0
-54.0,31.0,14.0
-54.0,30.0,16.0
-56.0,30.0,15.0
-58.0,28.0,16.0
-58.0,29.0,16.0
-57.0,28.0,17.0
-52.0,30.0,18.0
-54.0,30.0,15.0
-54.0,31.0,19.0
-59.0,31.0,13.0
-53.0,28.0,16.0
-56.0,29.0,15.0
-55.0,28.0,17.0
-56.0,29.0,17.0
-56.0,29.0,13.0
-54.0,28.0,15.0
-58.0,30.0,13.0
-56.0,30.0,14.0
-55.0,29.0,18.0
-54.0,28.0,16.0
-56.0,28.0,15.0
-56.0,27.0,15.0
-57.0,30.0,15.0
-56.0,28.0,18.0
-52.0,29.0,18.0
-57.0,31.0,16.0
-54.0,31.0,16.0
-53.0,35.0,14.0
-55.0,31.0,14.0
-53.0,29.0,15.0
-53.0,30.0,18.0
-54.0,31.0,18.0
-57.0,29.0,16.0
-55.0,29.0,18.0
-54.0,32.0,16.0
-55.0,31.0,14.0
-57.0,30.0,17.0
-56.0,30.0,17.0
-51.0,30.0,19.0
-53.0,31.0,17.0
-57.0,29.0,13.0
-56.0,30.0,14.0
-55.0,29.0,15.0
-55.0,29.0,14.0
-55.0,28.0,15.0
-56.0,29.0,16.0
-57.0,29.0,15.0
-53.0,27.0,17.0
-57.0,28.0,15.0
-57.0,27.0,15.0
-55.0,28.0,16.0
-54.0,29.0,16.0
-57.0,29.0,15.0
-53.0,32.0,16.0
-54.0,33.0,15.0
-57.0,31.0,14.0
-53.0,31.0,16.0
-54.0,30.0,17.0
-58.0,30.0,14.0
-55.0,29.0,16.0
-54.0,29.0,17.0
-54.0,31.0,15.0
-54.0,29.0,15.0
-55.0,30.0,18.0
-56.0,32.0,15.0
-54.0,31.0,18.0
-61.0,31.0,11.0
-49.0,30.0,18.0
-52.0,31.0,17.0
-58.0,30.0,12.0
-55.0,29.0,15.0
-58.0,27.0,14.0
-59.0,27.0,16.0
-56.0,27.0,15.0
-56.0,27.0,16.0
-56.0,28.0,16.0
-58.0,27.0,14.0
-58.0,28.0,12.0
-54.0,28.0,17.0
-56.0,28.0,18.0
-57.0,31.0,13.0
-54.0,29.0,16.0
-55.0,31.0,16.0
-56.0,30.0,14.0
-52.0,32.0,17.0
-54.0,31.0,16.0
-55.0,28.0,17.0
-55.0,32.0,15.0
-58.0,29.0,14.0
-54.0,27.0,15.0
-53.0,31.0,18.0
-57.0,29.0,15.0
-49.0,31.0,20.0
-52.0,30.0,19.0
-54.0,31.0,12.0
-54.0,30.0,13.0
-56.0,31.0,14.0
-58.0,29.0,13.0
-57.0,28.0,15.0
-58.0,29.0,15.0
-57.0,28.0,14.0
-59.0,29.0,15.0
-55.0,28.0,17.0
-55.0,29.0,18.0
-55.0,29.0,15.0
-55.0,28.0,15.0
-57.0,30.0,14.0
-50.0,29.0,19.0
-58.0,30.0,15.0
-55.0,33.0,14.0
-50.0,32.0,17.0
-54.0,30.0,16.0
-55.0,29.0,17.0
-55.0,32.0,15.0
-57.0,30.0,14.0
-53.0,30.0,18.0
-55.0,28.0,17.0
-55.0,31.0,16.0
-54.0,31.0,17.0
-57.0,27.0,18.0
-50.0,28.0,21.0
-52.0,30.0,18.0
-52.0,30.0,18.0
-57.0,29.0,15.0
-58.0,28.0,14.0
-60.0,34.0,12.0
-56.0,34.0,10.0
-54.0,27.0,18.0
-51.0,26.0,19.0
-54.0,27.0,13.0
-59.0,30.0,13.0
-56.0,30.0,15.0
-56.0,29.0,16.0
-55.0,32.0,14.0
-52.0,29.0,13.0
-60.0,25.0,12.0
-58.0,30.0,15.0
-52.0,29.0,17.0
-57.0,28.0,13.0
-59.0,26.0,16.0
-54.0,36.0,16.0
-49.0,29.0,18.0
-54.0,29.0,18.0
-53.0,32.0,17.0
-59.0,24.0,19.0
-55.0,29.0,17.0
-58.0,30.0,15.0
-52.0,27.0,17.0
-54.0,32.0,18.0
-55.0,29.0,15.0
-57.0,30.0,16.0
-54.0,31.0,17.0
-55.0,27.0,17.0
-56.0,29.0,15.0
-55.0,27.0,16.0
-56.0,30.0,17.0
-58.0,28.0,14.0
-57.0,29.0,15.0
-54.0,29.0,17.0
-54.0,29.0,17.0
-55.0,29.0,17.0
-56.0,29.0,17.0
-57.0,28.0,16.0
-53.0,30.0,19.0
-57.0,30.0,17.0
-55.0,32.0,15.0
-52.0,30.0,18.0
-54.0,29.0,18.0
-52.0,31.0,20.0
-55.0,29.0,18.0
-55.0,29.0,18.0
-54.0,32.0,16.0
-56.0,31.0,15.0
-52.0,32.0,21.0
-52.0,31.0,18.0
-52.0,26.0,22.0
-57.0,30.0,17.0
-54.0,30.0,16.0
-56.0,28.0,19.0
-53.0,29.0,20.0
-56.0,31.0,15.0
-52.0,29.0,20.0
-57.0,30.0,19.0
-56.0,29.0,14.0
-55.0,28.0,17.0
-54.0,30.0,17.0
-50.0,31.0,21.0
-57.0,29.0,15.0
-58.0,29.0,15.0
-59.0,31.0,15.0
-58.0,29.0,14.0
-55.0,32.0,17.0
-54.0,29.0,17.0
-58.0,29.0,16.0
-53.0,29.0,19.0
-57.0,29.0,16.0
-54.0,30.0,17.0
-55.0,29.0,16.0
-53.0,31.0,17.0
-53.0,31.0,18.0
-58.0,27.0,17.0
-57.0,29.0,17.0
-56.0,29.0,17.0
-53.0,27.0,18.0
-57.0,29.0,13.0
-55.0,29.0,14.0
-56.0,29.0,15.0
-58.0,29.0,15.0
-56.0,29.0,15.0
-55.0,31.0,16.0
-56.0,29.0,14.0
-52.0,27.0,18.0
-55.0,28.0,13.0
-58.0,28.0,15.0
-56.0,29.0,18.0
-57.0,29.0,14.0
-55.0,29.0,17.0
-58.0,28.0,17.0
-52.0,32.0,17.0
-54.0,32.0,19.0
-57.0,30.0,12.0
-55.0,29.0,16.0
-54.0,30.0,17.0
-57.0,31.0,14.0
-54.0,31.0,15.0
-53.0,29.0,17.0
-53.0,33.0,17.0
-58.0,31.0,16.0
-52.0,30.0,22.0
-54.0,30.0,16.0
-56.0,29.0,16.0
-55.0,29.0,17.0
-53.0,30.0,16.0
-55.0,27.0,17.0
-58.0,29.0,13.0
-58.0,29.0,15.0
-55.0,28.0,16.0
-53.0,29.0,17.0
-56.0,30.0,16.0
-53.0,28.0,14.0
-57.0,29.0,14.0
-57.0,29.0,16.0
-56.0,31.0,15.0
-56.0,30.0,17.0
-51.0,28.0,17.0
-53.0,29.0,17.0
-56.0,31.0,15.0
-54.0,28.0,17.0
-55.0,27.0,19.0
-52.0,30.0,17.0
-55.0,27.0,17.0
-53.0,31.0,16.0
-54.0,32.0,15.0
-59.0,29.0,16.0
-56.0,30.0,16.0
-53.0,29.0,16.0
-54.0,28.0,17.0
-54.0,31.0,16.0
-55.0,26.0,16.0
-59.0,27.0,16.0
-54.0,31.0,15.0
-56.0,29.0,14.0
-57.0,29.0,14.0
-56.0,30.0,14.0
-55.0,28.0,17.0
-55.0,27.0,17.0
-57.0,27.0,14.0
-57.0,27.0,17.0
-55.0,30.0,15.0
-57.0,30.0,14.0
-54.0,30.0,16.0
-56.0,34.0,13.0
-55.0,31.0,17.0
-55.0,29.0,16.0
-56.0,28.0,17.0
-51.0,28.0,22.0
-57.0,30.0,14.0
-57.0,27.0,14.0
-52.0,33.0,18.0
-52.0,34.0,16.0
-55.0,30.0,17.0
-53.0,30.0,16.0
-53.0,28.0,15.0
-57.0,25.0,17.0
-58.0,27.0,16.0
-54.0,27.0,17.0
-56.0,26.0,14.0
-59.0,30.0,13.0
-53.0,28.0,15.0
-55.0,28.0,16.0
-55.0,28.0,18.0
-57.0,28.0,14.0
-54.0,25.0,16.0
-55.0,25.0,17.0
-59.0,27.0,17.0
-59.0,28.0,14.0
-57.0,31.0,14.0
-51.0,31.0,19.0
-55.0,31.0,16.0
-52.0,29.0,16.0
-53.0,29.0,17.0
-59.0,27.0,15.0
-56.0,28.0,17.0
-56.0,25.0,17.0
-55.0,27.0,18.0
-54.0,31.0,17.0
-55.0,28.0,16.0
-57.0,26.0,18.0
-54.0,27.0,17.0
-55.0,30.0,16.0
-53.0,28.0,18.0
-58.0,27.0,14.0
-56.0,27.0,14.0
-56.0,28.0,14.0
-57.0,28.0,17.0
-54.0,28.0,18.0
-56.0,27.0,14.0
-55.0,25.0,17.0
-60.0,29.0,12.0
-57.0,31.0,14.0
-55.0,25.0,18.0
-55.0,25.0,18.0
-54.0,33.0,19.0
-58.0,32.0,14.0
-54.0,26.0,16.0
-52.0,31.0,20.0
-58.0,27.0,16.0
-56.0,29.0,17.0
-56.0,29.0,15.0
-55.0,28.0,15.0
-53.0,30.0,18.0
-54.0,30.0,18.0
-56.0,26.0,16.0
-59.0,27.0,15.0
-51.0,30.0,17.0
-54.0,28.0,17.0
-58.0,27.0,14.0
-54.0,27.0,16.0
-57.0,29.0,16.0
-55.0,29.0,14.0
-58.0,27.0,12.0
-59.0,27.0,13.0
-54.0,29.0,18.0
-58.0,29.0,12.0
-58.0,27.0,13.0
-55.0,31.0,15.0
-57.0,29.0,12.0
-52.0,33.0,15.0
-54.0,31.0,14.0
-56.0,28.0,14.0
-53.0,29.0,18.0
-57.0,29.0,16.0
-58.0,28.0,13.0
-54.0,31.0,17.0
-53.0,30.0,18.0
-55.0,31.0,19.0
-53.0,30.0,18.0
-55.0,29.0,14.0
-54.0,31.0,16.0
-53.0,29.0,17.0
-58.0,27.0,17.0
-57.0,27.0,17.0
-59.0,30.0,14.0
-54.0,29.0,18.0
-53.0,31.0,18.0
-54.0,29.0,14.0
-54.0,27.0,15.0
-55.0,30.0,18.0
-57.0,29.0,16.0
-55.0,31.0,19.0
-56.0,33.0,14.0
-50.0,31.0,17.0
-51.0,30.0,19.0
-55.0,28.0,17.0
-51.0,28.0,21.0
-56.0,30.0,17.0
-53.0,29.0,18.0
-52.0,31.0,19.0
-52.0,31.0,17.0
-53.0,32.0,18.0
-57.0,27.0,17.0
-56.0,27.0,18.0
-55.0,29.0,17.0
-54.0,29.0,16.0
-57.0,28.0,15.0
-57.0,28.0,15.0
-53.0,28.0,17.0
-61.0,29.0,13.0
-56.0,29.0,17.0
-52.0,28.0,17.0
-55.0,26.0,15.0
-59.0,26.0,13.0
-56.0,32.0,17.0
-61.0,29.0,16.0
-50.0,31.0,17.0
-54.0,35.0,18.0
-58.0,26.0,13.0
-55.0,27.0,14.0
-50.0,29.0,20.0
-59.0,27.0,15.0
-55.0,29.0,19.0
-54.0,29.0,18.0
-54.0,30.0,15.0
-55.0,29.0,18.0
-53.0,30.0,17.0
-57.0,31.0,15.0
-55.0,28.0,15.0
-54.0,30.0,15.0
-58.0,29.0,13.0
-59.0,28.0,14.0
-54.0,27.0,17.0
-55.0,28.0,18.0
-57.0,28.0,16.0
-54.0,26.0,16.0
-56.0,28.0,17.0
-59.0,30.0,13.0
-56.0,29.0,15.0
-56.0,31.0,15.0
-52.0,34.0,14.0
-57.0,29.0,16.0
-53.0,27.0,17.0
-53.0,30.0,19.0
-58.0,29.0,15.0
-53.0,30.0,16.0
-53.0,29.0,18.0
-55.0,30.0,18.0
-54.0,30.0,17.0
-54.0,28.0,20.0
-52.0,30.0,19.0
-52.0,27.0,18.0
-56.0,28.0,14.0
-59.0,29.0,12.0
-55.0,29.0,15.0
-56.0,28.0,14.0
-52.0,29.0,18.0
-54.0,29.0,19.0
-56.0,27.0,15.0
-57.0,25.0,15.0
-56.0,29.0,18.0
-60.0,32.0,17.0
-53.0,30.0,14.0
-53.0,30.0,15.0
-50.0,30.0,19.0
-56.0,32.0,16.0
-52.0,26.0,20.0
-55.0,29.0,18.0
-53.0,28.0,16.0
-54.0,26.0,18.0
-53.0,33.0,16.0
-56.0,31.0,15.0
-51.0,30.0,22.0
-52.0,31.0,19.0
-54.0,27.0,19.0
-58.0,29.0,15.0
-57.0,29.0,13.0
-62.0,26.0,14.0
-55.0,30.0,17.0
-51.0,32.0,17.0
-55.0,27.0,17.0
-51.0,26.0,20.0
-55.0,26.0,17.0
-56.0,27.0,17.0
-55.0,32.0,18.0
-57.0,32.0,15.0
-53.0,29.0,16.0
-53.0,29.0,18.0
-54.0,32.0,15.0
-55.0,29.0,18.0
-57.0,29.0,16.0
-51.0,30.0,18.0
-58.0,30.0,15.0
-56.0,29.0,16.0
-53.0,34.0,18.0
-59.0,28.0,15.0
-56.0,25.0,19.0
-55.0,27.0,18.0
-57.0,26.0,15.0
-56.0,27.0,17.0
-57.0,27.0,15.0
-56.0,29.0,14.0
-60.0,29.0,14.0
-56.0,30.0,15.0
-52.0,28.0,18.0
-54.0,27.0,17.0
-52.0,26.0,20.0
-57.0,26.0,15.0
-60.0,23.0,18.0
-56.0,30.0,17.0
-54.0,29.0,16.0
-56.0,30.0,17.0
-55.0,28.0,15.0
-52.0,30.0,19.0
-50.0,31.0,19.0
-54.0,28.0,19.0
-56.0,29.0,18.0
-55.0,29.0,18.0
-57.0,30.0,17.0
-58.0,30.0,16.0
-56.0,29.0,18.0
-54.0,32.0,17.0
-52.0,29.0,17.0
-56.0,26.0,15.0
-55.0,29.0,16.0
-56.0,31.0,16.0
-55.0,32.0,17.0
-56.0,30.0,16.0
-52.0,27.0,18.0
-55.0,28.0,19.0
-56.0,29.0,15.0
-53.0,28.0,21.0
-55.0,30.0,17.0
-59.0,32.0,15.0
-49.0,27.0,21.0
-57.0,34.0,16.0
-54.0,29.0,19.0
-51.0,29.0,20.0
-53.0,30.0,17.0
-53.0,29.0,19.0
-52.0,29.0,19.0
-57.0,30.0,15.0
-54.0,31.0,21.0
-53.0,31.0,17.0
-53.0,27.0,19.0
-52.0,29.0,20.0
-56.0,29.0,15.0
-58.0,30.0,15.0
-56.0,30.0,14.0
-54.0,29.0,17.0
-56.0,30.0,15.0
-55.0,29.0,16.0
-51.0,30.0,21.0
-57.0,26.0,15.0
-55.0,24.0,17.0
-57.0,31.0,20.0
-56.0,29.0,16.0
-55.0,25.0,16.0
-57.0,27.0,16.0
-51.0,42.0,13.0
-52.0,33.0,17.0
-61.0,28.0,13.0
-55.0,30.0,15.0
-54.0,28.0,17.0
-56.0,29.0,15.0
-54.0,26.0,17.0
-56.0,28.0,16.0
-56.0,29.0,16.0
-52.0,27.0,18.0
-53.0,31.0,16.0
-55.0,31.0,15.0
-58.0,28.0,16.0
-54.0,27.0,15.0
-57.0,30.0,11.0
-54.0,28.0,17.0
-56.0,28.0,16.0
-55.0,30.0,16.0
-53.0,26.0,18.0
-55.0,25.0,16.0
-56.0,28.0,17.0
-60.0,31.0,14.0
-55.0,30.0,14.0
-55.0,34.0,14.0
-50.0,31.0,16.0
-56.0,27.0,16.0
-57.0,30.0,16.0
-53.0,29.0,22.0
-57.0,29.0,15.0
-55.0,30.0,14.0
-54.0,28.0,17.0
-54.0,30.0,17.0
-54.0,33.0,18.0
-57.0,26.0,18.0
-53.0,28.0,19.0
-50.0,28.0,19.0
-57.0,29.0,16.0
-56.0,30.0,11.0
-54.0,29.0,14.0
-58.0,30.0,13.0
-57.0,28.0,12.0
-54.0,27.0,20.0
-56.0,26.0,22.0
-57.0,25.0,14.0
-52.0,26.0,18.0
-62.0,28.0,13.0
-58.0,34.0,14.0
-54.0,30.0,17.0
-53.0,30.0,18.0
-54.0,32.0,15.0
-51.0,31.0,20.0
-54.0,30.0,18.0
-54.0,28.0,19.0
-56.0,30.0,17.0
-53.0,27.0,17.0
-55.0,28.0,18.0
-56.0,34.0,18.0
-58.0,33.0,15.0
-48.0,30.0,20.0
-50.0,31.0,19.0
-56.0,30.0,17.0
-55.0,30.0,17.0
-55.0,29.0,19.0
-56.0,27.0,18.0
-59.0,28.0,14.0
-57.0,28.0,16.0
-55.0,26.0,20.0
-52.0,28.0,20.0
-56.0,29.0,14.0
-53.0,25.0,21.0
-58.0,31.0,15.0
-57.0,33.0,14.0
-52.0,31.0,21.0
-54.0,32.0,16.0
-49.0,33.0,19.0
-53.0,31.0,21.0
-61.0,30.0,14.0
-50.0,32.0,19.0
-57.0,31.0,17.0
-53.0,32.0,16.0
-53.0,31.0,19.0
-54.0,33.0,19.0
-54.0,32.0,19.0
-54.0,30.0,21.0
-51.0,28.0,21.0
-55.0,28.0,19.0
-52.0,30.0,13.0
-53.0,32.0,15.0
-56.0,29.0,19.0
-55.0,31.0,19.0
-55.0,32.0,19.0
-52.0,27.0,23.0
-53.0,32.0,21.0
-53.0,26.0,17.0
-55.0,25.0,17.0
-57.0,31.0,19.0
-58.0,31.0,20.0
-52.0,35.0,19.0
-50.0,33.0,19.0
-50.0,36.0,17.0
-51.0,35.0,19.0
-48.0,32.0,23.0
-52.0,34.0,21.0
-55.0,30.0,17.0
-55.0,32.0,18.0
-54.0,31.0,21.0
-53.0,31.0,21.0
-52.0,34.0,20.0
-51.0,32.0,20.0
-50.0,31.0,21.0
-52.0,33.0,19.0
-56.0,31.0,14.0
-58.0,28.0,17.0
-56.0,30.0,17.0
-52.0,31.0,19.0
-52.0,32.0,18.0
-53.0,30.0,20.0
-51.0,30.0,20.0
-55.0,29.0,18.0
-53.0,29.0,20.0
-52.0,30.0,20.0
-56.0,30.0,21.0
-52.0,33.0,17.0
-53.0,32.0,19.0
-52.0,32.0,20.0
-55.0,33.0,15.0
-52.0,32.0,21.0
-53.0,32.0,19.0
-54.0,31.0,17.0
-55.0,31.0,18.0
-58.0,33.0,15.0
-53.0,30.0,22.0
-54.0,32.0,23.0
-51.0,31.0,24.0
-47.0,29.0,24.0
-48.0,31.0,20.0
-48.0,27.0,26.0
-55.0,28.0,25.0
-50.0,31.0,20.0
-54.0,31.0,21.0
-57.0,29.0,19.0
-49.0,28.0,23.0
-54.0,25.0,22.0
-56.0,29.0,17.0
-56.0,29.0,20.0
-56.0,30.0,22.0
-55.0,34.0,20.0
-51.0,33.0,18.0
-50.0,32.0,21.0
-50.0,32.0,21.0
-50.0,29.0,23.0
-54.0,28.0,24.0
-51.0,28.0,24.0
-51.0,30.0,20.0
-55.0,30.0,21.0
-54.0,30.0,24.0
-51.0,30.0,21.0
-47.0,33.0,24.0
-52.0,32.0,19.0
-54.0,27.0,22.0
-55.0,29.0,20.0
-60.0,26.0,17.0
-60.0,29.0,17.0
-57.0,28.0,18.0
-58.0,26.0,20.0
-47.0,31.0,20.0
-49.0,31.0,21.0
-55.0,30.0,18.0
-53.0,26.0,21.0
-56.0,29.0,19.0
-58.0,32.0,19.0
-52.0,33.0,21.0
-47.0,32.0,19.0
-53.0,30.0,20.0
-55.0,29.0,22.0
-56.0,31.0,19.0
-62.0,25.0,20.0
-56.0,29.0,21.0
-60.0,26.0,19.0
-58.0,27.0,20.0
-51.0,33.0,17.0
-52.0,28.0,19.0
-50.0,29.0,23.0
-52.0,31.0,19.0
-54.0,29.0,19.0
-54.0,28.0,20.0
-57.0,28.0,16.0
-54.0,28.0,20.0
-55.0,29.0,17.0
-52.0,26.0,23.0
-60.0,29.0,11.0
-52.0,30.0,13.0
-58.0,24.0,19.0
-58.0,25.0,14.0
-56.0,27.0,10.0
-59.0,27.0,16.0
-55.0,32.0,11.0
-53.0,31.0,13.0
-57.0,34.0,14.0
-51.0,30.0,10.0
-56.0,31.0,17.0
-53.0,32.0,18.0
-55.0,26.0,13.0
-55.0,29.0,10.0
-59.0,27.0,11.0
-51.0,31.0,18.0
-56.0,28.0,17.0
-60.0,29.0,15.0
-52.0,28.0,16.0
-57.0,25.0,13.0
-59.0,28.0,12.0
-53.0,25.0,12.0
-66.0,24.0,6.0
-62.0,29.0,12.0
-53.0,28.0,12.0
-59.0,25.0,11.0
-53.0,29.0,15.0
-53.0,27.0,14.0
-56.0,27.0,21.0
-67.0,30.0,-1.0
-60.0,28.0,8.0
-57.0,30.0,13.0
-56.0,31.0,12.0
-55.0,27.0,17.0
-61.0,29.0,12.0
-53.0,36.0,11.0
-52.0,27.0,18.0
-55.0,31.0,11.0
-58.0,35.0,4.0
-53.0,30.0,15.0
-59.0,34.0,10.0
-55.0,30.0,15.0
-52.0,30.0,16.0
-54.0,26.0,17.0
-54.0,28.0,14.0
-55.0,31.0,13.0
-61.0,29.0,13.0
-57.0,29.0,11.0
-55.0,28.0,15.0
-58.0,26.0,13.0
-49.0,29.0,17.0
-49.0,27.0,19.0
-62.0,30.0,12.0
-58.0,33.0,11.0
-53.0,36.0,14.0
-51.0,34.0,14.0
-54.0,33.0,12.0
-51.0,33.0,16.0
-56.0,33.0,13.0
-56.0,31.0,15.0
-52.0,33.0,17.0
-55.0,30.0,14.0
-55.0,31.0,12.0
-57.0,30.0,14.0
-52.0,33.0,18.0
-52.0,31.0,18.0
-54.0,29.0,22.0
-52.0,33.0,19.0
-54.0,31.0,14.0
-56.0,30.0,14.0
-52.0,31.0,13.0
-54.0,33.0,12.0
-56.0,29.0,16.0
-59.0,33.0,9.0
-58.0,32.0,13.0
-52.0,27.0,21.0
-47.0,27.0,22.0
-59.0,28.0,10.0
-62.0,30.0,9.0
-54.0,32.0,18.0
-55.0,33.0,15.0
-51.0,32.0,16.0
-52.0,32.0,16.0
-50.0,34.0,17.0
-54.0,32.0,15.0
-54.0,33.0,15.0
-55.0,31.0,16.0
-53.0,31.0,16.0
-57.0,31.0,13.0
-54.0,30.0,18.0
-53.0,30.0,18.0
-56.0,29.0,15.0
-51.0,28.0,21.0
-50.0,28.0,20.0
-59.0,28.0,15.0
-55.0,31.0,13.0
-55.0,32.0,13.0
-59.0,29.0,15.0
-54.0,29.0,14.0
-56.0,27.0,16.0
-56.0,28.0,18.0
-54.0,31.0,17.0
-58.0,27.0,14.0
-56.0,29.0,14.0
-56.0,30.0,16.0
-56.0,33.0,15.0
-57.0,31.0,15.0
-50.0,33.0,16.0
-52.0,29.0,16.0
-54.0,30.0,16.0
-51.0,33.0,18.0
-54.0,29.0,19.0
-55.0,31.0,17.0
-53.0,34.0,16.0
-54.0,28.0,20.0
-53.0,32.0,19.0
-53.0,32.0,18.0
-53.0,30.0,21.0
-52.0,29.0,20.0
-58.0,28.0,17.0
-54.0,29.0,14.0
-56.0,32.0,11.0
-59.0,25.0,13.0
-60.0,27.0,13.0
-55.0,31.0,17.0
-58.0,28.0,15.0
-57.0,29.0,13.0
-57.0,27.0,15.0
-60.0,26.0,13.0
-56.0,28.0,17.0
-58.0,32.0,15.0
-56.0,33.0,13.0
-51.0,33.0,16.0
-54.0,33.0,13.0
-53.0,31.0,16.0
-55.0,27.0,19.0
-58.0,29.0,16.0
-54.0,29.0,18.0
-54.0,27.0,16.0
-55.0,33.0,16.0
-51.0,32.0,19.0
-54.0,33.0,17.0
-50.0,32.0,19.0
-52.0,28.0,19.0
-56.0,31.0,16.0
-51.0,29.0,17.0
-57.0,27.0,17.0
-56.0,31.0,14.0
-56.0,31.0,15.0
-55.0,29.0,16.0
-55.0,30.0,15.0
-56.0,28.0,17.0
-56.0,29.0,15.0
-56.0,28.0,17.0
-57.0,29.0,18.0
-51.0,35.0,18.0
-57.0,31.0,18.0
-52.0,31.0,18.0
-52.0,33.0,17.0
-54.0,30.0,18.0
-57.0,30.0,18.0
-50.0,33.0,20.0
-59.0,31.0,15.0
-54.0,32.0,16.0
-56.0,30.0,18.0
-55.0,33.0,21.0
-49.0,33.0,21.0
-49.0,30.0,22.0
-48.0,32.0,24.0
-50.0,33.0,21.0
-55.0,30.0,18.0
-49.0,32.0,18.0
-56.0,32.0,17.0
-61.0,32.0,19.0
-54.0,31.0,16.0
-50.0,27.0,20.0
-52.0,29.0,21.0
-54.0,30.0,15.0
-56.0,32.0,18.0
-53.0,36.0,20.0
-53.0,29.0,19.0
-50.0,34.0,20.0
-52.0,35.0,16.0
-52.0,30.0,19.0
-52.0,32.0,21.0
-53.0,33.0,21.0
-56.0,32.0,19.0
-60.0,33.0,13.0
-52.0,31.0,17.0
-51.0,34.0,20.0
-48.0,28.0,33.0
-51.0,29.0,27.0
-41.0,29.0,33.0
-52.0,30.0,22.0
-53.0,33.0,18.0
-50.0,32.0,18.0
-58.0,31.0,18.0
-55.0,35.0,15.0
-55.0,34.0,17.0
-50.0,30.0,20.0
-53.0,31.0,19.0
-60.0,30.0,15.0
-55.0,27.0,18.0
-55.0,32.0,23.0
-57.0,35.0,17.0
-52.0,34.0,22.0
-49.0,34.0,21.0
-47.0,33.0,20.0
-49.0,31.0,23.0
-56.0,32.0,16.0
-53.0,32.0,19.0
-52.0,29.0,24.0
-53.0,27.0,26.0
-58.0,36.0,17.0
-52.0,37.0,17.0
-50.0,30.0,19.0
-47.0,30.0,23.0
-45.0,32.0,23.0
-52.0,32.0,19.0
-58.0,33.0,17.0
-51.0,33.0,20.0
-55.0,31.0,16.0
-54.0,33.0,18.0
-52.0,33.0,25.0
-53.0,29.0,18.0
-51.0,26.0,21.0
-56.0,33.0,17.0
-55.0,38.0,18.0
-48.0,31.0,22.0
-49.0,36.0,21.0
-49.0,31.0,23.0
-53.0,33.0,18.0
-55.0,33.0,18.0
-52.0,33.0,19.0
-56.0,32.0,18.0
-51.0,34.0,20.0
-51.0,34.0,20.0
-53.0,31.0,20.0
-50.0,28.0,22.0
-53.0,29.0,20.0
-49.0,32.0,23.0
-54.0,35.0,20.0
-53.0,32.0,17.0
-46.0,33.0,22.0
-53.0,28.0,16.0
-56.0,28.0,17.0
-54.0,28.0,19.0
-60.0,29.0,15.0
-51.0,29.0,26.0
-57.0,33.0,17.0
-49.0,35.0,19.0
-58.0,35.0,16.0
-51.0,35.0,16.0
-46.0,31.0,23.0
-53.0,29.0,21.0
-50.0,31.0,22.0
-55.0,33.0,19.0
-51.0,31.0,18.0
-51.0,30.0,21.0
-55.0,33.0,18.0
-55.0,30.0,19.0
-51.0,33.0,23.0
-51.0,31.0,21.0
-52.0,29.0,19.0
-54.0,31.0,18.0
-58.0,31.0,13.0
-55.0,31.0,17.0
-51.0,33.0,19.0
-56.0,31.0,17.0
-51.0,27.0,18.0
-50.0,27.0,22.0
-58.0,31.0,17.0
-61.0,34.0,15.0
-53.0,32.0,18.0
-53.0,34.0,17.0
-49.0,33.0,19.0
-52.0,30.0,21.0
-50.0,35.0,18.0
-55.0,32.0,17.0
-55.0,31.0,18.0
-51.0,32.0,16.0
-53.0,27.0,20.0
-57.0,32.0,23.0
-56.0,29.0,18.0
-54.0,31.0,19.0
-54.0,31.0,17.0
-55.0,30.0,18.0
-55.0,32.0,16.0
-55.0,30.0,15.0
-55.0,30.0,16.0
-54.0,31.0,16.0
-55.0,31.0,16.0
-52.0,27.0,22.0
-57.0,29.0,18.0
-57.0,30.0,15.0
-55.0,29.0,22.0
-53.0,34.0,16.0
-57.0,32.0,13.0
-50.0,34.0,19.0
-53.0,33.0,16.0
-56.0,30.0,19.0
-53.0,32.0,19.0
-52.0,28.0,19.0
-55.0,30.0,21.0
-57.0,28.0,16.0
-62.0,28.0,11.0
-52.0,31.0,20.0
-53.0,30.0,20.0
-52.0,31.0,19.0
-51.0,32.0,21.0
-56.0,31.0,17.0
-56.0,30.0,16.0
-50.0,32.0,14.0
-56.0,31.0,13.0
-56.0,32.0,15.0
-52.0,29.0,17.0
-56.0,29.0,20.0
-52.0,29.0,17.0
-57.0,30.0,16.0
-55.0,32.0,17.0
-55.0,28.0,19.0
-55.0,31.0,16.0
-49.0,34.0,21.0
-48.0,33.0,19.0
-56.0,31.0,19.0
-51.0,28.0,21.0
-56.0,29.0,17.0
-53.0,30.0,18.0
-54.0,32.0,18.0
-57.0,31.0,15.0
-53.0,33.0,17.0
-53.0,29.0,17.0
-54.0,26.0,21.0
-56.0,32.0,18.0
-56.0,29.0,17.0
-52.0,28.0,18.0
-57.0,30.0,13.0
-62.0,28.0,9.0
-54.0,28.0,19.0
-55.0,32.0,13.0
-58.0,30.0,8.0
-54.0,29.0,18.0
-55.0,28.0,19.0
-55.0,27.0,16.0
-54.0,30.0,17.0
-58.0,28.0,18.0
-55.0,30.0,15.0
-53.0,32.0,16.0
-52.0,33.0,19.0
-56.0,31.0,18.0
-52.0,34.0,17.0
-51.0,34.0,17.0
-57.0,28.0,15.0
-50.0,28.0,20.0
-57.0,31.0,15.0
-60.0,34.0,9.0
-51.0,33.0,21.0
-49.0,31.0,23.0
-51.0,29.0,20.0
-57.0,31.0,17.0
-54.0,32.0,16.0
-54.0,32.0,16.0
-55.0,31.0,15.0
-57.0,31.0,11.0
-53.0,27.0,20.0
-59.0,25.0,16.0
-58.0,29.0,17.0
-48.0,27.0,24.0
-55.0,28.0,17.0
-56.0,31.0,14.0
-56.0,31.0,18.0
-55.0,35.0,15.0
-51.0,32.0,17.0
-54.0,32.0,16.0
-53.0,32.0,16.0
-55.0,30.0,16.0
-52.0,28.0,18.0
-53.0,30.0,16.0
-57.0,28.0,16.0
-56.0,31.0,18.0
-54.0,28.0,19.0
-57.0,30.0,18.0
-52.0,30.0,20.0
-54.0,30.0,19.0
-52.0,29.0,18.0
-52.0,29.0,16.0
-59.0,28.0,14.0
-56.0,31.0,15.0
-57.0,31.0,13.0
-53.0,29.0,17.0
-56.0,29.0,18.0
-52.0,29.0,17.0
-57.0,27.0,15.0
-60.0,28.0,14.0
-56.0,28.0,16.0
-54.0,30.0,19.0
-57.0,34.0,15.0
-50.0,31.0,18.0
-54.0,31.0,17.0
-52.0,32.0,19.0
-55.0,32.0,17.0
-55.0,30.0,19.0
-54.0,29.0,20.0
-55.0,30.0,15.0
-54.0,29.0,16.0
-50.0,32.0,21.0
-52.0,31.0,22.0
-52.0,30.0,18.0
-52.0,32.0,19.0
-54.0,33.0,16.0
-51.0,24.0,19.0
-56.0,27.0,20.0
-59.0,34.0,12.0
-49.0,28.0,15.0
-60.0,30.0,14.0
-58.0,24.0,9.0
-52.0,25.0,23.0
-63.0,26.0,19.0
-53.0,35.0,19.0
-52.0,38.0,19.0
-55.0,35.0,15.0
-47.0,31.0,19.0
-54.0,31.0,18.0
-56.0,31.0,18.0
-58.0,31.0,19.0
-54.0,31.0,20.0
-58.0,28.0,17.0
-58.0,32.0,19.0
-46.0,28.0,26.0
-44.0,29.0,29.0
-56.0,31.0,15.0
-49.0,32.0,18.0
-51.0,30.0,17.0
-53.0,29.0,16.0
-61.0,35.0,12.0
-62.0,33.0,10.0
-51.0,34.0,17.0
-55.0,28.0,14.0
-55.0,30.0,16.0
-53.0,26.0,20.0
-58.0,30.0,15.0
-50.0,32.0,21.0
-53.0,31.0,20.0
-52.0,34.0,16.0
-49.0,34.0,17.0
-54.0,32.0,18.0
-53.0,34.0,19.0
-54.0,28.0,21.0
-58.0,28.0,16.0
-58.0,33.0,14.0
-54.0,33.0,18.0
-50.0,32.0,18.0
-55.0,32.0,17.0
-52.0,28.0,16.0
-49.0,26.0,19.0
-56.0,31.0,18.0
-53.0,32.0,16.0
-60.0,28.0,16.0
-58.0,30.0,18.0
-54.0,32.0,15.0
-59.0,29.0,13.0
-54.0,27.0,17.0
-52.0,28.0,18.0
-57.0,28.0,17.0
-53.0,26.0,21.0
-56.0,33.0,17.0
-51.0,33.0,19.0
-52.0,34.0,17.0
-48.0,26.0,22.0
-54.0,31.0,19.0
-59.0,31.0,12.0
-55.0,31.0,16.0
-56.0,30.0,17.0
-56.0,30.0,13.0
-57.0,26.0,19.0
-54.0,31.0,19.0
-53.0,29.0,16.0
-51.0,28.0,24.0
-62.0,31.0,11.0
-49.0,28.0,18.0
-55.0,28.0,16.0
-59.0,29.0,12.0
-54.0,27.0,20.0
-62.0,30.0,14.0
-57.0,31.0,14.0
-52.0,29.0,16.0
-55.0,28.0,17.0
-54.0,26.0,20.0
-60.0,30.0,13.0
-54.0,28.0,18.0
-58.0,30.0,16.0
-53.0,35.0,17.0
-45.0,34.0,20.0
-58.0,27.0,19.0
-53.0,32.0,15.0
-51.0,34.0,20.0
-57.0,27.0,16.0
-52.0,30.0,19.0
-54.0,28.0,17.0
-52.0,32.0,20.0
-52.0,33.0,20.0
-56.0,26.0,19.0
-56.0,30.0,15.0
-54.0,31.0,16.0
-57.0,28.0,15.0
-55.0,31.0,13.0
-54.0,30.0,17.0
-57.0,28.0,13.0
-59.0,30.0,13.0
-52.0,29.0,19.0
-55.0,28.0,18.0
-50.0,29.0,15.0
-57.0,26.0,16.0
-60.0,25.0,15.0
-56.0,30.0,18.0
-57.0,31.0,14.0
-54.0,29.0,15.0
-50.0,32.0,17.0
-56.0,31.0,16.0
-54.0,28.0,19.0
-58.0,30.0,16.0
-53.0,29.0,20.0
-56.0,31.0,18.0
-60.0,31.0,15.0
-55.0,32.0,16.0
-52.0,29.0,18.0
-50.0,30.0,21.0
-52.0,29.0,21.0
-55.0,28.0,17.0
-54.0,30.0,18.0
-54.0,31.0,16.0
-54.0,29.0,14.0
-59.0,31.0,11.0
-54.0,30.0,14.0
-56.0,28.0,16.0
-58.0,29.0,18.0
-56.0,24.0,16.0
-55.0,26.0,16.0
-55.0,31.0,15.0
-58.0,29.0,12.0
-56.0,32.0,16.0
-52.0,31.0,20.0
-54.0,32.0,17.0
-50.0,31.0,19.0
-53.0,30.0,17.0
-59.0,29.0,13.0
-55.0,29.0,17.0
-57.0,28.0,17.0
-53.0,29.0,18.0
-56.0,28.0,15.0
-53.0,30.0,19.0
-53.0,31.0,19.0
-55.0,28.0,17.0
-52.0,29.0,17.0
-57.0,30.0,16.0
-51.0,29.0,17.0
-55.0,30.0,14.0
-56.0,30.0,14.0
-53.0,29.0,15.0
-56.0,30.0,15.0
-55.0,31.0,15.0
-56.0,27.0,18.0
-54.0,24.0,19.0
-58.0,25.0,15.0
-59.0,28.0,14.0
-54.0,31.0,19.0
-57.0,34.0,15.0
-52.0,31.0,16.0
-51.0,31.0,19.0
-55.0,32.0,15.0
-56.0,29.0,13.0
-54.0,31.0,17.0
-51.0,28.0,18.0
-52.0,29.0,15.0
-53.0,32.0,16.0
-58.0,30.0,12.0
-56.0,30.0,16.0
-51.0,30.0,24.0
-44.0,28.0,24.0
-52.0,28.0,16.0
-54.0,29.0,17.0
-58.0,29.0,15.0
-58.0,30.0,12.0
-59.0,33.0,13.0
-55.0,31.0,14.0
-54.0,30.0,14.0
-54.0,28.0,19.0
-57.0,28.0,17.0
-56.0,27.0,17.0
-56.0,28.0,17.0
-50.0,29.0,20.0
-57.0,30.0,17.0
-56.0,33.0,16.0
-56.0,29.0,16.0
-53.0,35.0,17.0
-51.0,32.0,16.0
-54.0,30.0,17.0
-49.0,32.0,22.0
-53.0,31.0,17.0
-59.0,29.0,14.0
-52.0,33.0,19.0
-52.0,29.0,21.0
-55.0,29.0,18.0
-52.0,29.0,18.0
-53.0,28.0,15.0
-56.0,28.0,15.0
-54.0,29.0,14.0
-56.0,30.0,12.0
-54.0,29.0,15.0
-56.0,32.0,17.0
-53.0,29.0,12.0
-56.0,28.0,15.0
-56.0,29.0,17.0
-53.0,27.0,17.0
-54.0,29.0,14.0
-56.0,30.0,16.0
-59.0,30.0,12.0
-50.0,33.0,18.0
-53.0,33.0,17.0
-51.0,31.0,15.0
-52.0,32.0,17.0
-56.0,30.0,17.0
-55.0,33.0,16.0
-56.0,29.0,14.0
-53.0,28.0,16.0
-53.0,33.0,15.0
-56.0,31.0,15.0
-56.0,28.0,17.0
-56.0,28.0,16.0
-53.0,29.0,17.0
-54.0,28.0,18.0
-56.0,29.0,13.0
-56.0,28.0,12.0
-57.0,31.0,14.0
-54.0,31.0,14.0
-56.0,28.0,14.0
-55.0,28.0,14.0
-54.0,26.0,20.0
-62.0,27.0,13.0
-48.0,30.0,21.0
-54.0,34.0,16.0
-57.0,30.0,12.0
-57.0,30.0,14.0
-56.0,28.0,17.0
-57.0,28.0,18.0
-53.0,30.0,16.0
-53.0,28.0,16.0
-56.0,29.0,12.0
-57.0,30.0,16.0
-55.0,30.0,18.0
-55.0,26.0,19.0
-56.0,30.0,16.0
-51.0,28.0,17.0
-57.0,27.0,15.0
-55.0,29.0,14.0
-57.0,29.0,13.0
-57.0,27.0,17.0
-54.0,28.0,16.0
-57.0,26.0,14.0
-58.0,27.0,18.0
-55.0,28.0,16.0
-57.0,28.0,17.0
-58.0,28.0,16.0
-56.0,29.0,15.0
-53.0,33.0,15.0
-56.0,28.0,16.0
-54.0,29.0,18.0
-51.0,30.0,17.0
-54.0,28.0,18.0
-54.0,30.0,17.0
-55.0,29.0,17.0
-50.0,31.0,16.0
-58.0,24.0,17.0
-58.0,28.0,18.0
-54.0,29.0,17.0
-59.0,25.0,17.0
-53.0,29.0,16.0
-55.0,30.0,14.0
-60.0,25.0,12.0
-54.0,31.0,17.0
-54.0,28.0,17.0
-58.0,26.0,12.0
-54.0,31.0,13.0
-57.0,27.0,15.0
-53.0,26.0,19.0
-53.0,27.0,19.0
-54.0,30.0,17.0
-56.0,30.0,16.0
-57.0,29.0,15.0
-57.0,29.0,14.0
-54.0,31.0,16.0
-55.0,29.0,17.0
-57.0,29.0,13.0
-52.0,29.0,18.0
-56.0,29.0,17.0
-56.0,29.0,18.0
-52.0,27.0,19.0
-57.0,29.0,16.0
-56.0,30.0,14.0
-56.0,27.0,17.0
-56.0,27.0,18.0
-58.0,30.0,13.0
-53.0,27.0,17.0
-62.0,26.0,12.0
-53.0,25.0,13.0
-57.0,27.0,19.0
-56.0,25.0,17.0
-58.0,32.0,14.0
-53.0,26.0,18.0
-54.0,29.0,17.0
-54.0,30.0,17.0
-60.0,26.0,14.0
-55.0,30.0,14.0
-52.0,28.0,19.0
-58.0,28.0,14.0
-56.0,26.0,14.0
-56.0,31.0,16.0
-53.0,28.0,17.0
-53.0,28.0,17.0
-51.0,28.0,21.0
-55.0,28.0,17.0
-58.0,27.0,15.0
-56.0,27.0,18.0
-57.0,27.0,17.0
-60.0,29.0,12.0
-55.0,28.0,14.0
-51.0,25.0,18.0
-55.0,29.0,16.0
-55.0,24.0,20.0
-59.0,27.0,16.0
-54.0,27.0,18.0
-55.0,33.0,16.0
-57.0,29.0,15.0
-56.0,25.0,15.0
-54.0,33.0,16.0
-57.0,29.0,17.0
-58.0,29.0,16.0
-56.0,30.0,14.0
-55.0,27.0,18.0
-56.0,29.0,13.0
-56.0,28.0,15.0
-53.0,26.0,21.0
-58.0,26.0,17.0
-53.0,27.0,20.0
-54.0,27.0,20.0
-59.0,28.0,13.0
-57.0,28.0,13.0
-57.0,29.0,14.0
-58.0,30.0,12.0
-55.0,28.0,18.0
-55.0,26.0,20.0
-57.0,27.0,17.0
-56.0,27.0,17.0
-61.0,27.0,13.0
-57.0,28.0,15.0
-53.0,31.0,17.0
-55.0,28.0,15.0
-54.0,32.0,16.0
-51.0,31.0,18.0
-56.0,24.0,19.0
-55.0,30.0,17.0
-57.0,28.0,18.0
-57.0,29.0,15.0
-56.0,29.0,17.0
-53.0,29.0,17.0
-51.0,29.0,21.0
-54.0,27.0,20.0
-56.0,26.0,16.0
-56.0,28.0,16.0
-56.0,29.0,14.0
-58.0,28.0,13.0
-57.0,31.0,15.0
-56.0,28.0,14.0
-55.0,27.0,14.0
-50.0,27.0,19.0
-58.0,23.0,17.0
-56.0,26.0,18.0
-57.0,29.0,17.0
-59.0,28.0,16.0
-54.0,33.0,14.0
-56.0,29.0,14.0
-56.0,30.0,14.0
-56.0,29.0,15.0
-57.0,28.0,16.0
-56.0,29.0,17.0
-58.0,27.0,12.0
-54.0,27.0,17.0
-55.0,31.0,17.0
-57.0,25.0,20.0
-51.0,25.0,25.0
-57.0,29.0,14.0
-54.0,27.0,15.0
-56.0,29.0,12.0
-61.0,31.0,11.0
-58.0,29.0,15.0
-55.0,25.0,17.0
-53.0,26.0,19.0
-60.0,27.0,12.0
-59.0,25.0,15.0
-53.0,27.0,21.0
-57.0,29.0,16.0
-55.0,28.0,13.0
-59.0,28.0,14.0
-54.0,28.0,16.0
-53.0,29.0,18.0
-56.0,28.0,16.0
-53.0,27.0,17.0
-55.0,31.0,13.0
-56.0,27.0,16.0
-55.0,30.0,16.0
-53.0,29.0,18.0
-57.0,27.0,15.0
-58.0,30.0,11.0
-54.0,26.0,16.0
-61.0,25.0,13.0
-57.0,28.0,11.0
-56.0,29.0,14.0
-61.0,27.0,12.0
-53.0,24.0,17.0
-56.0,28.0,16.0
-57.0,26.0,12.0
-55.0,30.0,17.0
-51.0,30.0,17.0
-62.0,27.0,11.0
-56.0,28.0,14.0
-57.0,30.0,14.0
-55.0,28.0,14.0
-55.0,30.0,14.0
-54.0,27.0,16.0
-59.0,30.0,15.0
-60.0,28.0,11.0
-57.0,26.0,16.0
-55.0,29.0,15.0
-54.0,27.0,16.0
-54.0,27.0,18.0
-58.0,28.0,12.0
-56.0,26.0,15.0
-60.0,28.0,11.0
-57.0,28.0,15.0
-56.0,27.0,17.0
-58.0,24.0,13.0
-59.0,20.0,14.0
-57.0,27.0,18.0
-52.0,27.0,19.0
-57.0,29.0,16.0
-56.0,30.0,14.0
-56.0,31.0,16.0
-56.0,28.0,18.0
-55.0,30.0,17.0
-54.0,29.0,18.0
-57.0,30.0,14.0
-55.0,29.0,14.0
-55.0,26.0,18.0
-57.0,27.0,19.0
-51.0,26.0,22.0
-52.0,27.0,20.0
-52.0,28.0,19.0
-56.0,30.0,14.0
-62.0,29.0,8.0
-58.0,32.0,17.0
-55.0,28.0,16.0
-56.0,26.0,14.0
-56.0,29.0,18.0
-56.0,25.0,18.0
-53.0,27.0,17.0
-57.0,28.0,17.0
-58.0,29.0,17.0
-52.0,28.0,18.0
-54.0,26.0,17.0
-54.0,31.0,14.0
-53.0,29.0,18.0
-58.0,30.0,11.0
-59.0,29.0,13.0
-54.0,28.0,19.0
-54.0,26.0,17.0
-54.0,29.0,19.0
-52.0,29.0,20.0
-59.0,28.0,14.0
-53.0,28.0,18.0
-56.0,27.0,15.0
-61.0,28.0,11.0
-58.0,30.0,14.0
-56.0,31.0,14.0
-55.0,27.0,16.0
-56.0,25.0,17.0
-58.0,25.0,14.0
-57.0,26.0,16.0
-55.0,26.0,19.0
-56.0,29.0,15.0
-56.0,28.0,17.0
-59.0,26.0,16.0
-53.0,22.0,18.0
-53.0,35.0,21.0
-51.0,32.0,20.0
-55.0,28.0,14.0
-56.0,28.0,16.0
-55.0,28.0,18.0
-55.0,24.0,20.0
-58.0,27.0,17.0
-54.0,26.0,18.0
-56.0,28.0,17.0
-55.0,25.0,16.0
-56.0,30.0,14.0
-60.0,28.0,13.0
-57.0,27.0,15.0
-56.0,28.0,18.0
-58.0,22.0,16.0
-59.0,24.0,17.0
-58.0,25.0,14.0
-58.0,27.0,16.0
-54.0,27.0,17.0
-57.0,27.0,15.0
-55.0,26.0,19.0
-56.0,28.0,17.0
-55.0,28.0,20.0
-55.0,28.0,18.0
-53.0,27.0,17.0
-58.0,26.0,17.0
-56.0,26.0,18.0
-57.0,26.0,17.0
-54.0,25.0,20.0
-57.0,26.0,18.0
-55.0,27.0,18.0
-54.0,25.0,19.0
-59.0,26.0,14.0
-58.0,24.0,16.0
-56.0,25.0,19.0
-57.0,26.0,15.0
-57.0,26.0,16.0
-55.0,21.0,20.0
-62.0,21.0,15.0
-55.0,26.0,20.0
-56.0,27.0,19.0
-58.0,30.0,13.0
-53.0,30.0,16.0
-53.0,28.0,16.0
-58.0,28.0,15.0
-55.0,28.0,19.0
-56.0,27.0,16.0
-55.0,25.0,19.0
-57.0,27.0,17.0
-55.0,29.0,19.0
-55.0,26.0,17.0
-52.0,27.0,21.0
-54.0,26.0,16.0
-61.0,27.0,15.0
-53.0,27.0,17.0
-56.0,25.0,17.0
-58.0,24.0,15.0
-58.0,27.0,17.0
-57.0,27.0,18.0
-56.0,25.0,17.0
-56.0,22.0,19.0
-55.0,22.0,19.0
-56.0,26.0,18.0
-54.0,29.0,19.0
-56.0,29.0,15.0
-55.0,28.0,16.0
-58.0,29.0,16.0
-57.0,27.0,15.0
-58.0,26.0,19.0
-56.0,27.0,20.0
-58.0,26.0,18.0
-55.0,25.0,18.0
-53.0,28.0,21.0
-53.0,34.0,18.0
-57.0,28.0,15.0
-61.0,26.0,13.0
-58.0,26.0,15.0
-54.0,25.0,21.0
-57.0,22.0,15.0
-66.0,24.0,13.0
-54.0,27.0,21.0
-58.0,27.0,16.0
-56.0,25.0,18.0
-53.0,24.0,21.0
-54.0,23.0,19.0
-56.0,28.0,20.0
-59.0,26.0,15.0
-57.0,27.0,16.0
-55.0,28.0,16.0
-54.0,29.0,19.0
-59.0,26.0,17.0
-53.0,27.0,21.0
-53.0,28.0,21.0
-59.0,25.0,16.0
-55.0,26.0,20.0
-50.0,24.0,19.0
-57.0,26.0,18.0
-55.0,29.0,19.0
-57.0,29.0,19.0
-57.0,23.0,20.0
-59.0,27.0,15.0
-55.0,27.0,17.0
-56.0,27.0,15.0
-56.0,24.0,17.0
-59.0,24.0,17.0
-59.0,25.0,16.0
-59.0,25.0,16.0
-54.0,25.0,19.0
-56.0,24.0,18.0
-54.0,24.0,17.0
-58.0,23.0,16.0
-56.0,25.0,20.0
-60.0,27.0,16.0
-57.0,27.0,17.0
-57.0,28.0,16.0
-55.0,30.0,16.0
-55.0,27.0,17.0
-53.0,28.0,20.0
-55.0,24.0,19.0
-58.0,26.0,17.0
-56.0,26.0,18.0
-55.0,28.0,18.0
-56.0,26.0,20.0
-53.0,24.0,24.0
-54.0,27.0,18.0
-56.0,28.0,16.0
-59.0,30.0,12.0
-57.0,29.0,13.0
-53.0,31.0,17.0
-54.0,30.0,19.0
-56.0,26.0,15.0
-58.0,26.0,15.0
-56.0,29.0,18.0
-58.0,26.0,14.0
-54.0,31.0,17.0
-45.0,35.0,24.0
-62.0,22.0,9.0
-57.0,27.0,17.0
-52.0,30.0,15.0
-62.0,27.0,12.0
-50.0,30.0,23.0
-52.0,32.0,20.0
-59.0,26.0,14.0
-55.0,29.0,17.0
-56.0,26.0,19.0
-60.0,24.0,16.0
-52.0,27.0,22.0
-55.0,29.0,16.0
-55.0,31.0,16.0
-51.0,27.0,19.0
-61.0,29.0,15.0
-54.0,27.0,18.0
-56.0,27.0,18.0
-56.0,26.0,17.0
-56.0,29.0,14.0
-56.0,26.0,14.0
-55.0,26.0,17.0
-53.0,25.0,19.0
-54.0,24.0,20.0
-55.0,28.0,20.0
-56.0,26.0,18.0
-56.0,30.0,16.0
-54.0,27.0,19.0
-57.0,30.0,18.0
-58.0,28.0,16.0
-53.0,27.0,19.0
-57.0,29.0,19.0
-54.0,26.0,20.0
-54.0,30.0,20.0
-56.0,27.0,18.0
-54.0,27.0,20.0
-53.0,28.0,21.0
-54.0,25.0,20.0
-57.0,31.0,18.0
-54.0,27.0,16.0
-55.0,28.0,21.0
-56.0,29.0,18.0
-57.0,25.0,20.0
-55.0,29.0,17.0
-59.0,28.0,14.0
-58.0,27.0,19.0
-53.0,29.0,18.0
-56.0,24.0,18.0
-56.0,26.0,20.0
-54.0,28.0,18.0
-55.0,26.0,17.0
-54.0,28.0,19.0
-55.0,28.0,17.0
-59.0,27.0,17.0
-52.0,30.0,18.0
-57.0,28.0,16.0
-57.0,28.0,18.0
-55.0,28.0,18.0
-54.0,28.0,20.0
-56.0,29.0,19.0
-57.0,29.0,16.0
-54.0,28.0,20.0
-55.0,29.0,20.0
-56.0,26.0,20.0
-54.0,28.0,23.0
-54.0,27.0,22.0
-59.0,28.0,15.0
-53.0,29.0,21.0
-54.0,30.0,19.0
-56.0,26.0,17.0
-57.0,27.0,18.0
-59.0,29.0,15.0
-54.0,25.0,19.0
-55.0,30.0,17.0
-57.0,27.0,19.0
-51.0,28.0,20.0
-57.0,28.0,15.0
-57.0,27.0,19.0
-55.0,26.0,20.0
-60.0,28.0,17.0
-58.0,26.0,18.0
-54.0,29.0,19.0
-53.0,28.0,18.0
-54.0,27.0,20.0
-57.0,28.0,18.0
-55.0,26.0,19.0
-56.0,27.0,21.0
-54.0,28.0,18.0
-57.0,27.0,19.0
-54.0,29.0,20.0
-51.0,28.0,21.0
-54.0,26.0,19.0
-55.0,27.0,20.0
-54.0,26.0,22.0
-57.0,27.0,17.0
-55.0,28.0,17.0
-56.0,26.0,19.0
-55.0,27.0,19.0
-58.0,27.0,16.0
-56.0,26.0,17.0
-55.0,27.0,18.0
-54.0,27.0,18.0
-55.0,27.0,20.0
-57.0,25.0,16.0
-54.0,25.0,20.0
-58.0,24.0,19.0
-62.0,27.0,13.0
-57.0,27.0,17.0
-57.0,28.0,17.0
-55.0,27.0,16.0
-55.0,28.0,19.0
-55.0,28.0,18.0
-56.0,25.0,19.0
-56.0,27.0,19.0
-56.0,27.0,18.0
-58.0,25.0,17.0
-54.0,28.0,17.0
-54.0,29.0,17.0
-61.0,26.0,17.0
-55.0,29.0,15.0
-51.0,27.0,19.0
-59.0,28.0,14.0
-59.0,27.0,14.0
-55.0,26.0,17.0
-57.0,27.0,16.0
-56.0,26.0,15.0
-56.0,26.0,16.0
-58.0,28.0,16.0
-58.0,26.0,14.0
-56.0,27.0,16.0
-55.0,26.0,17.0
-58.0,25.0,16.0
-55.0,27.0,18.0
-58.0,25.0,17.0
-59.0,25.0,17.0
-55.0,30.0,16.0
-56.0,28.0,15.0
-57.0,31.0,14.0
-57.0,27.0,17.0
-56.0,28.0,18.0
-55.0,27.0,17.0
-56.0,27.0,19.0
-54.0,27.0,18.0
-55.0,28.0,16.0
-56.0,27.0,16.0
-54.0,29.0,18.0
-57.0,31.0,17.0
-58.0,30.0,15.0
-52.0,25.0,19.0
-52.0,26.0,23.0
-57.0,27.0,14.0
-55.0,25.0,17.0
-58.0,26.0,15.0
-57.0,27.0,16.0
-58.0,25.0,16.0
-60.0,27.0,15.0
-56.0,26.0,15.0
-52.0,26.0,19.0
-56.0,25.0,15.0
-59.0,23.0,16.0
-57.0,26.0,19.0
-58.0,26.0,15.0
-55.0,27.0,18.0
-56.0,29.0,17.0
-54.0,29.0,15.0
-55.0,30.0,16.0
-54.0,28.0,16.0
-56.0,28.0,18.0
-54.0,28.0,17.0
-59.0,26.0,16.0
-59.0,28.0,15.0
-54.0,26.0,19.0
-56.0,28.0,17.0
-53.0,28.0,21.0
-52.0,28.0,22.0
-56.0,26.0,18.0
-57.0,26.0,20.0
-54.0,28.0,17.0
-57.0,28.0,16.0
-56.0,26.0,17.0
-56.0,26.0,17.0
-56.0,26.0,17.0
-58.0,26.0,17.0
-57.0,25.0,15.0
-54.0,25.0,19.0
-54.0,27.0,18.0
-55.0,27.0,16.0
-57.0,23.0,18.0
-60.0,23.0,17.0
-58.0,28.0,16.0
-53.0,25.0,20.0
-59.0,28.0,14.0
-55.0,28.0,15.0
-56.0,27.0,18.0
-54.0,25.0,20.0
-56.0,26.0,20.0
-56.0,28.0,17.0
-57.0,26.0,16.0
-56.0,28.0,16.0
-56.0,26.0,17.0
-54.0,29.0,18.0
-54.0,26.0,17.0
-56.0,27.0,18.0
-59.0,27.0,17.0
-56.0,26.0,17.0
-56.0,24.0,17.0
-54.0,26.0,19.0
-57.0,25.0,16.0
-58.0,26.0,17.0
-57.0,25.0,17.0
-58.0,26.0,14.0
-56.0,25.0,18.0
-54.0,27.0,18.0
-54.0,25.0,18.0
-61.0,23.0,18.0
-55.0,25.0,19.0
-59.0,27.0,15.0
-59.0,25.0,16.0
-56.0,28.0,18.0
-57.0,29.0,17.0
-58.0,32.0,12.0
-55.0,32.0,15.0
-52.0,22.0,17.0
-50.0,27.0,27.0
-54.0,26.0,20.0
-55.0,26.0,24.0
-51.0,28.0,22.0
-54.0,31.0,16.0
-53.0,31.0,18.0
-57.0,27.0,16.0
-57.0,30.0,14.0
-52.0,29.0,17.0
-57.0,27.0,15.0
-54.0,29.0,13.0
-54.0,29.0,16.0
-57.0,27.0,14.0
-57.0,27.0,15.0
-58.0,27.0,16.0
-58.0,25.0,16.0
-52.0,29.0,18.0
-56.0,26.0,17.0
-59.0,27.0,14.0
-54.0,28.0,19.0
-55.0,27.0,20.0
-56.0,30.0,15.0
-53.0,30.0,19.0
-57.0,28.0,13.0
-54.0,29.0,18.0
-59.0,27.0,16.0
-58.0,26.0,17.0
-54.0,26.0,19.0
-59.0,27.0,13.0
-56.0,25.0,16.0
-51.0,31.0,20.0
-56.0,27.0,12.0
-55.0,27.0,19.0
-58.0,26.0,16.0
-58.0,27.0,13.0
-59.0,28.0,14.0
-55.0,26.0,16.0
-56.0,27.0,14.0
-55.0,25.0,16.0
-58.0,25.0,13.0
-54.0,26.0,15.0
-58.0,25.0,17.0
-56.0,25.0,14.0
-58.0,26.0,15.0
-61.0,24.0,14.0
-56.0,25.0,18.0
-59.0,24.0,15.0
-56.0,25.0,19.0
-55.0,27.0,19.0
-56.0,27.0,15.0
-56.0,28.0,15.0
-56.0,27.0,18.0
-59.0,26.0,16.0
-54.0,27.0,21.0
-55.0,27.0,19.0
-58.0,27.0,14.0
-56.0,25.0,20.0
-53.0,30.0,20.0
-52.0,29.0,22.0
-55.0,28.0,21.0
-59.0,25.0,13.0
-51.0,28.0,23.0
-56.0,29.0,16.0
-56.0,26.0,16.0
-59.0,27.0,15.0
-58.0,28.0,15.0
-56.0,26.0,19.0
-58.0,28.0,17.0
-55.0,25.0,19.0
-58.0,29.0,16.0
-57.0,24.0,16.0
-57.0,24.0,19.0
-56.0,27.0,16.0
-56.0,25.0,19.0
-56.0,29.0,18.0
-55.0,28.0,17.0
-52.0,29.0,18.0
-54.0,29.0,17.0
-55.0,27.0,19.0
-52.0,27.0,21.0
-57.0,28.0,17.0
-56.0,26.0,16.0
-56.0,28.0,16.0
-53.0,28.0,19.0
-55.0,30.0,17.0
-58.0,29.0,15.0
-53.0,27.0,23.0
-58.0,27.0,18.0
-56.0,27.0,17.0
-55.0,28.0,16.0
-58.0,25.0,16.0
-55.0,26.0,17.0
-54.0,27.0,16.0
-56.0,26.0,16.0
-58.0,27.0,15.0
-55.0,26.0,18.0
-56.0,27.0,18.0
-54.0,24.0,15.0
-56.0,25.0,15.0
-62.0,25.0,14.0
-58.0,24.0,16.0
-57.0,24.0,17.0
-56.0,27.0,15.0
-56.0,30.0,15.0
-60.0,29.0,11.0
-53.0,28.0,17.0
-52.0,29.0,18.0
-54.0,28.0,17.0
-56.0,26.0,16.0
-55.0,29.0,16.0
-54.0,26.0,19.0
-55.0,29.0,14.0
-53.0,29.0,19.0
-58.0,27.0,15.0
-58.0,27.0,14.0
-55.0,25.0,20.0
-60.0,26.0,15.0
-54.0,28.0,17.0
-55.0,26.0,19.0
-58.0,27.0,15.0
-54.0,28.0,19.0
-61.0,26.0,15.0
-54.0,25.0,19.0
-55.0,27.0,18.0
-55.0,25.0,18.0
-57.0,24.0,18.0
-58.0,25.0,17.0
-58.0,26.0,18.0
-55.0,30.0,15.0
-55.0,28.0,15.0
-54.0,30.0,16.0
-52.0,28.0,19.0
-55.0,27.0,18.0
-55.0,26.0,20.0
-55.0,28.0,17.0
-57.0,28.0,15.0
-52.0,28.0,21.0
-53.0,30.0,19.0
-57.0,27.0,17.0
-52.0,26.0,21.0
-56.0,28.0,15.0
-54.0,27.0,19.0
-58.0,26.0,16.0
-60.0,27.0,14.0
-56.0,25.0,19.0
-57.0,26.0,18.0
-58.0,25.0,15.0
-55.0,25.0,19.0
-53.0,27.0,19.0
-56.0,27.0,17.0
-57.0,24.0,17.0
-58.0,25.0,18.0
-58.0,25.0,17.0
-60.0,27.0,16.0
-52.0,28.0,19.0
-51.0,31.0,17.0
-53.0,30.0,16.0
-53.0,28.0,17.0
-53.0,27.0,20.0
-56.0,26.0,21.0
-57.0,27.0,18.0
-57.0,26.0,17.0
-55.0,28.0,20.0
-56.0,27.0,17.0
-55.0,27.0,18.0
-57.0,28.0,16.0
-55.0,26.0,16.0
-55.0,25.0,19.0
-56.0,26.0,19.0
-58.0,25.0,15.0
-57.0,24.0,18.0
-56.0,28.0,14.0
-59.0,26.0,14.0
-56.0,26.0,19.0
-53.0,28.0,17.0
-54.0,24.0,20.0
-57.0,24.0,16.0
-56.0,24.0,20.0
-56.0,26.0,20.0
-59.0,26.0,16.0
-59.0,27.0,15.0
-53.0,29.0,18.0
-57.0,26.0,15.0
-55.0,27.0,16.0
-56.0,26.0,18.0
-61.0,25.0,15.0
-55.0,26.0,19.0
-58.0,25.0,16.0
-56.0,26.0,18.0
-51.0,29.0,20.0
-55.0,29.0,16.0
-55.0,28.0,18.0
-55.0,27.0,18.0
-56.0,26.0,20.0
-57.0,26.0,18.0
-54.0,26.0,18.0
-58.0,26.0,15.0
-58.0,27.0,14.0
-56.0,24.0,18.0
-60.0,26.0,16.0
-56.0,24.0,19.0
-55.0,25.0,20.0
-56.0,26.0,15.0
-57.0,23.0,16.0
-58.0,25.0,18.0
-59.0,27.0,17.0
-58.0,21.0,18.0
-55.0,25.0,19.0
-55.0,29.0,13.0
-59.0,27.0,12.0
-55.0,28.0,16.0
-54.0,27.0,19.0
-55.0,26.0,19.0
-57.0,25.0,14.0
-55.0,26.0,18.0
-56.0,27.0,18.0
-55.0,26.0,15.0
-55.0,24.0,21.0
-61.0,25.0,15.0
-57.0,24.0,17.0
-60.0,26.0,14.0
-57.0,26.0,14.0
-58.0,24.0,14.0
-57.0,24.0,15.0
-56.0,25.0,14.0
-63.0,23.0,13.0
-61.0,27.0,12.0
-52.0,27.0,19.0
-54.0,25.0,18.0
-53.0,24.0,19.0
-57.0,22.0,20.0
-64.0,25.0,13.0
-56.0,25.0,17.0
-59.0,27.0,15.0
-60.0,28.0,14.0
-54.0,26.0,19.0
-59.0,28.0,15.0
-58.0,24.0,18.0
-55.0,25.0,20.0
-58.0,27.0,16.0
-56.0,25.0,16.0
-54.0,28.0,20.0
-55.0,25.0,19.0
-49.0,23.0,26.0
-55.0,25.0,18.0
-56.0,24.0,17.0
-55.0,27.0,18.0
-57.0,26.0,15.0
-59.0,24.0,15.0
-51.0,23.0,21.0
-56.0,22.0,17.0
-63.0,24.0,13.0
-58.0,27.0,19.0
-56.0,25.0,20.0
-52.0,23.0,20.0
-55.0,27.0,18.0
-54.0,23.0,19.0
-60.0,26.0,17.0
-56.0,27.0,18.0
-56.0,28.0,18.0
-56.0,27.0,17.0
-55.0,29.0,17.0
-57.0,27.0,18.0
-57.0,28.0,16.0
-55.0,26.0,21.0
-56.0,26.0,19.0
-53.0,26.0,19.0
-54.0,26.0,20.0
-57.0,26.0,18.0
-57.0,26.0,19.0
-54.0,27.0,21.0
-56.0,25.0,21.0
-57.0,28.0,15.0
-55.0,27.0,18.0
-58.0,26.0,16.0
-55.0,26.0,17.0
-60.0,27.0,16.0
-58.0,27.0,15.0
-57.0,25.0,17.0
-57.0,28.0,18.0
-57.0,27.0,16.0
-55.0,24.0,18.0
-56.0,27.0,19.0
-58.0,23.0,19.0
-58.0,29.0,18.0
-58.0,28.0,16.0
-56.0,27.0,15.0
-56.0,29.0,17.0
-53.0,27.0,19.0
-57.0,26.0,18.0
-55.0,26.0,19.0
-58.0,27.0,16.0
-56.0,25.0,17.0
-54.0,29.0,20.0
-51.0,28.0,20.0
-52.0,26.0,21.0
-55.0,24.0,20.0
-56.0,28.0,19.0
-55.0,25.0,19.0
-57.0,28.0,16.0
-56.0,26.0,18.0
-55.0,27.0,18.0
-57.0,27.0,16.0
-57.0,26.0,18.0
-55.0,29.0,19.0
-56.0,25.0,17.0
-55.0,26.0,17.0
-54.0,25.0,18.0
-54.0,26.0,21.0
-57.0,25.0,18.0
-60.0,29.0,14.0
-54.0,26.0,18.0
-56.0,30.0,17.0
-55.0,27.0,16.0
-55.0,27.0,20.0
-54.0,28.0,19.0
-55.0,26.0,19.0
-58.0,26.0,16.0
-55.0,27.0,19.0
-55.0,28.0,18.0
-54.0,28.0,19.0
-52.0,26.0,21.0
-56.0,29.0,16.0
-56.0,26.0,16.0
-58.0,28.0,17.0
-57.0,29.0,15.0
-54.0,25.0,19.0
-56.0,25.0,18.0
-58.0,25.0,16.0
-57.0,26.0,18.0
-57.0,26.0,16.0
-56.0,25.0,18.0
-55.0,26.0,17.0
-58.0,24.0,18.0
-54.0,26.0,20.0
-57.0,25.0,18.0
-59.0,28.0,17.0
-57.0,28.0,16.0
-55.0,27.0,17.0
-54.0,29.0,17.0
-55.0,27.0,17.0
-55.0,27.0,19.0
-54.0,26.0,20.0
-56.0,27.0,18.0
-56.0,27.0,18.0
-53.0,28.0,20.0
-57.0,29.0,18.0
-54.0,27.0,21.0
-49.0,27.0,24.0
-56.0,24.0,17.0
-55.0,23.0,20.0
-59.0,30.0,14.0
-55.0,27.0,15.0
-57.0,26.0,18.0
-58.0,28.0,16.0
-60.0,24.0,16.0
-55.0,26.0,20.0
-55.0,24.0,17.0
-60.0,25.0,17.0
-52.0,25.0,20.0
-57.0,27.0,17.0
-53.0,27.0,18.0
-62.0,26.0,14.0
-60.0,25.0,14.0
-59.0,28.0,18.0
-55.0,26.0,18.0
-57.0,30.0,17.0
-57.0,28.0,15.0
-57.0,27.0,17.0
-57.0,27.0,18.0
-56.0,26.0,20.0
-57.0,26.0,17.0
-53.0,28.0,19.0
-53.0,27.0,22.0
-54.0,28.0,20.0
-50.0,26.0,22.0
-54.0,29.0,16.0
-60.0,29.0,13.0
-56.0,29.0,17.0
-59.0,29.0,13.0
-55.0,24.0,18.0
-55.0,26.0,17.0
-58.0,26.0,16.0
-57.0,25.0,16.0
-59.0,26.0,16.0
-55.0,25.0,18.0
-53.0,30.0,19.0
-59.0,31.0,13.0
-55.0,23.0,19.0
-55.0,26.0,21.0
-63.0,25.0,14.0
-60.0,29.0,15.0
-52.0,27.0,18.0
-56.0,30.0,15.0
-58.0,28.0,14.0
-53.0,28.0,21.0
-54.0,27.0,19.0
-57.0,27.0,18.0
-55.0,26.0,18.0
-58.0,26.0,16.0
-51.0,26.0,21.0
-56.0,29.0,17.0
-53.0,28.0,18.0
-51.0,28.0,22.0
-57.0,29.0,16.0
-57.0,26.0,16.0
-55.0,28.0,17.0
-56.0,27.0,15.0
-59.0,25.0,15.0
-59.0,25.0,17.0
-57.0,25.0,17.0
-56.0,24.0,20.0
-53.0,24.0,22.0
-59.0,25.0,16.0
-57.0,27.0,14.0
-53.0,25.0,22.0
-59.0,24.0,19.0
-58.0,26.0,13.0
-54.0,28.0,20.0
-58.0,30.0,15.0
-55.0,28.0,14.0
-54.0,30.0,20.0
-56.0,28.0,14.0
-54.0,26.0,23.0
-56.0,28.0,21.0
-59.0,25.0,16.0
-53.0,28.0,21.0
-56.0,26.0,18.0
-55.0,28.0,19.0
-59.0,28.0,17.0
-58.0,26.0,16.0
-53.0,28.0,18.0
-54.0,26.0,17.0
-56.0,27.0,16.0
-59.0,27.0,13.0
-57.0,25.0,15.0
-57.0,27.0,18.0
-59.0,26.0,14.0
-55.0,24.0,20.0
-53.0,24.0,22.0
-56.0,24.0,16.0
-57.0,24.0,17.0
-58.0,25.0,17.0
-63.0,29.0,12.0
-60.0,26.0,15.0
-49.0,31.0,21.0
-52.0,30.0,18.0
-51.0,27.0,18.0
-55.0,31.0,16.0
-58.0,27.0,15.0
-58.0,27.0,19.0
-56.0,25.0,18.0
-54.0,27.0,19.0
-52.0,27.0,22.0
-57.0,28.0,12.0
-53.0,32.0,23.0
-55.0,26.0,19.0
-53.0,30.0,16.0
-53.0,32.0,18.0
-59.0,25.0,12.0
-59.0,28.0,13.0
-60.0,28.0,14.0
-58.0,23.0,16.0
-59.0,27.0,15.0
-55.0,25.0,17.0
-54.0,24.0,21.0
-59.0,27.0,16.0
-55.0,25.0,19.0
-52.0,29.0,20.0
-61.0,26.0,13.0
-54.0,29.0,17.0
-55.0,30.0,17.0
-55.0,29.0,15.0
-52.0,29.0,17.0
-56.0,27.0,17.0
-55.0,30.0,17.0
-57.0,28.0,17.0
-55.0,29.0,17.0
-58.0,26.0,16.0
-53.0,27.0,22.0
-56.0,28.0,21.0
-52.0,28.0,21.0
-53.0,28.0,20.0
-55.0,27.0,16.0
-55.0,30.0,16.0
-55.0,30.0,15.0
-54.0,27.0,18.0
-62.0,26.0,13.0
-61.0,28.0,16.0
-54.0,25.0,18.0
-58.0,24.0,19.0
-58.0,25.0,19.0
-55.0,25.0,19.0
-57.0,24.0,19.0
-58.0,27.0,17.0
-58.0,28.0,15.0
-54.0,29.0,17.0
-60.0,21.0,16.0
-56.0,29.0,20.0
-55.0,27.0,20.0
-60.0,25.0,16.0
-53.0,26.0,19.0
-53.0,26.0,21.0
-57.0,25.0,18.0
-57.0,27.0,19.0
-60.0,29.0,17.0
-54.0,27.0,17.0
-50.0,26.0,24.0
-58.0,28.0,14.0
-58.0,26.0,14.0
-58.0,28.0,19.0
-54.0,29.0,16.0
-56.0,24.0,19.0
-56.0,27.0,14.0
-60.0,26.0,14.0
-55.0,26.0,18.0
-57.0,28.0,16.0
-58.0,21.0,20.0
-59.0,25.0,17.0
-56.0,25.0,17.0
-59.0,25.0,17.0
-55.0,27.0,16.0
-56.0,24.0,18.0
-58.0,28.0,17.0
-56.0,29.0,16.0
-57.0,28.0,16.0
-56.0,27.0,17.0
-51.0,28.0,20.0
-53.0,28.0,21.0
-60.0,27.0,15.0
-57.0,25.0,17.0
-58.0,26.0,17.0
-57.0,25.0,18.0
-52.0,26.0,22.0
-57.0,26.0,19.0
-51.0,28.0,18.0
-59.0,27.0,21.0
-57.0,29.0,14.0
-53.0,28.0,17.0
-61.0,26.0,13.0
-58.0,24.0,16.0
-57.0,25.0,18.0
-58.0,24.0,17.0
-56.0,25.0,19.0
-58.0,24.0,17.0
-54.0,26.0,18.0
-54.0,24.0,20.0
-56.0,28.0,18.0
-57.0,23.0,18.0
-60.0,25.0,18.0
-55.0,27.0,17.0
-57.0,26.0,18.0
-55.0,27.0,18.0
-53.0,27.0,19.0
-57.0,25.0,19.0
-56.0,24.0,20.0
-56.0,24.0,18.0
-55.0,23.0,19.0
-55.0,25.0,18.0
-56.0,27.0,19.0
-53.0,28.0,19.0
-61.0,24.0,17.0
-58.0,27.0,17.0
-49.0,27.0,21.0
-58.0,27.0,17.0
-57.0,26.0,16.0
-56.0,24.0,16.0
-61.0,24.0,16.0
-66.0,24.0,14.0
-60.0,22.0,18.0
-60.0,24.0,17.0
-57.0,24.0,16.0
-54.0,26.0,19.0
-54.0,25.0,17.0
-58.0,23.0,17.0
-59.0,21.0,15.0
-54.0,25.0,20.0
-58.0,25.0,15.0
-56.0,25.0,16.0
-53.0,25.0,18.0
-59.0,27.0,14.0
-56.0,24.0,19.0
-56.0,25.0,18.0
-56.0,24.0,16.0
-59.0,25.0,16.0
-56.0,22.0,19.0
-56.0,23.0,17.0
-56.0,23.0,21.0
-61.0,23.0,15.0
-57.0,24.0,16.0
-55.0,25.0,17.0
-57.0,23.0,15.0
-60.0,25.0,15.0
-58.0,25.0,14.0
-57.0,24.0,16.0
-55.0,22.0,19.0
-59.0,22.0,18.0
-58.0,22.0,18.0
-58.0,22.0,16.0
-56.0,22.0,22.0
-54.0,25.0,22.0
-61.0,28.0,12.0
-56.0,26.0,13.0
-55.0,28.0,16.0
-56.0,26.0,16.0
-56.0,28.0,19.0
-59.0,24.0,16.0
-56.0,25.0,18.0
-60.0,25.0,14.0
-54.0,24.0,20.0
-62.0,32.0,13.0
-59.0,29.0,15.0
-49.0,21.0,27.0
-50.0,25.0,23.0
-55.0,27.0,16.0
-58.0,26.0,16.0
-58.0,28.0,16.0
-50.0,25.0,20.0
-58.0,27.0,13.0
-58.0,26.0,17.0
-54.0,24.0,20.0
-62.0,27.0,16.0
-56.0,26.0,20.0
-57.0,24.0,17.0
-56.0,24.0,19.0
-54.0,24.0,22.0
-57.0,29.0,17.0
-58.0,27.0,18.0
-58.0,29.0,17.0
-53.0,30.0,17.0
-52.0,27.0,24.0
-57.0,28.0,17.0
-51.0,25.0,25.0
-58.0,29.0,16.0
-58.0,25.0,16.0
-53.0,30.0,23.0
-53.0,31.0,19.0
-54.0,27.0,25.0
-47.0,29.0,25.0
-60.0,28.0,12.0
-55.0,28.0,18.0
-56.0,30.0,18.0
-55.0,27.0,18.0
-55.0,27.0,18.0
-60.0,28.0,15.0
-59.0,26.0,20.0
-51.0,24.0,22.0
-54.0,25.0,20.0
-51.0,27.0,20.0
-57.0,26.0,18.0
-59.0,25.0,21.0
-55.0,31.0,20.0
-57.0,27.0,17.0
-55.0,31.0,18.0
-52.0,30.0,20.0
-58.0,28.0,19.0
-53.0,29.0,21.0
-57.0,26.0,17.0
-57.0,28.0,17.0
-54.0,27.0,20.0
-56.0,28.0,19.0
-55.0,24.0,21.0
-52.0,27.0,24.0
-55.0,26.0,21.0
-56.0,29.0,16.0
-54.0,31.0,17.0
-58.0,26.0,16.0
-55.0,27.0,17.0
-55.0,26.0,16.0
-56.0,25.0,19.0
-53.0,26.0,18.0
-55.0,25.0,19.0
-57.0,26.0,19.0
-58.0,26.0,15.0
-53.0,26.0,19.0
-60.0,25.0,20.0
-57.0,29.0,15.0
-55.0,29.0,19.0
-56.0,29.0,14.0
-54.0,28.0,16.0
-56.0,29.0,17.0
-54.0,26.0,18.0
-53.0,29.0,19.0
-60.0,27.0,16.0
-54.0,26.0,17.0
-53.0,29.0,21.0
-59.0,25.0,15.0
-55.0,25.0,19.0
-58.0,29.0,17.0
-57.0,26.0,15.0
-53.0,31.0,18.0
-54.0,28.0,17.0
-58.0,25.0,14.0
-55.0,27.0,16.0
-55.0,25.0,17.0
-53.0,22.0,19.0
-62.0,24.0,17.0
-58.0,26.0,15.0
-51.0,26.0,19.0
-56.0,26.0,21.0
-55.0,26.0,19.0
-57.0,30.0,15.0
-54.0,28.0,18.0
-51.0,31.0,18.0
-56.0,27.0,18.0
-56.0,27.0,18.0
-51.0,26.0,23.0
-58.0,26.0,14.0
-60.0,26.0,15.0
-53.0,26.0,21.0
-54.0,27.0,20.0
-55.0,29.0,19.0
-55.0,30.0,19.0
-59.0,27.0,16.0
-58.0,26.0,17.0
-52.0,27.0,21.0
-56.0,28.0,17.0
-57.0,25.0,15.0
-58.0,25.0,16.0
-57.0,26.0,18.0
-57.0,24.0,19.0
-58.0,24.0,19.0
-51.0,25.0,25.0
-58.0,25.0,15.0
-53.0,25.0,18.0
-53.0,29.0,19.0
-54.0,25.0,17.0
-56.0,27.0,19.0
-54.0,27.0,15.0
-60.0,23.0,19.0
-54.0,28.0,18.0
-53.0,27.0,21.0
-59.0,25.0,16.0
-58.0,28.0,16.0
-57.0,25.0,20.0
-54.0,30.0,20.0
-55.0,25.0,20.0
-54.0,27.0,22.0
-58.0,27.0,14.0
-54.0,26.0,21.0
-59.0,28.0,15.0
-55.0,26.0,16.0
-56.0,25.0,17.0
-57.0,25.0,17.0
-54.0,25.0,18.0
-60.0,26.0,16.0
-55.0,24.0,22.0
-51.0,25.0,22.0
-60.0,27.0,14.0
-56.0,25.0,18.0
-55.0,27.0,19.0
-57.0,26.0,18.0
-54.0,24.0,18.0
-57.0,28.0,18.0
-56.0,24.0,19.0
-57.0,26.0,19.0
-51.0,25.0,22.0
-58.0,27.0,14.0
-56.0,27.0,18.0
-57.0,27.0,18.0
-54.0,26.0,20.0
-56.0,25.0,20.0
-58.0,26.0,18.0
-55.0,25.0,20.0
-59.0,25.0,16.0
-57.0,26.0,18.0
-55.0,27.0,19.0
-54.0,23.0,17.0
-68.0,27.0,14.0
-55.0,26.0,18.0
-60.0,26.0,14.0
-55.0,26.0,21.0
-55.0,27.0,18.0
-56.0,24.0,18.0
-56.0,24.0,18.0
-56.0,26.0,19.0
-60.0,24.0,16.0
-56.0,29.0,18.0
-54.0,26.0,19.0
-58.0,28.0,15.0
-52.0,28.0,19.0
-57.0,26.0,19.0
-59.0,27.0,16.0
-57.0,26.0,19.0
-56.0,24.0,19.0
-52.0,28.0,20.0
-53.0,28.0,17.0
-59.0,27.0,16.0
-52.0,26.0,20.0
-53.0,25.0,21.0
-59.0,26.0,15.0
-54.0,28.0,17.0
-59.0,21.0,16.0
-61.0,22.0,19.0
-61.0,26.0,14.0
-57.0,23.0,18.0
-56.0,23.0,19.0
-55.0,24.0,20.0
-58.0,22.0,18.0
-58.0,22.0,18.0
-59.0,29.0,17.0
-56.0,25.0,18.0
-54.0,30.0,17.0
-53.0,29.0,16.0
-51.0,29.0,18.0
-56.0,29.0,15.0
-51.0,25.0,21.0
-54.0,27.0,23.0
-58.0,21.0,19.0
-60.0,23.0,18.0
-58.0,27.0,17.0
-50.0,28.0,21.0
-55.0,31.0,20.0
-56.0,24.0,17.0
-53.0,31.0,20.0
-53.0,30.0,15.0
-55.0,25.0,17.0
-52.0,25.0,23.0
-61.0,27.0,15.0
-61.0,23.0,13.0
-55.0,23.0,21.0
-57.0,26.0,16.0
-57.0,25.0,16.0
-57.0,26.0,19.0
-56.0,24.0,16.0
-53.0,28.0,19.0
-57.0,27.0,17.0
-62.0,26.0,13.0
-54.0,27.0,17.0
-57.0,26.0,18.0
-62.0,26.0,13.0
-55.0,25.0,18.0
-53.0,26.0,22.0
-59.0,24.0,16.0
-57.0,24.0,19.0
-54.0,27.0,18.0
-56.0,28.0,16.0
-48.0,28.0,27.0
-52.0,28.0,23.0
-54.0,26.0,18.0
-55.0,27.0,20.0
-58.0,26.0,17.0
-57.0,26.0,16.0
-59.0,27.0,18.0
-57.0,26.0,16.0
-55.0,27.0,18.0
-56.0,28.0,17.0
-59.0,25.0,16.0
-57.0,26.0,17.0
-54.0,24.0,19.0
-54.0,26.0,24.0
-58.0,28.0,17.0
-60.0,28.0,16.0
-52.0,29.0,21.0
-57.0,29.0,16.0
-56.0,28.0,15.0
-55.0,29.0,19.0
-54.0,26.0,20.0
-57.0,27.0,18.0
-56.0,28.0,17.0
-54.0,26.0,19.0
-55.0,28.0,19.0
-53.0,26.0,22.0
-56.0,27.0,22.0
-55.0,25.0,20.0
-60.0,26.0,15.0
-52.0,27.0,20.0
-55.0,28.0,18.0
-60.0,26.0,14.0
-56.0,26.0,18.0
-60.0,27.0,15.0
-56.0,25.0,17.0
-57.0,25.0,19.0
-54.0,28.0,18.0
-54.0,23.0,19.0
-59.0,23.0,19.0
-58.0,27.0,16.0
-58.0,29.0,16.0
-55.0,28.0,16.0
-51.0,29.0,20.0
-54.0,28.0,18.0
-54.0,26.0,17.0
-54.0,26.0,23.0
-55.0,26.0,18.0
-59.0,24.0,19.0
-61.0,31.0,14.0
-58.0,31.0,15.0
-48.0,27.0,26.0
-52.0,28.0,24.0
-51.0,26.0,24.0
-49.0,26.0,27.0
-62.0,27.0,11.0
-60.0,26.0,12.0
-57.0,29.0,17.0
-58.0,26.0,15.0
-56.0,27.0,20.0
-57.0,27.0,18.0
-55.0,24.0,20.0
-56.0,27.0,19.0
-57.0,25.0,17.0
-56.0,27.0,18.0
-59.0,25.0,15.0
-54.0,25.0,19.0
-60.0,27.0,17.0
-55.0,25.0,17.0
-53.0,30.0,20.0
-55.0,27.0,17.0
-51.0,27.0,21.0
-57.0,27.0,16.0
-57.0,24.0,17.0
-54.0,27.0,21.0
-58.0,26.0,18.0
-50.0,28.0,22.0
-54.0,29.0,22.0
-55.0,24.0,19.0
-56.0,23.0,19.0
-52.0,28.0,20.0
-57.0,27.0,16.0
-55.0,25.0,20.0
-55.0,26.0,19.0
-58.0,25.0,15.0
-56.0,26.0,18.0
-56.0,24.0,19.0
-55.0,23.0,19.0
-53.0,25.0,20.0
-61.0,25.0,14.0
-56.0,27.0,20.0
-56.0,29.0,18.0
-58.0,26.0,17.0
-55.0,29.0,16.0
-56.0,28.0,18.0
-56.0,26.0,18.0
-53.0,26.0,21.0
-55.0,27.0,18.0
-57.0,25.0,17.0
-57.0,26.0,15.0
-58.0,26.0,18.0
-51.0,29.0,26.0
-54.0,26.0,19.0
-54.0,25.0,19.0
-58.0,30.0,16.0
-57.0,28.0,14.0
-59.0,28.0,16.0
-58.0,24.0,16.0
-56.0,25.0,17.0
-57.0,26.0,18.0
-54.0,26.0,17.0
-51.0,23.0,20.0
-55.0,24.0,22.0
-57.0,23.0,15.0
-60.0,24.0,17.0
-59.0,30.0,16.0
-60.0,29.0,11.0
-52.0,26.0,19.0
-54.0,30.0,18.0
-56.0,26.0,17.0
-56.0,25.0,19.0
-56.0,27.0,17.0
-58.0,25.0,17.0
-56.0,27.0,17.0
-58.0,25.0,16.0
-52.0,29.0,21.0
-55.0,30.0,19.0
-56.0,25.0,19.0
-57.0,27.0,17.0
-57.0,26.0,15.0
-54.0,25.0,17.0
-57.0,27.0,16.0
-59.0,23.0,16.0
-57.0,26.0,15.0
-53.0,23.0,22.0
-57.0,25.0,18.0
-60.0,25.0,16.0
-55.0,22.0,19.0
-56.0,27.0,18.0
-55.0,23.0,19.0
-55.0,29.0,18.0
-58.0,27.0,15.0
-55.0,29.0,19.0
-53.0,30.0,19.0
-54.0,26.0,18.0
-56.0,29.0,17.0
-56.0,24.0,20.0
-54.0,24.0,21.0
-59.0,25.0,18.0
-52.0,22.0,23.0
-54.0,29.0,20.0
-58.0,25.0,18.0
-50.0,27.0,22.0
-56.0,29.0,17.0
-59.0,26.0,15.0
-54.0,29.0,19.0
-56.0,26.0,15.0
-60.0,25.0,15.0
-54.0,29.0,20.0
-56.0,28.0,15.0
-57.0,22.0,19.0
-61.0,23.0,17.0
-56.0,22.0,20.0
-58.0,24.0,17.0
-62.0,24.0,14.0
-55.0,26.0,19.0
-59.0,26.0,18.0
-60.0,26.0,16.0
-52.0,23.0,20.0
-55.0,25.0,20.0
-59.0,30.0,14.0
-58.0,25.0,15.0
-59.0,27.0,12.0
-54.0,25.0,21.0
-53.0,24.0,23.0
-56.0,25.0,19.0
-52.0,23.0,24.0
-61.0,24.0,14.0
-58.0,22.0,18.0
-58.0,26.0,15.0
-59.0,25.0,14.0
-55.0,24.0,20.0
-60.0,28.0,15.0
-56.0,23.0,20.0
-58.0,24.0,19.0
-59.0,24.0,15.0
-54.0,23.0,17.0
-61.0,26.0,17.0
-57.0,26.0,16.0
-61.0,26.0,13.0
-50.0,29.0,18.0
-51.0,26.0,19.0
-58.0,23.0,16.0
-59.0,24.0,18.0
-57.0,26.0,18.0
-57.0,23.0,17.0
-59.0,26.0,17.0
-54.0,26.0,19.0
-55.0,28.0,19.0
-54.0,26.0,18.0
-55.0,23.0,20.0
-58.0,25.0,19.0
-60.0,23.0,15.0
-58.0,26.0,13.0
-57.0,24.0,17.0
-58.0,26.0,16.0
-59.0,24.0,15.0
-59.0,23.0,15.0
-54.0,24.0,22.0
-55.0,24.0,19.0
-57.0,21.0,16.0
-57.0,20.0,19.0
-60.0,26.0,14.0
-52.0,23.0,22.0
-60.0,28.0,14.0
-56.0,28.0,12.0
-54.0,28.0,20.0
-57.0,28.0,16.0
-54.0,23.0,22.0
-60.0,25.0,19.0
-57.0,19.0,18.0
-59.0,29.0,17.0
-58.0,29.0,14.0
-50.0,28.0,21.0
-54.0,27.0,19.0
-54.0,24.0,20.0
-59.0,25.0,18.0
-61.0,25.0,14.0
-58.0,23.0,16.0
-57.0,26.0,17.0
-57.0,24.0,15.0
-59.0,24.0,17.0
-50.0,23.0,22.0
-60.0,21.0,17.0
-60.0,23.0,15.0
-53.0,28.0,18.0
-64.0,30.0,13.0
-57.0,24.0,14.0
-51.0,26.0,20.0
-54.0,28.0,16.0
-58.0,23.0,16.0
-57.0,27.0,21.0
-57.0,24.0,17.0
-56.0,25.0,18.0
-59.0,25.0,17.0
-56.0,23.0,19.0
-50.0,27.0,22.0
-58.0,27.0,15.0
-56.0,25.0,18.0
-56.0,26.0,17.0
-56.0,24.0,16.0
-55.0,25.0,17.0
-62.0,25.0,13.0
-58.0,24.0,14.0
-53.0,25.0,20.0
-61.0,24.0,16.0
-56.0,23.0,19.0
-56.0,28.0,19.0
-59.0,20.0,15.0
-60.0,25.0,17.0
-57.0,28.0,16.0
-57.0,30.0,12.0
-58.0,26.0,15.0
-53.0,28.0,18.0
-56.0,26.0,16.0
-57.0,26.0,16.0
-54.0,28.0,20.0
-55.0,26.0,17.0
-56.0,25.0,17.0
-57.0,27.0,16.0
-53.0,25.0,20.0
-55.0,24.0,22.0
-57.0,27.0,17.0
-60.0,26.0,18.0
-58.0,28.0,14.0
-54.0,29.0,13.0
-57.0,24.0,18.0
-57.0,26.0,15.0
-56.0,24.0,20.0
-54.0,25.0,21.0
-58.0,25.0,15.0
-54.0,23.0,17.0
-57.0,25.0,16.0
-56.0,26.0,18.0
-59.0,26.0,17.0
-58.0,27.0,16.0
-53.0,29.0,18.0
-59.0,25.0,15.0
-56.0,26.0,18.0
-54.0,25.0,18.0
-59.0,23.0,15.0
-54.0,25.0,20.0
-52.0,26.0,22.0
-56.0,30.0,15.0
-61.0,29.0,13.0
-57.0,27.0,18.0
-53.0,28.0,20.0
-58.0,23.0,17.0
-60.0,26.0,15.0
-56.0,24.0,14.0
-53.0,23.0,20.0
-62.0,25.0,14.0
-55.0,24.0,15.0
-60.0,24.0,19.0
-56.0,24.0,19.0
-51.0,27.0,20.0
-57.0,28.0,17.0
-59.0,24.0,17.0
-53.0,28.0,20.0
-62.0,24.0,14.0
-56.0,26.0,16.0
-52.0,29.0,19.0
-62.0,26.0,14.0
-53.0,25.0,20.0
-54.0,26.0,19.0
-60.0,25.0,17.0
-56.0,26.0,20.0
-59.0,29.0,17.0
-54.0,25.0,21.0
-53.0,28.0,22.0
-58.0,25.0,16.0
-57.0,22.0,18.0
-57.0,29.0,16.0
-58.0,27.0,16.0
-54.0,22.0,19.0
-58.0,24.0,19.0
-60.0,27.0,17.0
-50.0,25.0,21.0
-55.0,25.0,19.0
-56.0,25.0,18.0
-58.0,26.0,18.0
-57.0,24.0,18.0
-58.0,28.0,18.0
-56.0,28.0,17.0
-58.0,27.0,17.0
-54.0,30.0,19.0
-56.0,27.0,18.0
-52.0,25.0,22.0
-57.0,28.0,17.0
-55.0,25.0,18.0
-56.0,27.0,18.0
-55.0,27.0,19.0
-54.0,27.0,20.0
-57.0,27.0,18.0
-54.0,26.0,21.0
-56.0,26.0,19.0
-54.0,24.0,19.0
-57.0,26.0,16.0
-56.0,26.0,18.0
-64.0,24.0,14.0
-55.0,25.0,19.0
-57.0,28.0,17.0
-61.0,28.0,13.0
-56.0,26.0,19.0
-56.0,25.0,19.0
-55.0,25.0,17.0
-56.0,19.0,21.0
-61.0,30.0,15.0
-55.0,27.0,16.0
-57.0,29.0,18.0
-56.0,29.0,14.0
-57.0,25.0,19.0
-53.0,26.0,21.0
-55.0,26.0,19.0
-54.0,25.0,22.0
-57.0,27.0,18.0
-55.0,26.0,17.0
-55.0,28.0,20.0
-52.0,28.0,20.0
-57.0,27.0,19.0
-57.0,28.0,17.0
-57.0,25.0,18.0
-55.0,27.0,17.0
-58.0,26.0,16.0
-58.0,25.0,17.0
-54.0,28.0,18.0
-62.0,24.0,14.0
-57.0,26.0,14.0
-60.0,25.0,13.0
-55.0,23.0,18.0
-57.0,26.0,17.0
-59.0,23.0,14.0
-57.0,24.0,19.0
-57.0,24.0,17.0
-57.0,24.0,18.0
-57.0,25.0,17.0
-57.0,28.0,17.0
-58.0,28.0,16.0
-57.0,25.0,17.0
-57.0,24.0,18.0
-53.0,26.0,20.0
-58.0,23.0,17.0
-58.0,28.0,17.0
-52.0,27.0,19.0
-61.0,25.0,13.0
-55.0,26.0,18.0
-55.0,28.0,20.0
-55.0,25.0,17.0
-57.0,24.0,17.0
-56.0,28.0,16.0
-56.0,23.0,17.0
-62.0,22.0,13.0
-59.0,23.0,14.0
-58.0,26.0,18.0
-58.0,24.0,15.0
-54.0,22.0,19.0
-59.0,23.0,17.0
-55.0,21.0,18.0
-56.0,25.0,20.0
-60.0,24.0,12.0
-61.0,25.0,12.0
-61.0,25.0,14.0
-54.0,28.0,15.0
-58.0,24.0,13.0
-61.0,23.0,11.0
-55.0,23.0,20.0
-58.0,22.0,18.0
-67.0,22.0,10.0
-59.0,24.0,13.0
-57.0,30.0,16.0
-58.0,29.0,13.0
-47.0,24.0,21.0
-46.0,22.0,25.0
-56.0,24.0,18.0
-58.0,23.0,16.0
-61.0,25.0,13.0
-60.0,25.0,11.0
-60.0,27.0,15.0
-56.0,24.0,15.0
-59.0,24.0,18.0
-53.0,22.0,21.0
-55.0,24.0,17.0
-58.0,25.0,14.0
-54.0,24.0,20.0
-55.0,27.0,16.0
-57.0,28.0,17.0
-60.0,26.0,13.0
-54.0,26.0,16.0
-59.0,27.0,18.0
-56.0,24.0,19.0
-59.0,26.0,15.0
-58.0,25.0,17.0
-55.0,25.0,19.0
-55.0,28.0,18.0
-55.0,25.0,18.0
-54.0,25.0,20.0
-59.0,25.0,15.0
-58.0,22.0,18.0
-55.0,28.0,16.0
-57.0,27.0,14.0
-64.0,25.0,15.0
-59.0,26.0,16.0
-59.0,25.0,14.0
-59.0,24.0,16.0
-57.0,23.0,16.0
-59.0,24.0,15.0
-60.0,23.0,16.0
-55.0,25.0,18.0
-58.0,24.0,17.0
-59.0,27.0,13.0
-55.0,23.0,17.0
-58.0,28.0,16.0
-56.0,24.0,18.0
-57.0,25.0,16.0
-55.0,24.0,19.0
-62.0,23.0,13.0
-57.0,22.0,14.0
-54.0,27.0,20.0
-57.0,26.0,15.0
-55.0,23.0,17.0
-59.0,27.0,19.0
-61.0,24.0,15.0
-57.0,22.0,16.0
-57.0,24.0,18.0
-58.0,23.0,14.0
-51.0,23.0,17.0
-57.0,25.0,19.0
-56.0,21.0,15.0
-58.0,23.0,18.0
-59.0,24.0,17.0
-59.0,23.0,14.0
-55.0,24.0,21.0
-57.0,26.0,18.0
-58.0,24.0,15.0
-58.0,27.0,16.0
-58.0,28.0,15.0
-55.0,27.0,17.0
-52.0,24.0,23.0
-61.0,24.0,15.0
-57.0,25.0,20.0
-55.0,26.0,20.0
-57.0,25.0,17.0
-56.0,26.0,17.0
-57.0,26.0,19.0
-58.0,26.0,19.0
-57.0,26.0,17.0
-52.0,23.0,20.0
-57.0,27.0,16.0
-57.0,23.0,16.0
-59.0,22.0,16.0
-56.0,24.0,19.0
-59.0,24.0,21.0
-61.0,22.0,13.0
-52.0,22.0,22.0
-54.0,24.0,18.0
-63.0,24.0,12.0
-57.0,24.0,21.0
-59.0,25.0,14.0
-62.0,27.0,16.0
-56.0,28.0,18.0
-55.0,26.0,17.0
-52.0,28.0,20.0
-58.0,25.0,18.0
-56.0,24.0,20.0
-58.0,25.0,18.0
-57.0,26.0,19.0
-54.0,24.0,20.0
-56.0,27.0,20.0
-54.0,25.0,20.0
-55.0,25.0,20.0
-57.0,26.0,16.0
-53.0,23.0,22.0
-58.0,26.0,15.0
-55.0,23.0,20.0
-59.0,23.0,15.0
-56.0,24.0,18.0
-57.0,25.0,18.0
-59.0,24.0,16.0
-54.0,25.0,20.0
-57.0,23.0,18.0
-59.0,24.0,13.0
-51.0,25.0,23.0
-62.0,27.0,14.0
-55.0,26.0,17.0
-53.0,26.0,21.0
-59.0,23.0,16.0
-54.0,23.0,19.0
-52.0,25.0,23.0
-58.0,24.0,19.0
-66.0,27.0,9.0
-60.0,26.0,12.0
-50.0,27.0,26.0
-53.0,27.0,21.0
-48.0,27.0,22.0
-60.0,28.0,13.0
-53.0,24.0,18.0
-55.0,27.0,20.0
-62.0,23.0,15.0
-54.0,22.0,21.0
-61.0,23.0,15.0
-56.0,23.0,16.0
-57.0,24.0,18.0
-56.0,23.0,18.0
-57.0,20.0,22.0
-54.0,27.0,15.0
-57.0,25.0,17.0
-58.0,27.0,14.0
-58.0,28.0,13.0
-54.0,29.0,19.0
-57.0,25.0,15.0
-55.0,25.0,18.0
-55.0,25.0,21.0
-59.0,23.0,17.0
-59.0,22.0,16.0
-58.0,30.0,15.0
-54.0,29.0,16.0
-52.0,26.0,21.0
-56.0,29.0,19.0
-57.0,25.0,15.0
-57.0,26.0,15.0
-59.0,26.0,16.0
-56.0,25.0,17.0
-56.0,23.0,15.0
-64.0,22.0,12.0
-54.0,24.0,18.0
-59.0,24.0,17.0
-62.0,24.0,14.0
-61.0,24.0,13.0
-56.0,24.0,18.0
-60.0,23.0,14.0
-58.0,26.0,16.0
-53.0,26.0,20.0
-60.0,22.0,15.0
-59.0,26.0,15.0
-56.0,27.0,17.0
-58.0,25.0,19.0
-58.0,25.0,16.0
-56.0,24.0,17.0
-60.0,25.0,15.0
-56.0,24.0,19.0
-55.0,27.0,19.0
-55.0,25.0,18.0
-59.0,24.0,16.0
-58.0,24.0,18.0
-54.0,23.0,21.0
-58.0,23.0,16.0
-54.0,24.0,17.0
-65.0,23.0,12.0
-57.0,22.0,16.0
-55.0,23.0,18.0
-59.0,22.0,16.0
-56.0,23.0,18.0
-58.0,23.0,15.0
-56.0,22.0,21.0
-57.0,25.0,20.0
-61.0,22.0,14.0
-59.0,22.0,18.0
-54.0,28.0,17.0
-58.0,24.0,16.0
-55.0,27.0,19.0
-51.0,26.0,20.0
-58.0,24.0,17.0
-58.0,24.0,16.0
-51.0,26.0,20.0
-56.0,27.0,16.0
-56.0,24.0,17.0
-54.0,24.0,20.0
-60.0,23.0,15.0
-58.0,21.0,19.0
-59.0,24.0,17.0
-55.0,22.0,16.0
-64.0,23.0,16.0
-64.0,26.0,14.0
-54.0,25.0,13.0
-57.0,25.0,18.0
-55.0,23.0,19.0
-57.0,22.0,19.0
-57.0,21.0,18.0
-57.0,22.0,19.0
-63.0,24.0,15.0
-59.0,24.0,15.0
-53.0,27.0,21.0
-62.0,24.0,12.0
-55.0,23.0,17.0
-54.0,27.0,21.0
-58.0,24.0,15.0
-53.0,23.0,21.0
-57.0,26.0,18.0
-56.0,25.0,19.0
-56.0,23.0,20.0
-58.0,26.0,14.0
-56.0,23.0,21.0
-57.0,25.0,17.0
-54.0,25.0,16.0
-59.0,24.0,15.0
-57.0,23.0,15.0
-59.0,24.0,17.0
-62.0,23.0,14.0
-52.0,23.0,18.0
-57.0,21.0,17.0
-60.0,23.0,14.0
-56.0,22.0,19.0
-62.0,23.0,17.0
-56.0,22.0,18.0
-56.0,24.0,18.0
-60.0,27.0,13.0
-53.0,26.0,17.0
-56.0,26.0,18.0
-54.0,25.0,18.0
-56.0,24.0,21.0
-59.0,25.0,17.0
-53.0,23.0,18.0
-57.0,24.0,17.0
-57.0,25.0,18.0
-51.0,27.0,24.0
-59.0,25.0,15.0
-57.0,25.0,14.0
-58.0,28.0,14.0
-60.0,27.0,11.0
-56.0,26.0,17.0
-56.0,24.0,17.0
-59.0,25.0,14.0
-54.0,23.0,16.0
-59.0,23.0,16.0
-56.0,22.0,20.0
-56.0,22.0,19.0
-62.0,22.0,12.0
-56.0,22.0,18.0
-58.0,27.0,18.0
-62.0,26.0,12.0
-56.0,24.0,17.0
-52.0,28.0,22.0
-58.0,27.0,13.0
-55.0,24.0,17.0
-56.0,28.0,17.0
-56.0,25.0,16.0
-52.0,27.0,21.0
-58.0,27.0,16.0
-51.0,22.0,24.0
-55.0,27.0,23.0
-55.0,29.0,16.0
-51.0,26.0,20.0
-56.0,27.0,14.0
-57.0,29.0,15.0
-56.0,27.0,17.0
-58.0,27.0,15.0
-58.0,25.0,16.0
-57.0,25.0,15.0
-60.0,25.0,14.0
-54.0,26.0,18.0
-59.0,25.0,16.0
-56.0,24.0,15.0
-58.0,25.0,18.0
-59.0,24.0,15.0
-52.0,27.0,21.0
-62.0,25.0,13.0
-58.0,28.0,13.0
-54.0,29.0,21.0
-55.0,29.0,15.0
-54.0,27.0,19.0
-52.0,26.0,22.0
-59.0,27.0,14.0
-55.0,24.0,19.0
-57.0,30.0,17.0
-55.0,27.0,17.0
-54.0,30.0,23.0
-53.0,29.0,19.0
-54.0,25.0,17.0
-51.0,27.0,23.0
-57.0,27.0,15.0
-64.0,26.0,12.0
-55.0,26.0,17.0
-59.0,27.0,15.0
-54.0,25.0,20.0
-57.0,27.0,14.0
-56.0,25.0,16.0
-53.0,25.0,20.0
-57.0,23.0,18.0
-62.0,25.0,14.0
-56.0,27.0,17.0
-58.0,24.0,15.0
-56.0,29.0,17.0
-52.0,30.0,20.0
-59.0,24.0,13.0
-58.0,26.0,11.0
-56.0,30.0,17.0
-59.0,24.0,11.0
-66.0,25.0,10.0
-49.0,25.0,21.0
-59.0,24.0,17.0
-64.0,16.0,16.0
-57.0,28.0,19.0
-60.0,19.0,16.0
-61.0,21.0,14.0
-52.0,30.0,16.0
-52.0,23.0,17.0
-53.0,26.0,17.0
-67.0,28.0,11.0
-59.0,22.0,17.0
-57.0,24.0,17.0
-54.0,22.0,14.0
-58.0,22.0,20.0
-56.0,26.0,18.0
-55.0,27.0,15.0
-62.0,22.0,15.0
-59.0,22.0,17.0
-59.0,24.0,18.0
-60.0,27.0,13.0
-51.0,29.0,16.0
-56.0,25.0,17.0
-55.0,27.0,19.0
-56.0,27.0,19.0
-58.0,26.0,16.0
-52.0,27.0,18.0
-63.0,22.0,16.0
-51.0,28.0,20.0
-48.0,27.0,24.0
-61.0,25.0,15.0
-52.0,27.0,18.0
-61.0,23.0,16.0
-58.0,26.0,14.0
-53.0,26.0,21.0
-61.0,24.0,16.0
-54.0,24.0,19.0
-55.0,25.0,18.0
-61.0,25.0,14.0
-56.0,27.0,14.0
-60.0,24.0,18.0
-58.0,24.0,17.0
-53.0,26.0,19.0
-55.0,22.0,21.0
-55.0,28.0,15.0
-54.0,26.0,18.0
-62.0,24.0,15.0
-56.0,27.0,16.0
-56.0,25.0,21.0
-60.0,26.0,15.0
-56.0,27.0,18.0
-57.0,26.0,20.0
-54.0,26.0,18.0
-55.0,28.0,19.0
-59.0,25.0,17.0
-55.0,27.0,17.0
-57.0,24.0,20.0
-51.0,28.0,21.0
-50.0,27.0,22.0
-55.0,25.0,18.0
-55.0,27.0,18.0
-56.0,25.0,21.0
-55.0,24.0,22.0
-55.0,27.0,18.0
-56.0,26.0,18.0
-57.0,29.0,16.0
-55.0,27.0,17.0
-54.0,26.0,20.0
-54.0,26.0,18.0
-59.0,24.0,17.0
-58.0,27.0,15.0
-58.0,23.0,16.0
-57.0,22.0,18.0
-54.0,27.0,18.0
-58.0,24.0,17.0
-56.0,27.0,15.0
-55.0,26.0,18.0
-56.0,25.0,19.0
-57.0,27.0,15.0
-54.0,24.0,20.0
-57.0,27.0,17.0
-60.0,22.0,16.0
-55.0,26.0,20.0
-57.0,24.0,16.0
-55.0,25.0,19.0
-58.0,28.0,14.0
-58.0,25.0,13.0
-57.0,24.0,18.0
-48.0,23.0,19.0
-63.0,23.0,20.0
-57.0,26.0,14.0
-58.0,25.0,13.0
-56.0,25.0,18.0
-55.0,27.0,17.0
-52.0,23.0,19.0
-60.0,25.0,15.0
-61.0,23.0,12.0
-61.0,25.0,12.0
-60.0,25.0,13.0
-58.0,26.0,14.0
-56.0,24.0,17.0
-56.0,23.0,17.0
-56.0,24.0,16.0
-52.0,23.0,22.0
-61.0,24.0,13.0
-57.0,24.0,14.0
-58.0,26.0,14.0
-57.0,24.0,15.0
-56.0,27.0,17.0
-59.0,26.0,15.0
-59.0,25.0,15.0
-55.0,26.0,15.0
-57.0,23.0,16.0
-59.0,25.0,16.0
-59.0,22.0,14.0
-57.0,21.0,15.0
-57.0,27.0,16.0
-55.0,24.0,15.0
-52.0,25.0,17.0
-59.0,26.0,13.0
-59.0,24.0,14.0
-59.0,25.0,17.0
-55.0,23.0,18.0
-57.0,25.0,16.0
-56.0,26.0,18.0
-55.0,26.0,16.0
-56.0,26.0,17.0
-55.0,25.0,17.0
-58.0,25.0,17.0
-54.0,24.0,21.0
-58.0,26.0,15.0
-56.0,25.0,18.0
-55.0,25.0,19.0
-59.0,27.0,17.0
-55.0,25.0,18.0
-56.0,25.0,19.0
-56.0,27.0,16.0
-58.0,24.0,17.0
-57.0,23.0,17.0
-57.0,25.0,16.0
-58.0,24.0,19.0
-59.0,25.0,12.0
-58.0,25.0,14.0
-58.0,27.0,18.0
-57.0,25.0,14.0
-58.0,25.0,17.0
-58.0,23.0,17.0
-55.0,26.0,18.0
-59.0,24.0,15.0
-57.0,25.0,17.0
-53.0,27.0,18.0
-59.0,24.0,16.0
-55.0,26.0,17.0
-55.0,24.0,20.0
-56.0,24.0,18.0
-57.0,26.0,16.0
-57.0,26.0,17.0
-56.0,27.0,17.0
-57.0,25.0,17.0
-58.0,28.0,18.0
-60.0,25.0,15.0
-55.0,22.0,18.0
-58.0,25.0,16.0
-58.0,24.0,14.0
-56.0,22.0,19.0
-57.0,24.0,19.0
-57.0,23.0,16.0
-59.0,24.0,17.0
-59.0,25.0,15.0
-53.0,22.0,20.0
-56.0,26.0,16.0
-57.0,25.0,16.0
-59.0,25.0,18.0
-60.0,28.0,13.0
-57.0,24.0,18.0
-57.0,25.0,19.0
-55.0,26.0,16.0
-55.0,23.0,20.0
-56.0,25.0,18.0
-55.0,25.0,19.0
-55.0,27.0,18.0
-56.0,23.0,17.0
-55.0,27.0,21.0
-59.0,25.0,14.0
-59.0,23.0,19.0
-56.0,26.0,16.0
-58.0,26.0,14.0
-57.0,23.0,18.0
-59.0,25.0,18.0
-57.0,22.0,17.0
-62.0,24.0,18.0
-61.0,26.0,12.0
-61.0,24.0,12.0
-55.0,26.0,20.0
-57.0,25.0,16.0
-58.0,23.0,17.0
-58.0,22.0,19.0
-59.0,23.0,15.0
-61.0,22.0,15.0
-58.0,27.0,19.0
-57.0,26.0,16.0
-56.0,26.0,18.0
-55.0,27.0,18.0
-57.0,23.0,17.0
-55.0,24.0,21.0
-56.0,26.0,15.0
-60.0,23.0,15.0
-54.0,26.0,21.0
-58.0,26.0,16.0
-54.0,24.0,21.0
-60.0,27.0,14.0
-56.0,25.0,17.0
-60.0,25.0,15.0
-57.0,23.0,15.0
-56.0,23.0,19.0
-59.0,23.0,18.0
-60.0,23.0,16.0
-58.0,24.0,14.0
-54.0,24.0,19.0
-56.0,23.0,19.0
-55.0,25.0,17.0
-59.0,24.0,16.0
-58.0,23.0,16.0
-59.0,24.0,16.0
-57.0,24.0,16.0
-55.0,27.0,17.0
-60.0,26.0,14.0
-58.0,24.0,13.0
-57.0,25.0,20.0
-55.0,24.0,19.0
-56.0,23.0,15.0
-57.0,24.0,18.0
-54.0,26.0,17.0
-57.0,25.0,15.0
-61.0,25.0,16.0
-55.0,24.0,21.0
-55.0,23.0,18.0
-60.0,25.0,13.0
-60.0,23.0,15.0
-55.0,25.0,18.0
-55.0,25.0,18.0
-57.0,23.0,16.0
-59.0,25.0,14.0
-59.0,23.0,18.0
-54.0,23.0,19.0
-59.0,24.0,16.0
-56.0,24.0,17.0
-58.0,23.0,17.0
-58.0,23.0,18.0
-56.0,26.0,17.0
-58.0,27.0,17.0
-56.0,26.0,16.0
-58.0,25.0,17.0
-55.0,24.0,20.0
-57.0,26.0,19.0
-58.0,25.0,18.0
-57.0,27.0,15.0
-54.0,24.0,21.0
-55.0,27.0,18.0
-54.0,27.0,20.0
-55.0,25.0,20.0
-57.0,24.0,17.0
-56.0,26.0,18.0
-56.0,24.0,19.0
-58.0,24.0,19.0
-56.0,24.0,17.0
-57.0,25.0,18.0
-57.0,25.0,15.0
-58.0,24.0,18.0
-56.0,26.0,19.0
-58.0,23.0,17.0
-58.0,24.0,19.0
-55.0,24.0,19.0
-57.0,24.0,16.0
-54.0,28.0,20.0
-55.0,27.0,18.0
-54.0,25.0,19.0
-54.0,26.0,20.0
-56.0,27.0,19.0
-55.0,28.0,18.0
-56.0,25.0,17.0
-58.0,25.0,17.0
-55.0,28.0,16.0
-57.0,26.0,17.0
-51.0,25.0,25.0
-58.0,27.0,19.0
-58.0,26.0,15.0
-56.0,28.0,16.0
-59.0,26.0,13.0
-61.0,24.0,14.0
-61.0,26.0,14.0
-54.0,25.0,18.0
-56.0,25.0,17.0
-55.0,26.0,15.0
-59.0,25.0,17.0
-57.0,23.0,14.0
-57.0,23.0,20.0
-62.0,28.0,17.0
-58.0,23.0,15.0
-55.0,25.0,17.0
-55.0,28.0,15.0
-55.0,27.0,17.0
-58.0,24.0,18.0
-56.0,25.0,16.0
-56.0,24.0,16.0
-59.0,26.0,16.0
-57.0,30.0,13.0
-52.0,27.0,20.0
-53.0,27.0,20.0
-55.0,25.0,18.0
-59.0,27.0,15.0
-56.0,25.0,18.0
-60.0,25.0,13.0
-52.0,26.0,15.0
-55.0,25.0,20.0
-55.0,23.0,16.0
-59.0,24.0,16.0
-60.0,26.0,17.0
-55.0,25.0,16.0
-54.0,23.0,18.0
-57.0,22.0,20.0
-56.0,26.0,17.0
-61.0,26.0,13.0
-60.0,29.0,14.0
-52.0,26.0,18.0
-58.0,25.0,16.0
-57.0,24.0,18.0
-56.0,26.0,19.0
-57.0,25.0,15.0
-56.0,28.0,16.0
-57.0,25.0,17.0
-58.0,28.0,17.0
-58.0,28.0,14.0
-55.0,26.0,18.0
-58.0,26.0,18.0
-56.0,25.0,15.0
-56.0,25.0,18.0
-57.0,25.0,18.0
-59.0,26.0,15.0
-56.0,25.0,17.0
-58.0,25.0,15.0
-59.0,25.0,14.0
-55.0,25.0,20.0
-56.0,24.0,17.0
-57.0,21.0,20.0
-59.0,24.0,19.0
-60.0,28.0,12.0
-56.0,26.0,17.0
-57.0,27.0,17.0
-54.0,26.0,16.0
-55.0,26.0,20.0
-54.0,24.0,19.0
-56.0,27.0,18.0
-55.0,28.0,17.0
-59.0,26.0,17.0
-52.0,26.0,21.0
-56.0,26.0,18.0
-59.0,24.0,15.0
-53.0,26.0,22.0
-59.0,25.0,15.0
-58.0,24.0,16.0
-54.0,25.0,18.0
-60.0,25.0,16.0
-57.0,25.0,19.0
-59.0,25.0,17.0
-53.0,22.0,22.0
-59.0,25.0,19.0
-58.0,24.0,16.0
-56.0,21.0,19.0
-58.0,25.0,17.0
-60.0,24.0,16.0
-58.0,25.0,17.0
-52.0,28.0,18.0
-58.0,26.0,15.0
-59.0,24.0,16.0
-54.0,24.0,22.0
-57.0,23.0,20.0
-58.0,25.0,15.0
-57.0,25.0,18.0
-58.0,27.0,17.0
-54.0,29.0,16.0
-57.0,24.0,18.0
-58.0,24.0,18.0
-56.0,22.0,17.0
-58.0,22.0,18.0
-61.0,25.0,16.0
-53.0,21.0,17.0
-54.0,25.0,17.0
-63.0,25.0,13.0
-53.0,23.0,16.0
-55.0,25.0,19.0
-57.0,22.0,17.0
-56.0,21.0,20.0
-59.0,24.0,18.0
-62.0,23.0,15.0
-59.0,25.0,16.0
-54.0,26.0,17.0
-55.0,25.0,15.0
-54.0,24.0,20.0
-57.0,23.0,21.0
-58.0,23.0,17.0
-54.0,25.0,21.0
-57.0,25.0,16.0
-56.0,24.0,17.0
-56.0,27.0,20.0
-59.0,25.0,15.0
-56.0,26.0,20.0
-55.0,26.0,19.0
-57.0,22.0,14.0
-59.0,20.0,17.0
-59.0,24.0,18.0
-59.0,22.0,15.0
-56.0,23.0,18.0
-59.0,25.0,15.0
-58.0,24.0,16.0
-55.0,24.0,21.0
-57.0,20.0,18.0
-59.0,20.0,18.0
-59.0,26.0,16.0
-54.0,25.0,19.0
-56.0,25.0,17.0
-59.0,26.0,17.0
-55.0,26.0,18.0
-52.0,25.0,22.0
-58.0,24.0,19.0
-58.0,26.0,16.0
-51.0,24.0,23.0
-62.0,28.0,12.0
-56.0,26.0,16.0
-52.0,25.0,25.0
-55.0,25.0,20.0
-57.0,26.0,16.0
-54.0,24.0,20.0
-58.0,23.0,14.0
-66.0,26.0,14.0
-55.0,25.0,20.0
-60.0,26.0,13.0
-55.0,25.0,19.0
-52.0,24.0,23.0
-61.0,25.0,14.0
-56.0,23.0,17.0
-58.0,25.0,20.0
-59.0,25.0,16.0
-55.0,27.0,18.0
-57.0,27.0,18.0
-55.0,26.0,17.0
-56.0,25.0,18.0
-58.0,25.0,20.0
-55.0,24.0,18.0
-53.0,29.0,19.0
-57.0,25.0,17.0
-58.0,28.0,18.0
-58.0,25.0,15.0
-55.0,24.0,19.0
-57.0,27.0,17.0
-58.0,26.0,15.0
-55.0,23.0,19.0
-56.0,23.0,18.0
-58.0,25.0,15.0
-59.0,25.0,17.0
-58.0,24.0,15.0
-59.0,25.0,14.0
-56.0,26.0,19.0
-57.0,22.0,16.0
-59.0,25.0,16.0
-53.0,23.0,21.0
-56.0,25.0,14.0
-61.0,28.0,12.0
-57.0,28.0,14.0
-56.0,27.0,14.0
-57.0,26.0,15.0
-56.0,28.0,19.0
-57.0,25.0,15.0
-59.0,24.0,13.0
-57.0,28.0,15.0
-57.0,26.0,14.0
-54.0,27.0,17.0
-54.0,27.0,19.0
-61.0,25.0,12.0
-58.0,24.0,14.0
-56.0,25.0,16.0
-60.0,24.0,14.0
-57.0,25.0,17.0
-59.0,24.0,14.0
-55.0,25.0,15.0
-56.0,25.0,16.0
-56.0,26.0,17.0
-57.0,23.0,17.0
-61.0,22.0,13.0
-57.0,25.0,20.0
-56.0,27.0,17.0
-60.0,24.0,13.0
-58.0,26.0,16.0
-56.0,25.0,15.0
-59.0,26.0,13.0
-54.0,26.0,19.0
-56.0,28.0,15.0
-53.0,27.0,17.0
-57.0,27.0,13.0
-56.0,26.0,16.0
-56.0,29.0,17.0
-58.0,26.0,15.0
-54.0,25.0,21.0
-59.0,26.0,12.0
-58.0,25.0,12.0
-54.0,23.0,17.0
-57.0,24.0,15.0
-56.0,22.0,15.0
-62.0,24.0,14.0
-63.0,22.0,12.0
-57.0,25.0,15.0
-59.0,23.0,15.0
-58.0,25.0,14.0
-56.0,24.0,16.0
-58.0,25.0,17.0
-59.0,26.0,16.0
-54.0,26.0,16.0
-57.0,27.0,16.0
-58.0,25.0,15.0
-56.0,27.0,16.0
-55.0,26.0,19.0
-56.0,24.0,16.0
-54.0,26.0,17.0
-59.0,27.0,16.0
-57.0,26.0,17.0
-54.0,28.0,20.0
-56.0,25.0,18.0
-55.0,26.0,19.0
-58.0,25.0,17.0
-57.0,25.0,17.0
-59.0,23.0,18.0
-58.0,25.0,17.0
-55.0,24.0,18.0
-57.0,25.0,17.0
-60.0,27.0,14.0
-54.0,24.0,17.0
-59.0,27.0,16.0
-57.0,24.0,15.0
-55.0,25.0,22.0
-56.0,26.0,19.0
-59.0,25.0,14.0
-54.0,26.0,19.0
-56.0,24.0,18.0
-56.0,27.0,17.0
-55.0,26.0,20.0
-58.0,27.0,16.0
-57.0,26.0,16.0
-56.0,27.0,18.0
-56.0,27.0,16.0
-56.0,27.0,20.0
-59.0,27.0,15.0
-54.0,26.0,18.0
-57.0,26.0,18.0
-57.0,26.0,16.0
-56.0,24.0,17.0
-59.0,23.0,17.0
-59.0,24.0,17.0
-57.0,24.0,17.0
-58.0,25.0,16.0
-58.0,24.0,15.0
-52.0,25.0,19.0
-54.0,25.0,17.0
-60.0,22.0,14.0
-59.0,25.0,18.0
-57.0,24.0,15.0
-57.0,25.0,18.0
-57.0,28.0,16.0
-57.0,27.0,16.0
-53.0,25.0,19.0
-58.0,26.0,16.0
-54.0,25.0,21.0
-57.0,27.0,18.0
-55.0,23.0,16.0
-54.0,25.0,21.0
-56.0,29.0,16.0
-55.0,23.0,18.0
-56.0,28.0,16.0
-58.0,25.0,13.0
-59.0,25.0,19.0
-57.0,25.0,16.0
-57.0,22.0,18.0
-57.0,25.0,20.0
-60.0,24.0,13.0
-56.0,24.0,15.0
-56.0,25.0,17.0
-52.0,24.0,22.0
-59.0,24.0,14.0
-58.0,21.0,16.0
-59.0,24.0,17.0
-59.0,25.0,17.0
-54.0,26.0,19.0
-55.0,27.0,18.0
-58.0,26.0,16.0
-58.0,26.0,14.0
-57.0,25.0,19.0
-58.0,26.0,18.0
-58.0,25.0,17.0
-55.0,25.0,16.0
-56.0,28.0,17.0
-54.0,28.0,17.0
-56.0,26.0,18.0
-58.0,22.0,18.0
-57.0,23.0,19.0
-56.0,23.0,17.0
-58.0,23.0,17.0
-57.0,23.0,16.0
-59.0,23.0,12.0
-63.0,25.0,15.0
-56.0,24.0,15.0
-58.0,25.0,16.0
-55.0,23.0,20.0
-58.0,24.0,16.0
-56.0,22.0,17.0
-62.0,25.0,15.0
-58.0,25.0,15.0
-60.0,24.0,17.0
-57.0,26.0,16.0
-54.0,26.0,18.0
-56.0,27.0,18.0
-59.0,26.0,16.0
-56.0,24.0,18.0
-56.0,26.0,19.0
-57.0,26.0,16.0
-55.0,25.0,19.0
-54.0,26.0,20.0
-56.0,27.0,19.0
-54.0,25.0,20.0
-55.0,26.0,21.0
-58.0,24.0,17.0
-57.0,25.0,17.0
-58.0,26.0,17.0
-57.0,24.0,17.0
-56.0,25.0,17.0
-59.0,25.0,15.0
-58.0,25.0,17.0
-57.0,27.0,15.0
-54.0,23.0,19.0
-55.0,22.0,21.0
-57.0,26.0,16.0
-60.0,25.0,15.0
-60.0,27.0,15.0
-57.0,27.0,16.0
-54.0,25.0,21.0
-55.0,29.0,19.0
-57.0,24.0,17.0
-59.0,26.0,17.0
-56.0,24.0,18.0
-56.0,26.0,19.0
-56.0,27.0,19.0
-54.0,28.0,18.0
-58.0,25.0,19.0
-58.0,27.0,21.0
-58.0,22.0,18.0
-59.0,23.0,19.0
-51.0,25.0,20.0
-55.0,24.0,19.0
-58.0,26.0,16.0
-59.0,27.0,15.0
-59.0,25.0,17.0
-56.0,27.0,16.0
-56.0,25.0,18.0
-55.0,25.0,19.0
-52.0,26.0,17.0
-55.0,26.0,20.0
-57.0,26.0,17.0
-61.0,25.0,16.0
-58.0,27.0,17.0
-56.0,26.0,16.0
-57.0,27.0,17.0
-54.0,26.0,19.0
-57.0,25.0,18.0
-57.0,25.0,19.0
-56.0,25.0,20.0
-56.0,25.0,18.0
-55.0,26.0,20.0
-54.0,26.0,19.0
-54.0,26.0,23.0
-58.0,25.0,16.0
-58.0,24.0,18.0
-53.0,26.0,20.0
-55.0,25.0,18.0
-54.0,22.0,20.0
-58.0,25.0,19.0
-61.0,26.0,15.0
-55.0,24.0,18.0
-58.0,26.0,14.0
-58.0,25.0,17.0
-53.0,25.0,21.0
-57.0,25.0,16.0
-58.0,24.0,18.0
-56.0,24.0,21.0
-56.0,25.0,17.0
-56.0,28.0,20.0
-53.0,29.0,17.0
-56.0,26.0,17.0
-56.0,24.0,20.0
-54.0,26.0,20.0
-55.0,25.0,22.0
-56.0,26.0,17.0
-55.0,26.0,18.0
-53.0,27.0,20.0
-55.0,28.0,19.0
-55.0,25.0,20.0
-58.0,25.0,18.0
-54.0,25.0,19.0
-56.0,25.0,19.0
-56.0,24.0,18.0
-56.0,24.0,19.0
-58.0,25.0,17.0
-58.0,24.0,17.0
-60.0,26.0,15.0
-56.0,26.0,16.0
-54.0,25.0,18.0
-54.0,23.0,21.0
-56.0,26.0,16.0
-55.0,24.0,19.0
-60.0,26.0,16.0
-56.0,27.0,17.0
-56.0,26.0,17.0
-55.0,28.0,18.0
-54.0,26.0,17.0
-57.0,24.0,18.0
-57.0,24.0,19.0
-57.0,25.0,20.0
-57.0,24.0,19.0
-59.0,27.0,17.0
-53.0,29.0,18.0
-60.0,25.0,17.0
-56.0,27.0,16.0
-54.0,25.0,19.0
-60.0,22.0,16.0
-58.0,23.0,16.0
-59.0,22.0,16.0
-57.0,23.0,18.0
-60.0,25.0,16.0
-58.0,24.0,17.0
-59.0,25.0,16.0
-58.0,26.0,14.0
-54.0,25.0,18.0
-56.0,23.0,16.0
-60.0,24.0,14.0
-53.0,22.0,23.0
-60.0,24.0,16.0
-52.0,23.0,20.0
-58.0,27.0,18.0
-59.0,28.0,14.0
-55.0,29.0,17.0
-56.0,25.0,18.0
-57.0,25.0,17.0
-55.0,25.0,21.0
-58.0,25.0,17.0
-58.0,25.0,15.0
-54.0,29.0,19.0
-52.0,28.0,19.0
-54.0,26.0,18.0
-58.0,23.0,17.0
-57.0,25.0,19.0
-57.0,24.0,18.0
-58.0,24.0,18.0
-54.0,22.0,17.0
-64.0,26.0,13.0
-52.0,24.0,17.0
-56.0,26.0,17.0
-58.0,24.0,17.0
-55.0,24.0,19.0
-55.0,25.0,19.0
-56.0,22.0,18.0
-62.0,21.0,17.0
-53.0,25.0,19.0
-56.0,24.0,20.0
-55.0,26.0,19.0
-57.0,26.0,17.0
-56.0,29.0,17.0
-55.0,27.0,18.0
-56.0,26.0,20.0
-56.0,26.0,19.0
-55.0,26.0,20.0
-57.0,26.0,17.0
-52.0,25.0,21.0
-53.0,27.0,22.0
-56.0,25.0,19.0
-56.0,25.0,19.0
-58.0,28.0,17.0
-54.0,23.0,20.0
-56.0,26.0,19.0
-55.0,25.0,17.0
-55.0,22.0,20.0
-59.0,24.0,16.0
-55.0,25.0,18.0
-61.0,25.0,16.0
-59.0,25.0,13.0
-54.0,21.0,19.0
-58.0,24.0,19.0
-57.0,24.0,18.0
-58.0,25.0,17.0
-58.0,26.0,16.0
-59.0,25.0,15.0
-56.0,28.0,17.0
-54.0,28.0,18.0
-56.0,24.0,18.0
-56.0,26.0,18.0
-55.0,24.0,19.0
-57.0,24.0,19.0
-55.0,26.0,17.0
-58.0,26.0,16.0
-56.0,30.0,16.0
-56.0,28.0,17.0
-58.0,26.0,19.0
-56.0,28.0,18.0
-57.0,24.0,17.0
-56.0,24.0,17.0
-60.0,25.0,17.0
-56.0,22.0,16.0
-54.0,24.0,18.0
-57.0,24.0,17.0
-60.0,24.0,14.0
-57.0,25.0,21.0
-56.0,26.0,18.0
-56.0,24.0,17.0
-57.0,24.0,18.0
-59.0,25.0,16.0
-57.0,27.0,17.0
-57.0,26.0,16.0
-54.0,25.0,18.0
-56.0,26.0,17.0
-58.0,26.0,17.0
-57.0,25.0,19.0
-57.0,27.0,16.0
-54.0,24.0,21.0
-56.0,26.0,19.0
-56.0,27.0,17.0
-55.0,26.0,21.0
-55.0,25.0,17.0
-58.0,25.0,16.0
-55.0,24.0,19.0
-58.0,25.0,17.0
-57.0,24.0,17.0
-57.0,24.0,19.0
-59.0,24.0,14.0
-58.0,24.0,15.0
-54.0,27.0,17.0
-58.0,28.0,13.0
-55.0,25.0,17.0
-56.0,23.0,18.0
-57.0,24.0,16.0
-56.0,23.0,17.0
-61.0,22.0,15.0
-57.0,22.0,20.0
-60.0,24.0,16.0
-59.0,25.0,17.0
-58.0,27.0,15.0
-57.0,25.0,17.0
-54.0,23.0,20.0
-55.0,26.0,18.0
-54.0,26.0,20.0
-57.0,25.0,14.0
-55.0,25.0,16.0
-57.0,26.0,21.0
-53.0,27.0,21.0
-55.0,23.0,19.0
-62.0,25.0,15.0
-60.0,26.0,13.0
-55.0,23.0,17.0
-58.0,24.0,16.0
-58.0,25.0,14.0
-58.0,23.0,17.0
-60.0,25.0,15.0
-59.0,24.0,14.0
-58.0,23.0,15.0
-59.0,24.0,15.0
-57.0,22.0,16.0
-57.0,22.0,19.0
-58.0,22.0,19.0
-58.0,26.0,15.0
-55.0,27.0,13.0
-56.0,27.0,17.0
-56.0,25.0,16.0
-58.0,26.0,15.0
-56.0,26.0,17.0
-55.0,26.0,18.0
-56.0,26.0,16.0
-59.0,26.0,14.0
-57.0,22.0,17.0
-58.0,24.0,19.0
-57.0,23.0,16.0
-63.0,23.0,18.0
-58.0,29.0,13.0
-57.0,28.0,12.0
-55.0,26.0,18.0
-58.0,28.0,16.0
-60.0,27.0,15.0
-57.0,28.0,20.0
-59.0,30.0,14.0
-58.0,28.0,16.0
-52.0,25.0,10.0
-54.0,21.0,8.0
-57.0,20.0,3.0
-47.0,24.0,-8.0
-51.0,21.0,6.0
-63.0,29.0,-1.0
-58.0,29.0,-7.0
-75.0,24.0,4.0
-77.0,30.0,8.0
-57.0,24.0,2.0
-67.0,28.0,3.0
-47.0,25.0,11.0
-65.0,33.0,2.0
-57.0,31.0,1.0
-54.0,33.0,7.0
-59.0,28.0,7.0
-59.0,28.0,9.0
-48.0,29.0,-3.0
-48.0,29.0,-9.0
-60.0,31.0,2.0
-61.0,37.0,4.0
-59.0,34.0,11.0
-59.0,33.0,6.0
-58.0,29.0,2.0
-43.0,32.0,8.0
-50.0,33.0,10.0
-61.0,29.0,10.0
-59.0,30.0,10.0
-49.0,29.0,19.0
-61.0,26.0,7.0
-61.0,24.0,9.0
-58.0,30.0,11.0
-56.0,30.0,13.0
-55.0,30.0,9.0
-54.0,31.0,10.0
-59.0,30.0,8.0
-57.0,28.0,11.0
-59.0,28.0,10.0
-56.0,29.0,14.0
-55.0,28.0,15.0
-55.0,29.0,9.0
-55.0,32.0,11.0
-59.0,31.0,10.0
-54.0,26.0,15.0
-58.0,30.0,12.0
-54.0,28.0,15.0
-63.0,27.0,8.0
-59.0,30.0,10.0
-55.0,28.0,12.0
-57.0,28.0,9.0
-58.0,29.0,10.0
-59.0,29.0,10.0
-56.0,29.0,11.0
-57.0,28.0,11.0
-58.0,28.0,12.0
-53.0,25.0,13.0
-57.0,28.0,9.0
-58.0,28.0,10.0
-60.0,29.0,11.0
-55.0,30.0,10.0
-53.0,28.0,15.0
-59.0,30.0,12.0
-55.0,31.0,11.0
-57.0,28.0,12.0
-57.0,30.0,11.0
-56.0,30.0,12.0
-56.0,30.0,13.0
-58.0,31.0,10.0
-54.0,31.0,13.0
-56.0,31.0,12.0
-52.0,29.0,15.0
-58.0,30.0,13.0
-57.0,30.0,10.0
-56.0,31.0,11.0
-56.0,31.0,13.0
-56.0,30.0,13.0
-53.0,31.0,13.0
-56.0,28.0,7.0
-57.0,25.0,8.0
-60.0,28.0,7.0
-58.0,25.0,9.0
-54.0,31.0,12.0
-52.0,32.0,12.0
-55.0,28.0,10.0
-53.0,28.0,9.0
-59.0,35.0,5.0
-56.0,33.0,10.0
-55.0,34.0,7.0
-53.0,33.0,9.0
-58.0,33.0,9.0
-57.0,33.0,-3.0
-52.0,31.0,11.0
-57.0,32.0,11.0
-54.0,33.0,5.0
-54.0,33.0,9.0
-57.0,33.0,10.0
-52.0,35.0,10.0
-52.0,31.0,10.0
-55.0,32.0,10.0
-56.0,36.0,7.0
-51.0,34.0,9.0
-52.0,33.0,9.0
-57.0,34.0,5.0
-54.0,33.0,9.0
-57.0,33.0,5.0
-56.0,31.0,6.0
-53.0,33.0,11.0
-58.0,30.0,5.0
-53.0,30.0,13.0
-55.0,32.0,11.0
-56.0,33.0,4.0
-55.0,33.0,11.0
-58.0,32.0,8.0
-53.0,37.0,9.0
-59.0,33.0,7.0
-56.0,33.0,7.0
-49.0,32.0,12.0
-55.0,32.0,9.0
-52.0,32.0,9.0
-56.0,32.0,7.0
-56.0,33.0,8.0
-52.0,36.0,11.0
-52.0,32.0,12.0
-58.0,30.0,8.0
-51.0,32.0,13.0
-57.0,33.0,9.0
-56.0,32.0,6.0
-53.0,32.0,10.0
-58.0,29.0,7.0
-58.0,31.0,5.0
-53.0,31.0,11.0
-59.0,32.0,4.0
-53.0,34.0,9.0
-56.0,27.0,9.0
-54.0,31.0,6.0
-54.0,29.0,14.0
-62.0,32.0,6.0
-56.0,36.0,9.0
-53.0,32.0,11.0
-56.0,34.0,7.0
-50.0,33.0,10.0
-57.0,33.0,8.0
-54.0,32.0,11.0
-54.0,31.0,10.0
-55.0,32.0,9.0
-52.0,31.0,10.0
-54.0,33.0,12.0
-54.0,34.0,11.0
-54.0,33.0,12.0
-57.0,31.0,7.0
-55.0,30.0,8.0
-58.0,34.0,7.0
-56.0,32.0,6.0
-55.0,29.0,8.0
-58.0,29.0,7.0
-55.0,33.0,9.0
-60.0,33.0,5.0
-56.0,30.0,7.0
-53.0,30.0,11.0
-57.0,30.0,8.0
-54.0,29.0,10.0
-58.0,33.0,7.0
-57.0,30.0,7.0
-59.0,32.0,9.0
-53.0,33.0,8.0
-58.0,32.0,6.0
-55.0,32.0,10.0
-56.0,32.0,8.0
-54.0,31.0,12.0
-55.0,31.0,11.0
-57.0,34.0,4.0
-54.0,31.0,9.0
-55.0,35.0,8.0
-57.0,34.0,6.0
-53.0,30.0,15.0
-57.0,32.0,11.0
-55.0,30.0,7.0
-55.0,28.0,9.0
-56.0,30.0,9.0
-56.0,30.0,9.0
-60.0,31.0,7.0
-57.0,31.0,5.0
-56.0,33.0,7.0
-56.0,32.0,7.0
-56.0,30.0,10.0
-52.0,31.0,12.0
-58.0,28.0,8.0
-59.0,30.0,9.0
-59.0,34.0,5.0
-49.0,32.0,13.0
-58.0,32.0,7.0
-54.0,32.0,10.0
-55.0,32.0,11.0
-55.0,30.0,9.0
-56.0,31.0,10.0
-57.0,32.0,9.0
-57.0,32.0,6.0
-56.0,30.0,12.0
-57.0,35.0,6.0
-53.0,34.0,12.0
-56.0,32.0,10.0
-56.0,30.0,8.0
-56.0,31.0,10.0
-58.0,31.0,8.0
-58.0,30.0,8.0
-55.0,30.0,11.0
-58.0,30.0,8.0
-54.0,30.0,12.0
-58.0,32.0,9.0
-55.0,30.0,9.0
-56.0,32.0,10.0
-56.0,27.0,10.0
-57.0,29.0,8.0
-58.0,32.0,10.0
-56.0,31.0,9.0
-55.0,33.0,10.0
-54.0,32.0,10.0
-54.0,32.0,9.0
-56.0,32.0,10.0
-55.0,30.0,11.0
-54.0,33.0,11.0
-55.0,32.0,9.0
-53.0,30.0,10.0
-53.0,32.0,12.0
-59.0,33.0,9.0
-52.0,30.0,14.0
-56.0,30.0,11.0
-59.0,31.0,7.0
-57.0,31.0,9.0
-55.0,29.0,11.0
-58.0,30.0,7.0
-56.0,29.0,9.0
-57.0,30.0,7.0
-57.0,31.0,7.0
-56.0,30.0,11.0
-57.0,32.0,8.0
-58.0,28.0,8.0
-55.0,28.0,10.0
-59.0,32.0,8.0
-59.0,30.0,7.0
-55.0,32.0,11.0
-54.0,34.0,9.0
-56.0,31.0,9.0
-59.0,32.0,8.0
-55.0,31.0,11.0
-56.0,29.0,11.0
-53.0,32.0,10.0
-53.0,31.0,11.0
-56.0,32.0,8.0
-55.0,33.0,11.0
-57.0,32.0,12.0
-56.0,31.0,10.0
-57.0,30.0,9.0
-56.0,29.0,10.0
-57.0,32.0,8.0
-54.0,27.0,11.0
-57.0,27.0,11.0
-58.0,30.0,5.0
-57.0,30.0,8.0
-59.0,31.0,8.0
-59.0,32.0,5.0
-53.0,27.0,11.0
-58.0,28.0,10.0
-57.0,29.0,9.0
-54.0,28.0,13.0
-56.0,30.0,7.0
-58.0,28.0,7.0
-53.0,32.0,12.0
-54.0,34.0,10.0
-56.0,34.0,7.0
-58.0,34.0,8.0
-56.0,29.0,10.0
-56.0,31.0,11.0
-58.0,28.0,12.0
-58.0,30.0,8.0
-55.0,30.0,11.0
-55.0,31.0,10.0
-55.0,31.0,11.0
-58.0,30.0,10.0
-57.0,31.0,8.0
-54.0,29.0,8.0
-57.0,29.0,8.0
-58.0,28.0,9.0
-61.0,30.0,7.0
-58.0,27.0,9.0
-61.0,28.0,8.0
-55.0,30.0,10.0
-58.0,31.0,8.0
-55.0,29.0,10.0
-55.0,29.0,9.0
-57.0,29.0,12.0
-57.0,31.0,10.0
-59.0,31.0,7.0
-55.0,33.0,9.0
-55.0,32.0,9.0
-54.0,30.0,8.0
-54.0,30.0,12.0
-57.0,30.0,11.0
-55.0,31.0,10.0
-54.0,30.0,12.0
-54.0,31.0,10.0
-55.0,31.0,10.0
-54.0,32.0,13.0
-55.0,32.0,12.0
-57.0,29.0,10.0
-55.0,32.0,10.0
-56.0,29.0,10.0
-59.0,29.0,8.0
-55.0,27.0,11.0
-56.0,29.0,10.0
-62.0,29.0,5.0
-55.0,30.0,10.0
-56.0,32.0,9.0
-56.0,29.0,10.0
-53.0,28.0,12.0
-59.0,30.0,7.0
-56.0,29.0,10.0
-58.0,32.0,6.0
-54.0,29.0,9.0
-54.0,34.0,9.0
-54.0,32.0,9.0
-55.0,29.0,10.0
-57.0,28.0,10.0
-58.0,31.0,9.0
-57.0,30.0,7.0
-55.0,29.0,10.0
-55.0,30.0,10.0
-56.0,31.0,10.0
-56.0,30.0,13.0
-59.0,32.0,6.0
-53.0,30.0,11.0
-58.0,33.0,7.0
-54.0,31.0,8.0
-58.0,27.0,10.0
-58.0,28.0,8.0
-57.0,28.0,9.0
-56.0,28.0,11.0
-53.0,28.0,12.0
-57.0,28.0,11.0
-54.0,30.0,10.0
-56.0,26.0,11.0
-61.0,31.0,10.0
-58.0,31.0,8.0
-52.0,30.0,12.0
-55.0,32.0,8.0
-53.0,29.0,9.0
-59.0,34.0,9.0
-55.0,30.0,9.0
-56.0,31.0,12.0
-56.0,32.0,9.0
-56.0,32.0,11.0
-55.0,33.0,12.0
-54.0,32.0,13.0
-53.0,31.0,14.0
-48.0,31.0,16.0
-55.0,32.0,11.0
-57.0,30.0,10.0
-56.0,32.0,11.0
-58.0,29.0,10.0
-60.0,28.0,8.0
-56.0,33.0,12.0
-54.0,29.0,13.0
-54.0,32.0,10.0
-52.0,27.0,15.0
-56.0,32.0,8.0
-56.0,30.0,10.0
-59.0,30.0,11.0
-56.0,31.0,9.0
-54.0,30.0,14.0
-57.0,32.0,8.0
-56.0,31.0,8.0
-55.0,33.0,12.0
-54.0,32.0,11.0
-56.0,32.0,8.0
-57.0,32.0,9.0
-53.0,29.0,12.0
-58.0,31.0,11.0
-54.0,31.0,10.0
-52.0,29.0,18.0
-58.0,31.0,9.0
-53.0,30.0,11.0
-58.0,30.0,10.0
-55.0,31.0,7.0
-58.0,26.0,10.0
-55.0,28.0,11.0
-58.0,32.0,5.0
-56.0,28.0,9.0
-52.0,31.0,11.0
-56.0,30.0,6.0
-56.0,29.0,13.0
-55.0,31.0,12.0
-58.0,28.0,8.0
-62.0,30.0,8.0
-55.0,34.0,8.0
-53.0,30.0,10.0
-56.0,31.0,10.0
-53.0,32.0,10.0
-55.0,31.0,10.0
-58.0,31.0,7.0
-53.0,29.0,13.0
-56.0,32.0,8.0
-53.0,31.0,12.0
-56.0,30.0,9.0
-61.0,30.0,9.0
-53.0,30.0,14.0
-54.0,31.0,10.0
-58.0,29.0,6.0
-56.0,27.0,9.0
-54.0,30.0,10.0
-62.0,29.0,7.0
-55.0,27.0,9.0
-58.0,28.0,10.0
-53.0,28.0,14.0
-54.0,29.0,12.0
-55.0,25.0,10.0
-61.0,27.0,10.0
-53.0,32.0,12.0
-57.0,31.0,11.0
-57.0,32.0,7.0
-52.0,32.0,12.0
-57.0,32.0,8.0
-56.0,31.0,7.0
-53.0,32.0,13.0
-55.0,32.0,10.0
-55.0,28.0,10.0
-59.0,32.0,9.0
-54.0,27.0,12.0
-59.0,27.0,10.0
-51.0,30.0,18.0
-58.0,28.0,10.0
-55.0,28.0,12.0
-56.0,32.0,9.0
-57.0,31.0,8.0
-58.0,29.0,7.0
-59.0,30.0,5.0
-54.0,30.0,13.0
-58.0,31.0,11.0
-59.0,31.0,6.0
-54.0,27.0,11.0
-58.0,29.0,8.0
-56.0,29.0,10.0
-55.0,30.0,12.0
-57.0,33.0,9.0
-54.0,30.0,11.0
-59.0,32.0,6.0
-53.0,29.0,14.0
-54.0,31.0,13.0
-55.0,32.0,9.0
-55.0,29.0,11.0
-57.0,32.0,8.0
-55.0,33.0,8.0
-57.0,28.0,15.0
-54.0,30.0,15.0
-55.0,31.0,9.0
-56.0,32.0,8.0
-55.0,32.0,10.0
-55.0,31.0,9.0
-60.0,30.0,6.0
-57.0,29.0,9.0
-55.0,26.0,12.0
-59.0,29.0,8.0
-55.0,33.0,9.0
-56.0,25.0,14.0
-57.0,32.0,12.0
-54.0,28.0,17.0
-58.0,30.0,10.0
-54.0,34.0,6.0
-49.0,29.0,15.0
-60.0,32.0,5.0
-54.0,30.0,11.0
-53.0,31.0,14.0
-59.0,30.0,8.0
-57.0,29.0,11.0
-55.0,30.0,9.0
-53.0,30.0,13.0
-55.0,30.0,15.0
-56.0,30.0,9.0
-53.0,29.0,12.0
-58.0,31.0,7.0
-56.0,27.0,8.0
-57.0,31.0,9.0
-59.0,32.0,6.0
-62.0,29.0,9.0
-53.0,31.0,8.0
-57.0,28.0,11.0
-60.0,29.0,9.0
-56.0,31.0,9.0
-51.0,27.0,14.0
-54.0,26.0,16.0
-55.0,27.0,16.0
-58.0,27.0,13.0
-59.0,32.0,11.0
-52.0,30.0,11.0
-51.0,32.0,13.0
-55.0,32.0,10.0
-51.0,30.0,13.0
-58.0,29.0,11.0
-56.0,30.0,15.0
-58.0,34.0,16.0
-60.0,31.0,8.0
-56.0,29.0,13.0
-52.0,31.0,11.0
-55.0,33.0,10.0
-56.0,29.0,10.0
-58.0,28.0,9.0
-59.0,27.0,7.0
-58.0,26.0,10.0
-60.0,25.0,8.0
-61.0,27.0,6.0
-56.0,26.0,15.0
-54.0,24.0,16.0
-50.0,29.0,13.0
-59.0,31.0,9.0
-61.0,30.0,6.0
-61.0,31.0,7.0
-58.0,28.0,8.0
-56.0,29.0,9.0
-57.0,27.0,9.0
-54.0,28.0,10.0
-55.0,28.0,13.0
-60.0,27.0,7.0
-56.0,26.0,11.0
-56.0,27.0,9.0
-54.0,32.0,11.0
-59.0,29.0,9.0
-58.0,31.0,8.0
-57.0,24.0,11.0
-58.0,28.0,10.0
-58.0,27.0,9.0
-58.0,23.0,10.0
-61.0,25.0,6.0
-58.0,27.0,9.0
-58.0,24.0,10.0
-62.0,26.0,7.0
-56.0,26.0,12.0
-55.0,24.0,13.0
-58.0,27.0,8.0
-57.0,24.0,10.0
-61.0,28.0,9.0
-59.0,28.0,8.0
-55.0,26.0,13.0
-55.0,28.0,12.0
-56.0,26.0,10.0
-57.0,26.0,11.0
-57.0,29.0,11.0
-57.0,24.0,14.0
-59.0,29.0,8.0
-58.0,27.0,10.0
-54.0,27.0,16.0
-58.0,30.0,10.0
-55.0,26.0,11.0
-56.0,26.0,14.0
-56.0,29.0,8.0
-59.0,29.0,10.0
-57.0,27.0,9.0
-58.0,28.0,11.0
-59.0,27.0,12.0
-61.0,26.0,8.0
-57.0,28.0,11.0
-60.0,27.0,9.0
-58.0,28.0,9.0
-54.0,26.0,13.0
-61.0,24.0,8.0
-61.0,26.0,10.0
-58.0,26.0,11.0
-60.0,27.0,10.0
-58.0,27.0,12.0
-54.0,31.0,11.0
-56.0,29.0,10.0
-54.0,29.0,14.0
-54.0,31.0,14.0
-59.0,27.0,11.0
-61.0,30.0,10.0
-59.0,27.0,8.0
-55.0,26.0,13.0
-57.0,29.0,14.0
-58.0,27.0,11.0
-50.0,27.0,20.0
-55.0,29.0,11.0
-56.0,28.0,13.0
-61.0,28.0,10.0
-57.0,29.0,10.0
-56.0,29.0,12.0
-55.0,29.0,14.0
-57.0,27.0,11.0
-57.0,30.0,12.0
-58.0,26.0,14.0
-58.0,27.0,10.0
-54.0,28.0,15.0
-59.0,28.0,12.0
-53.0,33.0,12.0
-56.0,31.0,10.0
-57.0,30.0,13.0
-58.0,30.0,10.0
-55.0,27.0,14.0
-54.0,29.0,14.0
-57.0,28.0,8.0
-59.0,28.0,11.0
-58.0,29.0,9.0
-56.0,28.0,13.0
-57.0,29.0,12.0
-56.0,27.0,12.0
-53.0,28.0,14.0
-56.0,30.0,8.0
-57.0,26.0,11.0
-59.0,27.0,9.0
-58.0,29.0,8.0
-55.0,26.0,12.0
-56.0,28.0,9.0
-57.0,29.0,9.0
-58.0,25.0,12.0
-56.0,25.0,11.0
-58.0,24.0,13.0
-56.0,27.0,10.0
-60.0,29.0,9.0
-59.0,30.0,7.0
-56.0,28.0,10.0
-56.0,30.0,10.0
-56.0,29.0,11.0
-57.0,26.0,13.0
-57.0,28.0,13.0
-62.0,27.0,6.0
-56.0,27.0,9.0
-54.0,32.0,11.0
-58.0,31.0,8.0
-55.0,26.0,12.0
-58.0,28.0,13.0
-56.0,25.0,11.0
-57.0,27.0,9.0
-57.0,27.0,10.0
-61.0,26.0,8.0
-57.0,27.0,10.0
-55.0,27.0,13.0
-62.0,29.0,5.0
-56.0,27.0,10.0
-56.0,32.0,11.0
-59.0,29.0,6.0
-55.0,23.0,13.0
-58.0,31.0,9.0
-58.0,28.0,7.0
-60.0,30.0,7.0
-57.0,30.0,9.0
-56.0,28.0,9.0
-58.0,30.0,10.0
-57.0,27.0,11.0
-54.0,29.0,11.0
-56.0,28.0,10.0
-59.0,29.0,9.0
-56.0,30.0,12.0
-54.0,28.0,11.0
-58.0,31.0,10.0
-55.0,28.0,12.0
-55.0,27.0,11.0
-58.0,27.0,9.0
-59.0,28.0,8.0
-58.0,26.0,10.0
-56.0,28.0,11.0
-57.0,32.0,7.0
-57.0,26.0,12.0
-58.0,27.0,8.0
-53.0,25.0,14.0
-58.0,28.0,16.0
-57.0,28.0,8.0
-57.0,32.0,8.0
-54.0,29.0,9.0
-53.0,31.0,12.0
-55.0,27.0,10.0
-61.0,27.0,8.0
-57.0,29.0,13.0
-58.0,29.0,7.0
-54.0,27.0,11.0
-59.0,32.0,7.0
-55.0,31.0,9.0
-52.0,27.0,14.0
-58.0,28.0,10.0
-60.0,30.0,7.0
-57.0,26.0,10.0
-57.0,25.0,11.0
-59.0,27.0,9.0
-57.0,24.0,12.0
-61.0,30.0,9.0
-57.0,25.0,11.0
-53.0,25.0,15.0
-58.0,28.0,10.0
-59.0,24.0,10.0
-58.0,28.0,11.0
-58.0,27.0,11.0
-58.0,25.0,10.0
-58.0,28.0,12.0
-57.0,30.0,11.0
-59.0,27.0,11.0
-55.0,32.0,12.0
-53.0,30.0,12.0
-62.0,27.0,7.0
-58.0,29.0,13.0
-63.0,28.0,9.0
-57.0,30.0,12.0
-48.0,29.0,16.0
-51.0,23.0,19.0
-56.0,31.0,12.0
-54.0,29.0,17.0
-55.0,29.0,12.0
-52.0,28.0,13.0
-53.0,29.0,15.0
-56.0,30.0,11.0
-53.0,29.0,14.0
-61.0,30.0,11.0
-56.0,26.0,11.0
-55.0,31.0,18.0
-59.0,28.0,10.0
-54.0,30.0,17.0
-55.0,33.0,16.0
-55.0,28.0,10.0
-54.0,32.0,15.0
-55.0,28.0,11.0
-55.0,29.0,15.0
-59.0,29.0,10.0
-55.0,32.0,10.0
-57.0,28.0,12.0
-58.0,27.0,9.0
-53.0,30.0,16.0
-56.0,30.0,14.0
-57.0,26.0,12.0
-54.0,26.0,16.0
-55.0,31.0,12.0
-58.0,28.0,11.0
-55.0,30.0,14.0
-53.0,31.0,12.0
-61.0,27.0,7.0
-62.0,31.0,14.0
-55.0,25.0,15.0
-60.0,33.0,8.0
-54.0,30.0,12.0
-55.0,29.0,14.0
-61.0,29.0,8.0
-62.0,30.0,9.0
-55.0,32.0,12.0
-56.0,28.0,11.0
-60.0,31.0,9.0
-54.0,31.0,13.0
-56.0,29.0,12.0
-58.0,32.0,12.0
-55.0,29.0,13.0
-55.0,28.0,13.0
-61.0,30.0,9.0
-53.0,32.0,15.0
-56.0,31.0,12.0
-56.0,28.0,13.0
-54.0,30.0,15.0
-59.0,26.0,12.0
-54.0,27.0,12.0
-55.0,30.0,14.0
-58.0,29.0,9.0
-55.0,30.0,11.0
-59.0,31.0,9.0
-54.0,31.0,12.0
-55.0,32.0,13.0
-59.0,28.0,8.0
-56.0,25.0,15.0
-60.0,26.0,12.0
-58.0,32.0,13.0
-57.0,33.0,12.0
-52.0,29.0,14.0
-55.0,31.0,13.0
-57.0,32.0,10.0
-53.0,30.0,14.0
-54.0,31.0,13.0
-58.0,31.0,11.0
-57.0,30.0,13.0
-57.0,30.0,11.0
-59.0,28.0,15.0
-52.0,27.0,19.0
-55.0,27.0,12.0
-55.0,28.0,13.0
-53.0,31.0,14.0
-54.0,29.0,12.0
-58.0,28.0,11.0
-57.0,31.0,12.0
-54.0,29.0,12.0
-59.0,27.0,8.0
-60.0,28.0,11.0
-61.0,29.0,12.0
-51.0,29.0,15.0
-55.0,27.0,15.0
-60.0,30.0,12.0
-54.0,34.0,14.0
-57.0,30.0,13.0
-57.0,27.0,17.0
-52.0,33.0,12.0
-52.0,28.0,17.0
-54.0,32.0,14.0
-60.0,32.0,8.0
-57.0,33.0,17.0
-56.0,30.0,16.0
-49.0,31.0,17.0
-54.0,29.0,19.0
-51.0,30.0,20.0
-55.0,31.0,18.0
-51.0,30.0,20.0
-56.0,29.0,14.0
-57.0,32.0,15.0
-55.0,32.0,16.0
-54.0,29.0,16.0
-53.0,32.0,13.0
-58.0,30.0,13.0
-50.0,29.0,18.0
-52.0,31.0,12.0
-59.0,24.0,13.0
-53.0,27.0,15.0
-60.0,32.0,12.0
-61.0,26.0,18.0
-57.0,33.0,11.0
-52.0,31.0,12.0
-55.0,26.0,13.0
-55.0,28.0,13.0
-57.0,25.0,14.0
-65.0,25.0,7.0
-58.0,28.0,14.0
-60.0,28.0,13.0
-54.0,32.0,12.0
-52.0,31.0,14.0
-54.0,28.0,18.0
-56.0,31.0,14.0
-49.0,29.0,19.0
-61.0,30.0,8.0
-56.0,29.0,13.0
-56.0,29.0,13.0
-62.0,27.0,9.0
-54.0,30.0,15.0
-59.0,28.0,14.0
-64.0,25.0,16.0
-54.0,27.0,18.0
-55.0,31.0,12.0
-51.0,29.0,19.0
-55.0,32.0,17.0
-61.0,30.0,11.0
-47.0,31.0,23.0
-57.0,31.0,15.0
-54.0,29.0,17.0
-51.0,33.0,18.0
-53.0,30.0,17.0
-53.0,28.0,15.0
-55.0,30.0,15.0
-56.0,32.0,14.0
-56.0,30.0,20.0
-54.0,31.0,18.0
-51.0,29.0,20.0
-48.0,29.0,23.0
-59.0,31.0,13.0
-52.0,29.0,17.0
-54.0,31.0,14.0
-59.0,26.0,16.0
-60.0,29.0,13.0
-54.0,28.0,16.0
-60.0,29.0,14.0
-55.0,26.0,18.0
-56.0,27.0,14.0
-56.0,28.0,15.0
-52.0,29.0,19.0
-57.0,33.0,11.0
-52.0,32.0,17.0
-57.0,28.0,14.0
-60.0,29.0,10.0
-51.0,30.0,18.0
-54.0,29.0,16.0
-52.0,29.0,18.0
-56.0,28.0,16.0
-54.0,32.0,16.0
-55.0,31.0,18.0
-58.0,31.0,11.0
-52.0,28.0,17.0
-56.0,30.0,14.0
-57.0,28.0,12.0
-55.0,29.0,16.0
-59.0,29.0,13.0
-61.0,27.0,11.0
-51.0,28.0,16.0
-60.0,29.0,10.0
-57.0,28.0,11.0
-54.0,29.0,16.0
-57.0,26.0,11.0
-55.0,25.0,13.0
-59.0,28.0,15.0
-58.0,30.0,12.0
-56.0,31.0,13.0
-53.0,31.0,15.0
-57.0,26.0,13.0
-57.0,28.0,11.0
-53.0,29.0,18.0
-58.0,28.0,13.0
-57.0,29.0,12.0
-53.0,28.0,14.0
-54.0,32.0,15.0
-57.0,29.0,14.0
-58.0,30.0,13.0
-52.0,28.0,17.0
-58.0,28.0,14.0
-54.0,28.0,15.0
-56.0,25.0,13.0
-54.0,25.0,13.0
-58.0,27.0,12.0
-61.0,26.0,12.0
-56.0,25.0,15.0
-63.0,29.0,6.0
-55.0,27.0,15.0
-53.0,29.0,16.0
-59.0,27.0,14.0
-57.0,27.0,15.0
-56.0,31.0,10.0
-58.0,31.0,11.0
-57.0,29.0,11.0
-57.0,29.0,15.0
-56.0,29.0,13.0
-58.0,29.0,11.0
-56.0,28.0,13.0
-58.0,28.0,12.0
-54.0,28.0,14.0
-57.0,29.0,14.0
-58.0,28.0,14.0
-55.0,28.0,15.0
-59.0,31.0,11.0
-56.0,28.0,13.0
-58.0,28.0,11.0
-57.0,27.0,10.0
-59.0,29.0,10.0
-60.0,29.0,12.0
-56.0,26.0,10.0
-56.0,27.0,15.0
-52.0,26.0,17.0
-54.0,25.0,11.0
-61.0,30.0,11.0
-58.0,28.0,12.0
-59.0,29.0,8.0
-55.0,28.0,15.0
-54.0,32.0,14.0
-56.0,25.0,11.0
-61.0,27.0,11.0
-56.0,29.0,14.0
-58.0,26.0,11.0
-55.0,29.0,13.0
-56.0,27.0,14.0
-55.0,30.0,12.0
-54.0,29.0,18.0
-56.0,30.0,14.0
-56.0,28.0,12.0
-56.0,28.0,16.0
-61.0,26.0,7.0
-60.0,29.0,9.0
-54.0,27.0,17.0
-63.0,26.0,8.0
-55.0,28.0,11.0
-57.0,26.0,13.0
-55.0,27.0,15.0
-54.0,29.0,15.0
-58.0,25.0,14.0
-60.0,28.0,11.0
-59.0,32.0,9.0
-58.0,26.0,10.0
-53.0,34.0,16.0
-54.0,31.0,12.0
-55.0,29.0,13.0
-55.0,28.0,16.0
-65.0,26.0,9.0
-59.0,28.0,13.0
-56.0,29.0,14.0
-54.0,29.0,13.0
-54.0,29.0,12.0
-53.0,30.0,16.0
-62.0,26.0,10.0
-56.0,28.0,14.0
-56.0,27.0,15.0
-57.0,25.0,12.0
-61.0,29.0,8.0
-63.0,27.0,9.0
-57.0,26.0,10.0
-54.0,27.0,15.0
-57.0,25.0,14.0
-56.0,27.0,11.0
-60.0,27.0,11.0
-56.0,29.0,13.0
-59.0,30.0,8.0
-59.0,31.0,11.0
-53.0,29.0,12.0
-58.0,29.0,11.0
-54.0,28.0,15.0
-53.0,27.0,14.0
-60.0,26.0,11.0
-59.0,30.0,12.0
-55.0,27.0,14.0
-56.0,28.0,14.0
-56.0,29.0,14.0
-55.0,29.0,14.0
-54.0,27.0,14.0
-56.0,29.0,11.0
-59.0,27.0,12.0
-59.0,28.0,10.0
-53.0,25.0,14.0
-52.0,28.0,13.0
-63.0,30.0,6.0
-56.0,26.0,15.0
-53.0,30.0,12.0
-54.0,25.0,11.0
-59.0,30.0,13.0
-54.0,29.0,14.0
-56.0,31.0,11.0
-57.0,32.0,12.0
-53.0,27.0,14.0
-55.0,30.0,13.0
-55.0,27.0,16.0
-54.0,28.0,17.0
-60.0,30.0,9.0
-56.0,28.0,13.0
-55.0,30.0,14.0
-55.0,28.0,11.0
-53.0,28.0,19.0
-58.0,29.0,15.0
-57.0,28.0,13.0
-53.0,28.0,16.0
-58.0,28.0,12.0
-56.0,27.0,10.0
-54.0,28.0,11.0
-59.0,29.0,13.0
-53.0,27.0,13.0
-61.0,28.0,11.0
-64.0,26.0,8.0
-53.0,29.0,13.0
-53.0,27.0,15.0
-58.0,28.0,11.0
-57.0,28.0,13.0
-58.0,31.0,13.0
-56.0,31.0,12.0
-56.0,27.0,14.0
-56.0,30.0,12.0
-57.0,26.0,16.0
-57.0,28.0,14.0
-56.0,30.0,10.0
-54.0,25.0,16.0
-57.0,30.0,12.0
-60.0,30.0,8.0
-60.0,28.0,14.0
-50.0,28.0,13.0
-52.0,28.0,14.0
-55.0,28.0,10.0
-60.0,29.0,8.0
-59.0,28.0,7.0
-58.0,28.0,14.0
-57.0,27.0,12.0
-55.0,26.0,12.0
-56.0,27.0,14.0
-57.0,26.0,10.0
-56.0,28.0,12.0
-55.0,29.0,14.0
-61.0,30.0,8.0
-61.0,27.0,10.0
-58.0,33.0,10.0
-55.0,29.0,14.0
-55.0,28.0,10.0
-57.0,29.0,11.0
-56.0,29.0,11.0
-58.0,30.0,10.0
-55.0,28.0,13.0
-57.0,29.0,10.0
-55.0,27.0,15.0
-54.0,27.0,13.0
-55.0,25.0,13.0
-57.0,27.0,12.0
-55.0,26.0,14.0
-62.0,27.0,9.0
-59.0,30.0,10.0
-54.0,31.0,11.0
-62.0,30.0,5.0
-54.0,27.0,11.0
-57.0,25.0,12.0
-58.0,26.0,14.0
-54.0,26.0,15.0
-56.0,25.0,14.0
-60.0,32.0,8.0
-55.0,31.0,14.0
-55.0,28.0,12.0
-59.0,30.0,9.0
-55.0,30.0,14.0
-57.0,30.0,11.0
-54.0,30.0,14.0
-58.0,31.0,12.0
-58.0,28.0,10.0
-61.0,26.0,14.0
-53.0,28.0,18.0
-54.0,28.0,14.0
-52.0,28.0,17.0
-51.0,31.0,15.0
-60.0,27.0,12.0
-58.0,28.0,13.0
-55.0,30.0,13.0
-59.0,29.0,10.0
-59.0,31.0,11.0
-55.0,28.0,14.0
-57.0,25.0,13.0
-62.0,24.0,9.0
-55.0,26.0,17.0
-57.0,29.0,15.0
-57.0,32.0,12.0
-54.0,30.0,15.0
-56.0,30.0,13.0
-52.0,31.0,13.0
-57.0,31.0,12.0
-58.0,27.0,14.0
-54.0,28.0,14.0
-56.0,27.0,11.0
-56.0,28.0,16.0
-59.0,29.0,13.0
-54.0,29.0,13.0
-55.0,29.0,16.0
-55.0,29.0,17.0
-58.0,28.0,11.0
-56.0,28.0,11.0
-62.0,27.0,10.0
-58.0,25.0,10.0
-54.0,30.0,15.0
-56.0,26.0,14.0
-55.0,26.0,12.0
-54.0,28.0,12.0
-60.0,26.0,11.0
-58.0,28.0,13.0
-59.0,28.0,12.0
-53.0,29.0,13.0
-50.0,30.0,17.0
-57.0,29.0,8.0
-57.0,29.0,11.0
-57.0,32.0,12.0
-54.0,29.0,12.0
-55.0,29.0,13.0
-56.0,27.0,13.0
-50.0,31.0,18.0
-57.0,29.0,13.0
-57.0,28.0,10.0
-55.0,29.0,15.0
-58.0,27.0,11.0
-56.0,29.0,12.0
-56.0,27.0,11.0
-59.0,28.0,9.0
-58.0,31.0,12.0
-57.0,30.0,11.0
-59.0,28.0,9.0
-55.0,26.0,15.0
-59.0,27.0,10.0
-59.0,28.0,6.0
-57.0,29.0,17.0
-57.0,29.0,12.0
-53.0,29.0,13.0
-54.0,30.0,15.0
-59.0,30.0,7.0
-55.0,30.0,15.0
-59.0,29.0,10.0
-56.0,29.0,13.0
-53.0,29.0,14.0
-57.0,28.0,11.0
-57.0,30.0,11.0
-61.0,24.0,18.0
-55.0,26.0,15.0
-52.0,29.0,15.0
-55.0,26.0,16.0
-62.0,29.0,5.0
-55.0,30.0,9.0
-59.0,30.0,10.0
-57.0,29.0,9.0
-59.0,27.0,12.0
-55.0,26.0,18.0
-63.0,28.0,4.0
-56.0,29.0,11.0
-58.0,31.0,12.0
-59.0,29.0,6.0
-52.0,29.0,15.0
-59.0,29.0,12.0
-57.0,29.0,9.0
-53.0,29.0,16.0
-56.0,32.0,10.0
-58.0,30.0,6.0
-53.0,31.0,16.0
-58.0,30.0,11.0
-53.0,27.0,18.0
-57.0,30.0,11.0
-57.0,27.0,11.0
-57.0,27.0,14.0
-58.0,27.0,12.0
-57.0,28.0,10.0
-57.0,29.0,13.0
-60.0,29.0,9.0
-59.0,26.0,11.0
-54.0,31.0,12.0
-57.0,29.0,8.0
-60.0,28.0,12.0
-58.0,30.0,10.0
-60.0,29.0,11.0
-56.0,29.0,13.0
-54.0,28.0,13.0
-55.0,24.0,16.0
-52.0,31.0,12.0
-56.0,30.0,11.0
-57.0,28.0,9.0
-60.0,29.0,9.0
-55.0,29.0,17.0
-56.0,31.0,11.0
-57.0,25.0,15.0
-58.0,27.0,14.0
-52.0,29.0,14.0
-55.0,28.0,15.0
-55.0,27.0,8.0
-62.0,30.0,9.0
-58.0,29.0,11.0
-61.0,29.0,10.0
-59.0,25.0,13.0
-61.0,22.0,11.0
-51.0,29.0,15.0
-56.0,29.0,13.0
-59.0,31.0,11.0
-58.0,29.0,14.0
-56.0,27.0,13.0
-53.0,33.0,13.0
-52.0,30.0,14.0
-59.0,29.0,7.0
-59.0,26.0,12.0
-56.0,30.0,14.0
-57.0,28.0,14.0
-56.0,27.0,12.0
-57.0,26.0,14.0
-54.0,29.0,13.0
-54.0,30.0,14.0
-57.0,27.0,9.0
-61.0,29.0,8.0
-57.0,32.0,12.0
-64.0,29.0,5.0
-58.0,28.0,11.0
-52.0,25.0,11.0
-57.0,28.0,11.0
-52.0,28.0,16.0
-61.0,27.0,10.0
-61.0,30.0,8.0
-55.0,31.0,10.0
-58.0,29.0,10.0
-52.0,29.0,15.0
-58.0,30.0,12.0
-61.0,29.0,9.0
-55.0,27.0,12.0
-54.0,25.0,14.0
-54.0,27.0,15.0
-56.0,27.0,14.0
-56.0,28.0,14.0
-55.0,27.0,12.0
-57.0,28.0,12.0
-60.0,29.0,8.0
-55.0,30.0,11.0
-60.0,28.0,9.0
-59.0,30.0,12.0
-56.0,28.0,12.0
-57.0,26.0,14.0
-55.0,25.0,16.0
-54.0,25.0,14.0
-57.0,30.0,17.0
-60.0,32.0,6.0
-57.0,29.0,12.0
-54.0,29.0,12.0
-58.0,29.0,12.0
-58.0,30.0,12.0
-57.0,29.0,11.0
-52.0,27.0,18.0
-59.0,27.0,13.0
-57.0,29.0,12.0
-49.0,24.0,20.0
-59.0,28.0,11.0
-54.0,27.0,12.0
-53.0,27.0,19.0
-59.0,30.0,13.0
-51.0,29.0,17.0
-59.0,29.0,9.0
-56.0,28.0,12.0
-50.0,29.0,14.0
-61.0,27.0,9.0
-55.0,26.0,14.0
-53.0,28.0,14.0
-54.0,25.0,17.0
-55.0,29.0,16.0
-55.0,26.0,11.0
-57.0,27.0,13.0
-59.0,32.0,11.0
-60.0,30.0,7.0
-54.0,24.0,15.0
-57.0,27.0,17.0
-57.0,31.0,9.0
-57.0,29.0,11.0
-56.0,25.0,14.0
-57.0,25.0,13.0
-56.0,31.0,14.0
-57.0,30.0,10.0
-60.0,21.0,15.0
-61.0,25.0,14.0
-58.0,25.0,14.0
-54.0,29.0,19.0
-55.0,31.0,12.0
-55.0,31.0,9.0
-56.0,28.0,14.0
-49.0,26.0,20.0
-58.0,25.0,11.0
-60.0,25.0,17.0
-55.0,26.0,12.0
-50.0,27.0,18.0
-58.0,27.0,14.0
-54.0,29.0,12.0
-55.0,30.0,15.0
-56.0,25.0,13.0
-60.0,27.0,12.0
-59.0,28.0,11.0
-59.0,25.0,12.0
-55.0,30.0,13.0
-56.0,29.0,11.0
-56.0,29.0,16.0
-54.0,31.0,14.0
-55.0,26.0,16.0
-59.0,28.0,16.0
-55.0,28.0,13.0
-56.0,27.0,15.0
-58.0,29.0,11.0
-51.0,31.0,15.0
-57.0,27.0,12.0
-57.0,26.0,13.0
-54.0,28.0,14.0
-60.0,26.0,13.0
-59.0,29.0,10.0
-56.0,29.0,12.0
-58.0,27.0,12.0
-54.0,29.0,13.0
-64.0,25.0,9.0
-56.0,28.0,19.0
-53.0,26.0,19.0
-61.0,26.0,9.0
-58.0,29.0,14.0
-51.0,30.0,14.0
-49.0,32.0,16.0
-61.0,25.0,11.0
-62.0,30.0,5.0
-55.0,30.0,14.0
-59.0,29.0,12.0
-50.0,32.0,14.0
-53.0,30.0,18.0
-60.0,32.0,7.0
-47.0,34.0,21.0
-62.0,26.0,6.0
-56.0,28.0,10.0
-51.0,32.0,22.0
-67.0,18.0,-4.0
-50.0,36.0,22.0
-54.0,34.0,13.0
-53.0,33.0,14.0
-53.0,30.0,15.0
-59.0,27.0,11.0
-56.0,27.0,13.0
-60.0,26.0,13.0
-57.0,26.0,12.0
-56.0,29.0,12.0
-57.0,27.0,13.0
-55.0,30.0,9.0
-57.0,27.0,13.0
-58.0,28.0,10.0
-51.0,27.0,16.0
-55.0,29.0,18.0
-58.0,30.0,9.0
-56.0,29.0,12.0
-55.0,32.0,13.0
-59.0,31.0,7.0
-54.0,31.0,15.0
-53.0,30.0,17.0
-55.0,27.0,15.0
-55.0,29.0,17.0
-58.0,29.0,10.0
-57.0,28.0,14.0
-56.0,32.0,12.0
-57.0,28.0,11.0
-51.0,34.0,19.0
-54.0,31.0,14.0
-58.0,24.0,15.0
-54.0,27.0,18.0
-58.0,27.0,11.0
-55.0,26.0,12.0
-57.0,32.0,13.0
-53.0,29.0,12.0
-61.0,28.0,10.0
-57.0,29.0,11.0
-54.0,29.0,14.0
-54.0,28.0,15.0
-56.0,31.0,11.0
-55.0,29.0,14.0
-56.0,27.0,12.0
-58.0,29.0,12.0
-54.0,30.0,15.0
-56.0,29.0,12.0
-54.0,30.0,15.0
-57.0,31.0,12.0
-55.0,29.0,13.0
-56.0,30.0,15.0
-56.0,30.0,12.0
-56.0,30.0,13.0
-57.0,31.0,14.0
-56.0,31.0,14.0
-52.0,32.0,17.0
-55.0,29.0,14.0
-59.0,28.0,11.0
-57.0,26.0,16.0
-56.0,28.0,17.0
-63.0,27.0,10.0
-61.0,29.0,10.0
-55.0,30.0,14.0
-59.0,29.0,8.0
-59.0,30.0,12.0
-55.0,29.0,14.0
-56.0,27.0,14.0
-56.0,28.0,17.0
-60.0,29.0,9.0
-57.0,27.0,11.0
-58.0,30.0,13.0
-56.0,28.0,12.0
-55.0,30.0,15.0
-54.0,29.0,13.0
-57.0,30.0,13.0
-58.0,28.0,15.0
-56.0,29.0,14.0
-54.0,27.0,14.0
-58.0,29.0,11.0
-55.0,29.0,16.0
-54.0,31.0,16.0
-56.0,27.0,13.0
-53.0,27.0,18.0
-56.0,32.0,13.0
-62.0,28.0,8.0
-56.0,26.0,16.0
-56.0,30.0,14.0
-58.0,25.0,12.0
-57.0,25.0,17.0
-59.0,31.0,9.0
-58.0,28.0,10.0
-56.0,28.0,15.0
-56.0,30.0,11.0
-58.0,28.0,13.0
-55.0,29.0,13.0
-57.0,25.0,12.0
-57.0,29.0,13.0
-58.0,31.0,11.0
-56.0,28.0,12.0
-56.0,33.0,12.0
-54.0,31.0,12.0
-55.0,28.0,15.0
-56.0,28.0,15.0
-55.0,28.0,15.0
-56.0,29.0,13.0
-55.0,31.0,14.0
-53.0,31.0,16.0
-52.0,31.0,17.0
-57.0,29.0,14.0
-59.0,29.0,13.0
-53.0,26.0,16.0
-57.0,27.0,16.0
-57.0,28.0,13.0
-62.0,28.0,12.0
-61.0,31.0,11.0
-53.0,30.0,11.0
-59.0,30.0,12.0
-54.0,30.0,12.0
-53.0,28.0,16.0
-55.0,28.0,16.0
-58.0,29.0,12.0
-60.0,27.0,12.0
-55.0,32.0,14.0
-56.0,29.0,14.0
-59.0,29.0,12.0
-55.0,29.0,15.0
-56.0,28.0,15.0
-56.0,31.0,13.0
-53.0,28.0,15.0
-54.0,29.0,16.0
-57.0,29.0,12.0
-56.0,30.0,14.0
-57.0,31.0,14.0
-59.0,28.0,11.0
-54.0,29.0,17.0
-59.0,28.0,11.0
-57.0,28.0,14.0
-54.0,29.0,14.0
-55.0,24.0,12.0
-56.0,30.0,14.0
-57.0,30.0,12.0
-54.0,27.0,15.0
-55.0,31.0,14.0
-55.0,27.0,13.0
-55.0,29.0,17.0
-58.0,30.0,10.0
-60.0,28.0,11.0
-54.0,32.0,14.0
-57.0,31.0,11.0
-52.0,28.0,18.0
-58.0,30.0,14.0
-57.0,30.0,15.0
-53.0,32.0,16.0
-55.0,29.0,12.0
-54.0,30.0,15.0
-56.0,28.0,17.0
-59.0,29.0,14.0
-55.0,30.0,15.0
-58.0,29.0,14.0
-55.0,29.0,14.0
-58.0,32.0,13.0
-52.0,28.0,17.0
-56.0,27.0,16.0
-59.0,26.0,12.0
-53.0,30.0,17.0
-55.0,28.0,14.0
-57.0,26.0,10.0
-54.0,29.0,17.0
-54.0,29.0,14.0
-58.0,29.0,10.0
-58.0,31.0,12.0
-56.0,31.0,12.0
-58.0,30.0,12.0
-56.0,31.0,13.0
-56.0,28.0,14.0
-55.0,28.0,14.0
-54.0,28.0,16.0
-56.0,28.0,13.0
-54.0,30.0,16.0
-54.0,29.0,18.0
-55.0,31.0,12.0
-56.0,32.0,14.0
-53.0,28.0,18.0
-61.0,29.0,11.0
-54.0,30.0,15.0
-55.0,26.0,16.0
-56.0,29.0,12.0
-55.0,27.0,14.0
-58.0,27.0,14.0
-56.0,30.0,15.0
-61.0,29.0,8.0
-58.0,29.0,9.0
-54.0,29.0,13.0
-55.0,28.0,12.0
-55.0,30.0,14.0
-55.0,30.0,13.0
-58.0,27.0,11.0
-55.0,32.0,12.0
-57.0,30.0,11.0
-59.0,31.0,13.0
-56.0,31.0,12.0
-58.0,30.0,14.0
-57.0,31.0,12.0
-52.0,28.0,17.0
-53.0,29.0,18.0
-57.0,30.0,12.0
-54.0,28.0,16.0
-52.0,31.0,17.0
-58.0,28.0,14.0
-55.0,32.0,14.0
-55.0,31.0,15.0
-55.0,27.0,12.0
-56.0,29.0,15.0
-57.0,30.0,12.0
-55.0,27.0,13.0
-54.0,27.0,15.0
-56.0,28.0,12.0
-57.0,27.0,14.0
-61.0,28.0,11.0
-56.0,28.0,12.0
-56.0,27.0,15.0
-54.0,27.0,14.0
-54.0,28.0,14.0
-58.0,28.0,12.0
-59.0,27.0,10.0
-57.0,30.0,14.0
-57.0,28.0,10.0
-57.0,29.0,13.0
-55.0,29.0,13.0
-60.0,28.0,10.0
-54.0,28.0,16.0
-55.0,26.0,16.0
-57.0,31.0,12.0
-55.0,32.0,14.0
-54.0,29.0,14.0
-56.0,31.0,12.0
-54.0,29.0,15.0
-59.0,28.0,11.0
-55.0,29.0,15.0
-53.0,29.0,17.0
-59.0,30.0,10.0
-53.0,27.0,17.0
-55.0,25.0,16.0
-57.0,28.0,12.0
-58.0,28.0,12.0
-57.0,27.0,12.0
-62.0,29.0,10.0
-59.0,26.0,11.0
-56.0,27.0,16.0
-57.0,30.0,12.0
-55.0,27.0,13.0
-57.0,27.0,15.0
-54.0,29.0,11.0
-55.0,28.0,12.0
-59.0,30.0,11.0
-54.0,32.0,13.0
-53.0,28.0,25.0
-55.0,30.0,14.0
-55.0,31.0,11.0
-56.0,28.0,13.0
-55.0,31.0,12.0
-52.0,28.0,18.0
-56.0,27.0,17.0
-60.0,31.0,13.0
-56.0,29.0,13.0
-55.0,28.0,16.0
-55.0,26.0,15.0
-56.0,30.0,18.0
-52.0,22.0,28.0
-60.0,21.0,23.0
-61.0,22.0,20.0
-53.0,29.0,21.0
-55.0,30.0,17.0
-56.0,26.0,16.0
-56.0,25.0,14.0
-58.0,26.0,18.0
-62.0,29.0,11.0
-55.0,29.0,15.0
-58.0,30.0,12.0
-60.0,32.0,8.0
-56.0,32.0,14.0
-52.0,28.0,17.0
-57.0,28.0,17.0
-54.0,29.0,16.0
-55.0,25.0,19.0
-57.0,29.0,13.0
-57.0,30.0,12.0
-56.0,31.0,11.0
-52.0,31.0,17.0
-60.0,28.0,12.0
-51.0,23.0,19.0
-56.0,24.0,19.0
-60.0,26.0,6.0
-60.0,23.0,7.0
-58.0,24.0,12.0
-54.0,27.0,14.0
-60.0,31.0,12.0
-59.0,31.0,8.0
-52.0,32.0,13.0
-56.0,32.0,13.0
-54.0,24.0,15.0
-56.0,27.0,16.0
-54.0,27.0,18.0
-55.0,24.0,17.0
-53.0,30.0,14.0
-57.0,32.0,10.0
-58.0,27.0,12.0
-53.0,28.0,11.0
-57.0,25.0,14.0
-60.0,23.0,14.0
-58.0,28.0,11.0
-55.0,26.0,16.0
-62.0,21.0,9.0
-59.0,19.0,7.0
-63.0,28.0,9.0
-55.0,31.0,14.0
-54.0,27.0,12.0
-59.0,31.0,12.0
-56.0,29.0,13.0
-58.0,25.0,14.0
-55.0,30.0,16.0
-55.0,26.0,14.0
-55.0,26.0,14.0
-55.0,30.0,14.0
-58.0,30.0,12.0
-55.0,26.0,15.0
-57.0,26.0,13.0
-57.0,25.0,14.0
-56.0,24.0,17.0
-58.0,26.0,14.0
-58.0,25.0,9.0
-66.0,21.0,6.0
-60.0,23.0,10.0
-54.0,30.0,16.0
-57.0,30.0,10.0
-56.0,30.0,12.0
-61.0,30.0,12.0
-56.0,27.0,13.0
-54.0,26.0,16.0
-54.0,26.0,22.0
-52.0,25.0,22.0
-58.0,28.0,8.0
-54.0,27.0,15.0
-60.0,29.0,11.0
-57.0,29.0,12.0
-57.0,24.0,14.0
-61.0,24.0,12.0
-56.0,28.0,17.0
-62.0,22.0,9.0
-63.0,19.0,5.0
-55.0,28.0,13.0
-51.0,30.0,18.0
-62.0,30.0,6.0
-56.0,30.0,10.0
-56.0,31.0,14.0
-56.0,29.0,13.0
-58.0,28.0,14.0
-56.0,29.0,15.0
-56.0,24.0,16.0
-55.0,28.0,15.0
-59.0,28.0,13.0
-56.0,29.0,13.0
-54.0,23.0,14.0
-58.0,22.0,16.0
-57.0,30.0,11.0
-61.0,26.0,9.0
-65.0,21.0,8.0
-60.0,18.0,10.0
-52.0,27.0,17.0
-55.0,27.0,17.0
-59.0,33.0,5.0
-56.0,30.0,15.0
-58.0,28.0,13.0
-59.0,25.0,13.0
-58.0,28.0,15.0
-60.0,24.0,14.0
-53.0,29.0,15.0
-59.0,30.0,11.0
-58.0,27.0,12.0
-55.0,24.0,13.0
-63.0,22.0,16.0
-52.0,28.0,15.0
-57.0,30.0,11.0
-62.0,20.0,8.0
-62.0,20.0,5.0
-53.0,20.0,20.0
-62.0,27.0,15.0
-54.0,35.0,6.0
-56.0,30.0,12.0
-55.0,28.0,14.0
-52.0,29.0,15.0
-55.0,27.0,15.0
-61.0,22.0,15.0
-54.0,28.0,13.0
-56.0,30.0,14.0
-58.0,26.0,11.0
-56.0,26.0,12.0
-56.0,23.0,17.0
-56.0,27.0,15.0
-56.0,24.0,11.0
-62.0,18.0,9.0
-60.0,23.0,9.0
-60.0,28.0,11.0
-59.0,29.0,10.0
-60.0,30.0,6.0
-53.0,31.0,12.0
-57.0,28.0,14.0
-60.0,24.0,10.0
-55.0,24.0,20.0
-58.0,25.0,16.0
-55.0,30.0,13.0
-58.0,29.0,12.0
-55.0,26.0,13.0
-53.0,25.0,16.0
-60.0,24.0,13.0
-61.0,27.0,11.0
-58.0,23.0,13.0
-60.0,20.0,10.0
-61.0,21.0,8.0
-55.0,27.0,17.0
-61.0,27.0,9.0
-57.0,32.0,8.0
-57.0,29.0,13.0
-59.0,27.0,13.0
-55.0,26.0,16.0
-59.0,28.0,13.0
-51.0,24.0,19.0
-56.0,28.0,15.0
-60.0,27.0,8.0
-58.0,26.0,14.0
-59.0,29.0,11.0
-62.0,24.0,11.0
-53.0,28.0,20.0
-50.0,27.0,18.0
-67.0,21.0,8.0
-57.0,19.0,11.0
-58.0,21.0,16.0
-55.0,32.0,12.0
-52.0,33.0,13.0
-61.0,28.0,14.0
-59.0,27.0,11.0
-52.0,27.0,19.0
-56.0,33.0,16.0
-56.0,25.0,12.0
-51.0,24.0,18.0
-62.0,29.0,9.0
-60.0,26.0,12.0
-54.0,26.0,16.0
-58.0,26.0,9.0
-55.0,25.0,16.0
-55.0,28.0,16.0
-60.0,25.0,9.0
-58.0,20.0,9.0
-61.0,22.0,13.0
-56.0,26.0,16.0
-62.0,28.0,7.0
-61.0,25.0,8.0
-56.0,31.0,15.0
-58.0,29.0,11.0
-58.0,29.0,14.0
-56.0,32.0,15.0
-56.0,25.0,14.0
-54.0,29.0,18.0
-64.0,28.0,10.0
-56.0,23.0,13.0
-57.0,21.0,16.0
-59.0,22.0,14.0
-57.0,30.0,13.0
-59.0,24.0,12.0
-59.0,21.0,10.0
-58.0,25.0,11.0
-53.0,24.0,19.0
-60.0,29.0,10.0
-58.0,32.0,6.0
-60.0,29.0,15.0
-55.0,27.0,14.0
-52.0,26.0,16.0
-57.0,27.0,17.0
-52.0,26.0,15.0
-55.0,28.0,13.0
-61.0,26.0,15.0
-56.0,26.0,14.0
-55.0,23.0,13.0
-61.0,23.0,13.0
-57.0,30.0,12.0
-54.0,23.0,14.0
-56.0,20.0,12.0
-61.0,22.0,5.0
-60.0,28.0,14.0
-55.0,28.0,10.0
-56.0,30.0,14.0
-58.0,30.0,13.0
-59.0,26.0,12.0
-55.0,31.0,16.0
-62.0,24.0,11.0
-58.0,23.0,13.0
-57.0,30.0,13.0
-55.0,23.0,17.0
-56.0,23.0,13.0
-57.0,26.0,13.0
-54.0,28.0,17.0
-59.0,23.0,13.0
-60.0,19.0,14.0
-58.0,22.0,6.0
-58.0,22.0,17.0
-59.0,29.0,12.0
-59.0,35.0,5.0
-51.0,25.0,20.0
-58.0,27.0,15.0
-59.0,31.0,8.0
-52.0,28.0,15.0
-60.0,22.0,13.0
-60.0,28.0,17.0
-57.0,27.0,12.0
-65.0,26.0,4.0
-56.0,24.0,24.0
-45.0,25.0,21.0
-60.0,30.0,7.0
-62.0,28.0,11.0
-59.0,19.0,8.0
-60.0,18.0,14.0
-56.0,27.0,16.0
-52.0,29.0,15.0
-59.0,28.0,9.0
-57.0,32.0,10.0
-57.0,27.0,15.0
-58.0,25.0,15.0
-53.0,25.0,19.0
-60.0,26.0,10.0
-56.0,26.0,16.0
-56.0,29.0,15.0
-60.0,29.0,7.0
-63.0,24.0,13.0
-55.0,28.0,17.0
-49.0,27.0,16.0
-59.0,24.0,13.0
-62.0,19.0,8.0
-63.0,20.0,6.0
-60.0,26.0,20.0
-55.0,30.0,12.0
-59.0,30.0,9.0
-58.0,33.0,11.0
-54.0,28.0,12.0
-55.0,26.0,16.0
-57.0,28.0,13.0
-63.0,25.0,10.0
-54.0,30.0,16.0
-52.0,30.0,17.0
-56.0,23.0,12.0
-58.0,24.0,10.0
-60.0,29.0,12.0
-55.0,30.0,12.0
-60.0,23.0,12.0
-61.0,18.0,9.0
-55.0,24.0,18.0
-61.0,33.0,13.0
-61.0,32.0,5.0
-58.0,29.0,8.0
-57.0,29.0,13.0
-57.0,28.0,11.0
-54.0,26.0,14.0
-59.0,24.0,12.0
-57.0,26.0,14.0
-60.0,23.0,16.0
-57.0,23.0,15.0
-61.0,28.0,6.0
-61.0,23.0,9.0
-60.0,27.0,10.0
-54.0,28.0,13.0
-57.0,20.0,12.0
-67.0,19.0,6.0
-47.0,17.0,23.0
-57.0,30.0,16.0
-63.0,30.0,3.0
-61.0,26.0,9.0
-55.0,29.0,14.0
-55.0,26.0,12.0
-56.0,26.0,17.0
-53.0,28.0,16.0
-62.0,28.0,10.0
-56.0,29.0,13.0
-60.0,26.0,10.0
-58.0,25.0,11.0
-59.0,21.0,17.0
-57.0,24.0,15.0
-56.0,25.0,11.0
-58.0,21.0,13.0
-62.0,22.0,7.0
-56.0,25.0,18.0
-60.0,34.0,13.0
-57.0,25.0,9.0
-54.0,26.0,16.0
-61.0,30.0,9.0
-55.0,24.0,10.0
-53.0,28.0,17.0
-59.0,28.0,11.0
-51.0,23.0,19.0
-60.0,29.0,14.0
-60.0,25.0,10.0
-55.0,24.0,14.0
-53.0,22.0,19.0
-65.0,24.0,10.0
-55.0,24.0,15.0
-54.0,21.0,18.0
-66.0,24.0,3.0
-60.0,22.0,9.0
-57.0,32.0,12.0
-58.0,27.0,8.0
-56.0,27.0,15.0
-59.0,32.0,11.0
-55.0,25.0,15.0
-60.0,29.0,13.0
-58.0,23.0,14.0
-54.0,24.0,18.0
-60.0,27.0,13.0
-59.0,25.0,12.0
-57.0,25.0,15.0
-61.0,27.0,9.0
-57.0,25.0,16.0
-59.0,24.0,11.0
-59.0,21.0,9.0
-59.0,25.0,9.0
-56.0,28.0,16.0
-58.0,25.0,13.0
-63.0,28.0,6.0
-59.0,31.0,11.0
-55.0,29.0,12.0
-56.0,28.0,16.0
-56.0,28.0,15.0
-57.0,22.0,15.0
-54.0,25.0,17.0
-59.0,26.0,11.0
-58.0,24.0,11.0
-52.0,24.0,16.0
-64.0,25.0,10.0
-57.0,25.0,13.0
-56.0,21.0,20.0
-63.0,20.0,8.0
-56.0,17.0,12.0
-59.0,31.0,14.0
-55.0,35.0,10.0
-54.0,24.0,13.0
-61.0,30.0,13.0
-61.0,25.0,10.0
-59.0,26.0,12.0
-56.0,26.0,16.0
-50.0,26.0,18.0
-61.0,26.0,12.0
-57.0,28.0,15.0
-56.0,27.0,15.0
-57.0,23.0,15.0
-56.0,24.0,16.0
-53.0,23.0,16.0
-64.0,26.0,12.0
-57.0,27.0,11.0
-56.0,23.0,10.0
-59.0,20.0,13.0
-59.0,23.0,13.0
-54.0,25.0,15.0
-61.0,27.0,11.0
-60.0,25.0,11.0
-58.0,28.0,12.0
-53.0,29.0,14.0
-58.0,24.0,14.0
-58.0,26.0,14.0
-58.0,25.0,13.0
-58.0,24.0,14.0
-59.0,26.0,14.0
-56.0,27.0,13.0
-56.0,25.0,17.0
-64.0,24.0,9.0
-62.0,29.0,7.0
-55.0,23.0,12.0
-63.0,19.0,8.0
-52.0,22.0,14.0
-55.0,23.0,22.0
-65.0,29.0,2.0
-56.0,25.0,14.0
-57.0,28.0,12.0
-59.0,30.0,9.0
-52.0,25.0,17.0
-60.0,23.0,13.0
-63.0,23.0,7.0
-57.0,28.0,17.0
-59.0,25.0,10.0
-54.0,23.0,17.0
-54.0,26.0,20.0
-59.0,28.0,5.0
-59.0,24.0,10.0
-66.0,15.0,7.0
-64.0,15.0,8.0
-54.0,29.0,17.0
-47.0,27.0,20.0
-62.0,29.0,4.0
-56.0,30.0,10.0
-57.0,29.0,12.0
-62.0,28.0,9.0
-57.0,20.0,19.0
-62.0,26.0,10.0
-57.0,24.0,13.0
-56.0,23.0,21.0
-60.0,22.0,11.0
-58.0,23.0,12.0
-51.0,26.0,16.0
-59.0,29.0,11.0
-60.0,24.0,4.0
-68.0,16.0,8.0
-56.0,22.0,11.0
-57.0,27.0,15.0
-64.0,32.0,3.0
-54.0,24.0,10.0
-57.0,25.0,17.0
-57.0,26.0,14.0
-59.0,23.0,13.0
-60.0,21.0,12.0
-61.0,25.0,10.0
-54.0,22.0,17.0
-60.0,26.0,18.0
-61.0,23.0,8.0
-61.0,24.0,11.0
-54.0,28.0,14.0
-50.0,26.0,15.0
-66.0,15.0,9.0
-62.0,17.0,9.0
-50.0,28.0,17.0
-62.0,24.0,13.0
-60.0,27.0,6.0
-59.0,26.0,14.0
-56.0,24.0,17.0
-53.0,22.0,17.0
-57.0,25.0,15.0
-61.0,25.0,10.0
-55.0,22.0,15.0
-59.0,25.0,15.0
-60.0,25.0,10.0
-58.0,20.0,15.0
-60.0,26.0,9.0
-56.0,21.0,11.0
-57.0,14.0,15.0
-58.0,32.0,5.0
-60.0,26.0,7.0
-54.0,29.0,17.0
-61.0,30.0,8.0
-60.0,27.0,11.0
-57.0,30.0,14.0
-57.0,25.0,13.0
-55.0,22.0,15.0
-55.0,25.0,17.0
-58.0,26.0,11.0
-59.0,28.0,15.0
-60.0,23.0,14.0
-60.0,26.0,13.0
-57.0,27.0,13.0
-59.0,23.0,12.0
-63.0,26.0,7.0
-58.0,22.0,14.0
-57.0,23.0,20.0
-56.0,30.0,11.0
-61.0,26.0,13.0
-58.0,28.0,12.0
-56.0,27.0,11.0
-59.0,25.0,12.0
-59.0,25.0,14.0
-54.0,26.0,21.0
-58.0,26.0,12.0
-60.0,25.0,12.0
-59.0,28.0,13.0
-57.0,24.0,13.0
-55.0,25.0,14.0
-60.0,27.0,10.0
-61.0,24.0,12.0
-58.0,23.0,13.0
-62.0,20.0,10.0
-55.0,19.0,21.0
-59.0,25.0,9.0
-54.0,23.0,11.0
-56.0,31.0,15.0
-58.0,32.0,12.0
-60.0,24.0,7.0
-57.0,24.0,16.0
-55.0,28.0,16.0
-58.0,26.0,11.0
-55.0,23.0,16.0
-58.0,25.0,17.0
-60.0,25.0,11.0
-58.0,27.0,12.0
-49.0,25.0,20.0
-59.0,22.0,14.0
-65.0,17.0,5.0
-54.0,21.0,13.0
-55.0,27.0,21.0
-64.0,31.0,6.0
-60.0,26.0,11.0
-56.0,28.0,14.0
-56.0,27.0,13.0
-56.0,28.0,14.0
-58.0,24.0,15.0
-58.0,23.0,13.0
-64.0,25.0,12.0
-55.0,25.0,16.0
-58.0,26.0,12.0
-56.0,22.0,16.0
-60.0,23.0,18.0
-55.0,25.0,14.0
-60.0,21.0,7.0
-63.0,16.0,10.0
-52.0,23.0,20.0
-67.0,30.0,8.0
-61.0,35.0,5.0
-57.0,20.0,15.0
-61.0,27.0,14.0
-58.0,26.0,10.0
-63.0,21.0,13.0
-59.0,24.0,19.0
-54.0,27.0,13.0
-56.0,19.0,17.0
-61.0,22.0,14.0
-61.0,23.0,13.0
-59.0,29.0,12.0
-50.0,23.0,17.0
-69.0,21.0,6.0
-57.0,13.0,13.0
-52.0,23.0,19.0
-61.0,31.0,16.0
-60.0,35.0,9.0
-59.0,21.0,11.0
-54.0,26.0,19.0
-60.0,27.0,12.0
-60.0,24.0,17.0
-47.0,22.0,24.0
-60.0,30.0,10.0
-56.0,21.0,13.0
-56.0,26.0,19.0
-57.0,22.0,16.0
-57.0,29.0,12.0
-55.0,27.0,14.0
-61.0,19.0,10.0
-67.0,23.0,6.0
-60.0,24.0,14.0
-57.0,25.0,24.0
-57.0,23.0,10.0
-62.0,23.0,10.0
-59.0,31.0,16.0
-57.0,26.0,12.0
-62.0,25.0,17.0
-54.0,27.0,19.0
-56.0,23.0,14.0
-51.0,25.0,16.0
-64.0,25.0,10.0
-56.0,28.0,13.0
-48.0,23.0,19.0
-65.0,26.0,9.0
-65.0,27.0,6.0
-63.0,24.0,7.0
-58.0,16.0,15.0
-65.0,19.0,11.0
-50.0,18.0,22.0
-59.0,30.0,8.0
-62.0,30.0,4.0
-60.0,23.0,14.0
-57.0,29.0,18.0
-63.0,26.0,8.0
-59.0,21.0,11.0
-55.0,24.0,15.0
-60.0,27.0,11.0
-57.0,26.0,18.0
-56.0,29.0,15.0
-61.0,20.0,7.0
-60.0,25.0,12.0
-47.0,28.0,19.0
-56.0,20.0,17.0
-63.0,17.0,5.0
-58.0,16.0,13.0
-56.0,30.0,15.0
-55.0,32.0,12.0
-66.0,25.0,7.0
-64.0,28.0,5.0
-50.0,28.0,18.0
-58.0,24.0,16.0
-51.0,24.0,17.0
-57.0,28.0,15.0
-65.0,23.0,10.0
-60.0,21.0,13.0
-55.0,29.0,13.0
-61.0,23.0,10.0
-61.0,23.0,14.0
-52.0,28.0,19.0
-69.0,17.0,8.0
-57.0,20.0,10.0
-54.0,28.0,18.0
-56.0,32.0,10.0
-56.0,23.0,8.0
-62.0,28.0,9.0
-61.0,30.0,12.0
-62.0,27.0,16.0
-55.0,27.0,16.0
-52.0,23.0,20.0
-52.0,23.0,16.0
-62.0,24.0,14.0
-61.0,24.0,15.0
-56.0,23.0,13.0
-61.0,22.0,16.0
-50.0,23.0,17.0
-61.0,22.0,14.0
-68.0,16.0,4.0
-57.0,12.0,13.0
-51.0,37.0,15.0
-57.0,35.0,10.0
-57.0,27.0,15.0
-59.0,33.0,10.0
-56.0,21.0,11.0
-61.0,28.0,12.0
-59.0,26.0,11.0
-56.0,21.0,14.0
-65.0,26.0,9.0
-50.0,26.0,17.0
-59.0,25.0,15.0
-49.0,19.0,20.0
-46.0,23.0,21.0
-66.0,33.0,1.0
-53.0,25.0,10.0
-68.0,24.0,-2.0
-58.0,18.0,7.0
-54.0,33.0,19.0
-56.0,34.0,10.0
-68.0,26.0,4.0
-63.0,39.0,2.0
-58.0,27.0,13.0
-58.0,24.0,12.0
-57.0,26.0,10.0
-62.0,24.0,9.0
-52.0,24.0,15.0
-60.0,28.0,10.0
-60.0,26.0,10.0
-56.0,29.0,15.0
-60.0,29.0,14.0
-60.0,32.0,11.0
-52.0,23.0,4.0
-62.0,17.0,0.0
-58.0,19.0,8.0
-47.0,22.0,18.0
-61.0,34.0,5.0
-59.0,33.0,2.0
-60.0,33.0,11.0
-64.0,22.0,6.0
-51.0,28.0,16.0
-56.0,21.0,14.0
-61.0,20.0,5.0
-51.0,26.0,15.0
-56.0,28.0,15.0
-62.0,24.0,10.0
-59.0,27.0,11.0
-54.0,26.0,11.0
-58.0,24.0,15.0
-67.0,24.0,-1.0
-62.0,17.0,4.0
-55.0,29.0,10.0
-47.0,29.0,18.0
-61.0,28.0,6.0
-58.0,24.0,8.0
-59.0,27.0,11.0
-63.0,28.0,7.0
-54.0,27.0,14.0
-54.0,25.0,17.0
-54.0,26.0,19.0
-59.0,28.0,9.0
-60.0,25.0,8.0
-58.0,25.0,12.0
-62.0,24.0,7.0
-55.0,23.0,13.0
-60.0,29.0,14.0
-62.0,28.0,5.0
-57.0,17.0,9.0
-60.0,22.0,10.0
-53.0,27.0,17.0
-45.0,28.0,18.0
-68.0,28.0,0.0
-63.0,31.0,4.0
-59.0,30.0,4.0
-56.0,25.0,15.0
-55.0,23.0,16.0
-59.0,19.0,8.0
-56.0,21.0,13.0
-68.0,24.0,2.0
-64.0,24.0,-2.0
-57.0,24.0,14.0
-56.0,26.0,9.0
-60.0,24.0,7.0
-58.0,23.0,11.0
-61.0,16.0,2.0
-61.0,18.0,7.0
-50.0,27.0,17.0
-66.0,33.0,-4.0
-56.0,23.0,10.0
-57.0,24.0,16.0
-57.0,25.0,11.0
-59.0,23.0,11.0
-58.0,19.0,18.0
-57.0,23.0,13.0
-60.0,24.0,3.0
-62.0,24.0,6.0
-59.0,24.0,11.0
-59.0,23.0,11.0
-52.0,23.0,16.0
-58.0,26.0,12.0
-57.0,24.0,8.0
-63.0,23.0,4.0
-60.0,21.0,5.0
-52.0,24.0,20.0
-63.0,29.0,11.0
-59.0,30.0,8.0
-56.0,27.0,16.0
-58.0,24.0,13.0
-63.0,26.0,5.0
-53.0,22.0,19.0
-56.0,26.0,17.0
-60.0,25.0,9.0
-59.0,23.0,13.0
-56.0,27.0,15.0
-56.0,27.0,10.0
-52.0,23.0,16.0
-53.0,25.0,16.0
-65.0,27.0,7.0
-62.0,22.0,7.0
-59.0,22.0,10.0
-57.0,26.0,10.0
-59.0,26.0,13.0
-62.0,29.0,8.0
-52.0,30.0,15.0
-59.0,27.0,12.0
-58.0,28.0,13.0
-50.0,27.0,17.0
-61.0,19.0,13.0
-64.0,22.0,7.0
-55.0,30.0,12.0
-58.0,26.0,13.0
-62.0,19.0,15.0
-57.0,23.0,16.0
-57.0,31.0,10.0
-52.0,19.0,17.0
-72.0,14.0,3.0
-40.0,21.0,23.0
-43.0,32.0,18.0
-67.0,32.0,6.0
-58.0,30.0,10.0
-56.0,25.0,15.0
-55.0,26.0,12.0
-57.0,23.0,16.0
-54.0,24.0,18.0
-56.0,24.0,12.0
-63.0,23.0,9.0
-56.0,27.0,17.0
-53.0,27.0,18.0
-58.0,20.0,15.0
-62.0,29.0,8.0
-59.0,25.0,8.0
-63.0,21.0,10.0
-50.0,21.0,18.0
-59.0,25.0,12.0
-63.0,28.0,10.0
-60.0,29.0,7.0
-51.0,23.0,20.0
-61.0,28.0,14.0
-59.0,28.0,9.0
-54.0,29.0,13.0
-60.0,24.0,11.0
-58.0,28.0,14.0
-56.0,26.0,16.0
-60.0,21.0,15.0
-56.0,22.0,17.0
-57.0,30.0,11.0
-57.0,29.0,9.0
-58.0,22.0,12.0
-61.0,19.0,13.0
-60.0,23.0,10.0
-56.0,25.0,15.0
-63.0,28.0,11.0
-61.0,31.0,5.0
-59.0,26.0,17.0
-56.0,29.0,15.0
-52.0,20.0,16.0
-60.0,30.0,14.0
-61.0,25.0,14.0
-55.0,25.0,17.0
-58.0,25.0,14.0
-61.0,26.0,11.0
-54.0,22.0,18.0
-54.0,26.0,17.0
-61.0,28.0,10.0
-61.0,25.0,8.0
-59.0,21.0,10.0
-60.0,22.0,10.0
-52.0,24.0,17.0
-56.0,25.0,16.0
-67.0,24.0,5.0
-60.0,25.0,11.0
-57.0,26.0,16.0
-55.0,27.0,14.0
-53.0,22.0,18.0
-64.0,29.0,7.0
-54.0,30.0,12.0
-59.0,22.0,17.0
-57.0,25.0,14.0
-57.0,22.0,12.0
-68.0,24.0,5.0
-51.0,29.0,15.0
-53.0,24.0,17.0
-58.0,19.0,13.0
-61.0,22.0,10.0
-64.0,23.0,11.0
-59.0,26.0,12.0
-55.0,27.0,13.0
-62.0,26.0,10.0
-52.0,27.0,19.0
-57.0,30.0,14.0
-54.0,24.0,15.0
-55.0,22.0,19.0
-57.0,27.0,12.0
-59.0,23.0,13.0
-56.0,24.0,18.0
-57.0,23.0,15.0
-57.0,26.0,13.0
-54.0,28.0,15.0
-57.0,23.0,11.0
-63.0,19.0,9.0
-63.0,19.0,8.0
-62.0,29.0,9.0
-60.0,29.0,14.0
-63.0,28.0,7.0
-52.0,22.0,17.0
-56.0,30.0,16.0
-58.0,31.0,9.0
-51.0,22.0,25.0
-55.0,31.0,17.0
-54.0,22.0,15.0
-61.0,24.0,18.0
-62.0,24.0,10.0
-60.0,22.0,10.0
-57.0,30.0,15.0
-59.0,32.0,11.0
-61.0,20.0,11.0
-63.0,15.0,10.0
-51.0,25.0,19.0
-48.0,32.0,20.0
-55.0,28.0,12.0
-65.0,29.0,12.0
-59.0,24.0,15.0
-55.0,29.0,15.0
-55.0,30.0,14.0
-53.0,28.0,15.0
-56.0,26.0,16.0
-55.0,26.0,17.0
-59.0,23.0,16.0
-58.0,23.0,17.0
-51.0,27.0,21.0
-60.0,31.0,10.0
-62.0,27.0,9.0
-62.0,27.0,9.0
-58.0,15.0,14.0
-58.0,26.0,18.0
-50.0,29.0,15.0
-50.0,29.0,17.0
-60.0,29.0,16.0
-64.0,28.0,9.0
-60.0,29.0,9.0
-54.0,25.0,22.0
-53.0,26.0,16.0
-57.0,28.0,13.0
-57.0,27.0,15.0
-58.0,25.0,17.0
-55.0,21.0,19.0
-58.0,30.0,11.0
-57.0,31.0,12.0
-58.0,23.0,13.0
-62.0,20.0,9.0
-56.0,18.0,13.0
-52.0,20.0,21.0
-55.0,37.0,12.0
-58.0,29.0,12.0
-57.0,29.0,11.0
-52.0,29.0,15.0
-59.0,25.0,13.0
-55.0,25.0,14.0
-50.0,26.0,16.0
-60.0,27.0,8.0
-59.0,24.0,17.0
-53.0,24.0,13.0
-62.0,23.0,10.0
-48.0,27.0,21.0
-57.0,29.0,17.0
-67.0,17.0,3.0
-61.0,19.0,11.0
-60.0,29.0,14.0
-59.0,30.0,11.0
-58.0,29.0,12.0
-58.0,26.0,14.0
-54.0,27.0,14.0
-58.0,30.0,12.0
-59.0,22.0,16.0
-56.0,23.0,17.0
-59.0,29.0,11.0
-59.0,23.0,12.0
-54.0,25.0,20.0
-52.0,26.0,21.0
-59.0,27.0,9.0
-60.0,28.0,8.0
-66.0,25.0,10.0
-65.0,16.0,5.0
-54.0,15.0,16.0
-53.0,24.0,20.0
-66.0,30.0,8.0
-66.0,28.0,5.0
-55.0,27.0,16.0
-53.0,24.0,15.0
-59.0,28.0,10.0
-48.0,23.0,22.0
-60.0,20.0,12.0
-59.0,24.0,16.0
-59.0,24.0,16.0
-64.0,19.0,12.0
-57.0,20.0,17.0
-48.0,29.0,19.0
-59.0,27.0,14.0
-70.0,13.0,8.0
-56.0,9.0,17.0
-50.0,33.0,15.0
-52.0,29.0,15.0
-58.0,31.0,8.0
-60.0,29.0,11.0
-59.0,27.0,16.0
-56.0,29.0,15.0
-57.0,23.0,14.0
-55.0,23.0,20.0
-52.0,27.0,16.0
-62.0,28.0,9.0
-54.0,23.0,20.0
-51.0,20.0,24.0
-47.0,24.0,25.0
-55.0,32.0,12.0
-61.0,24.0,5.0
-56.0,22.0,13.0
-64.0,18.0,9.0
-61.0,25.0,11.0
-54.0,31.0,21.0
-60.0,31.0,13.0
-60.0,27.0,7.0
-53.0,24.0,20.0
-61.0,26.0,11.0
-56.0,25.0,16.0
-54.0,28.0,20.0
-61.0,26.0,9.0
-59.0,25.0,14.0
-55.0,21.0,16.0
-57.0,21.0,21.0
-58.0,27.0,13.0
-58.0,28.0,7.0
-63.0,19.0,13.0
-64.0,17.0,8.0
-55.0,23.0,15.0
-40.0,23.0,29.0
-68.0,30.0,2.0
-69.0,29.0,-2.0
-41.0,31.0,24.0
-46.0,27.0,27.0
-68.0,25.0,0.0
-60.0,22.0,10.0
-57.0,26.0,19.0
-53.0,26.0,11.0
-58.0,26.0,14.0
-57.0,22.0,20.0
-51.0,27.0,15.0
-58.0,32.0,5.0
-61.0,20.0,12.0
-61.0,21.0,13.0
-55.0,22.0,8.0
-66.0,28.0,11.0
-67.0,26.0,8.0
-64.0,29.0,5.0
-52.0,27.0,14.0
-58.0,27.0,9.0
-64.0,25.0,3.0
-53.0,24.0,19.0
-52.0,26.0,19.0
-62.0,25.0,10.0
-56.0,23.0,16.0
-60.0,23.0,11.0
-60.0,22.0,9.0
-57.0,27.0,16.0
-56.0,30.0,15.0
-58.0,22.0,7.0
-65.0,20.0,6.0
-52.0,25.0,12.0
-55.0,26.0,15.0
-59.0,29.0,9.0
-57.0,25.0,9.0
-56.0,28.0,15.0
-55.0,26.0,15.0
-61.0,26.0,9.0
-55.0,25.0,17.0
-58.0,25.0,13.0
-61.0,28.0,8.0
-54.0,22.0,20.0
-57.0,24.0,16.0
-59.0,23.0,15.0
-56.0,27.0,17.0
-53.0,26.0,17.0
-62.0,22.0,9.0
-56.0,24.0,9.0
-54.0,24.0,21.0
-61.0,25.0,19.0
-63.0,25.0,6.0
-60.0,27.0,10.0
-61.0,28.0,10.0
-61.0,29.0,8.0
-54.0,24.0,18.0
-53.0,25.0,17.0
-63.0,24.0,12.0
-57.0,25.0,16.0
-56.0,24.0,16.0
-57.0,19.0,16.0
-57.0,27.0,13.0
-57.0,31.0,14.0
-58.0,26.0,11.0
-67.0,19.0,4.0
-51.0,27.0,16.0
-47.0,23.0,24.0
-61.0,29.0,9.0
-60.0,25.0,10.0
-60.0,27.0,16.0
-56.0,28.0,13.0
-54.0,29.0,11.0
-53.0,29.0,15.0
-55.0,32.0,15.0
-57.0,26.0,15.0
-59.0,19.0,24.0
-62.0,28.0,19.0
-56.0,22.0,14.0
-44.0,14.0,6.0
-54.0,24.0,18.0
-59.0,28.0,13.0
-54.0,24.0,16.0
-61.0,27.0,9.0
-59.0,21.0,8.0
-58.0,21.0,18.0
-56.0,28.0,14.0
-61.0,24.0,14.0
-58.0,26.0,14.0
-56.0,28.0,13.0
-55.0,27.0,15.0
-56.0,27.0,17.0
-56.0,24.0,14.0
-56.0,28.0,14.0
-54.0,27.0,17.0
-60.0,24.0,14.0
-56.0,27.0,15.0
-52.0,25.0,18.0
-60.0,27.0,11.0
-52.0,28.0,17.0
-56.0,25.0,17.0
-62.0,26.0,10.0
-56.0,27.0,15.0
-59.0,27.0,10.0
-60.0,24.0,7.0
-57.0,25.0,16.0
-55.0,26.0,17.0
-55.0,25.0,17.0
-59.0,28.0,11.0
-58.0,30.0,11.0
-54.0,28.0,15.0
-56.0,28.0,13.0
-59.0,28.0,10.0
-53.0,29.0,17.0
-53.0,27.0,15.0
-60.0,24.0,11.0
-57.0,27.0,18.0
-56.0,29.0,18.0
-55.0,28.0,15.0
-54.0,28.0,14.0
-56.0,29.0,13.0
-57.0,26.0,13.0
-55.0,26.0,17.0
-60.0,28.0,15.0
-57.0,26.0,11.0
-57.0,26.0,12.0
-59.0,26.0,13.0
-55.0,24.0,16.0
-55.0,27.0,16.0
-59.0,27.0,13.0
-56.0,31.0,12.0
-53.0,28.0,15.0
-57.0,29.0,11.0
-56.0,30.0,14.0
-62.0,30.0,10.0
-57.0,29.0,11.0
-54.0,27.0,14.0
-60.0,26.0,12.0
-59.0,25.0,13.0
-58.0,25.0,14.0
-57.0,24.0,16.0
-56.0,27.0,14.0
-58.0,27.0,15.0
-60.0,28.0,11.0
-59.0,27.0,11.0
-54.0,27.0,17.0
-60.0,27.0,13.0
-59.0,23.0,13.0
-54.0,25.0,18.0
-59.0,26.0,12.0
-57.0,28.0,11.0
-58.0,25.0,17.0
-60.0,29.0,13.0
-58.0,28.0,13.0
-55.0,30.0,15.0
-57.0,26.0,13.0
-55.0,27.0,15.0
-61.0,28.0,13.0
-54.0,24.0,19.0
-56.0,29.0,14.0
-59.0,25.0,13.0
-56.0,31.0,17.0
-53.0,30.0,17.0
-57.0,28.0,17.0
-54.0,30.0,18.0
-55.0,26.0,15.0
-58.0,26.0,14.0
-56.0,26.0,15.0
-57.0,26.0,13.0
-54.0,27.0,15.0
-60.0,25.0,11.0
-54.0,27.0,15.0
-56.0,27.0,17.0
-56.0,25.0,15.0
-55.0,26.0,16.0
-61.0,31.0,11.0
-58.0,26.0,13.0
-55.0,29.0,13.0
-54.0,30.0,18.0
-54.0,32.0,16.0
-58.0,28.0,12.0
-59.0,27.0,12.0
-55.0,29.0,15.0
-57.0,29.0,13.0
-54.0,28.0,16.0
-55.0,28.0,16.0
-58.0,29.0,14.0
-56.0,27.0,15.0
-58.0,29.0,13.0
-56.0,27.0,12.0
-57.0,28.0,16.0
-57.0,29.0,15.0
-62.0,25.0,10.0
-56.0,26.0,15.0
-57.0,26.0,14.0
-57.0,23.0,16.0
-58.0,27.0,13.0
-59.0,25.0,10.0
-56.0,33.0,15.0
-55.0,30.0,10.0
-56.0,25.0,15.0
-55.0,30.0,16.0
-54.0,28.0,14.0
-55.0,28.0,17.0
-56.0,28.0,15.0
-58.0,27.0,14.0
-55.0,29.0,17.0
-56.0,29.0,15.0
-55.0,27.0,14.0
-49.0,26.0,20.0
-54.0,26.0,17.0
-60.0,28.0,10.0
-59.0,25.0,14.0
-59.0,28.0,11.0
-56.0,23.0,16.0
-60.0,28.0,12.0
-58.0,26.0,9.0
-53.0,23.0,19.0
-57.0,29.0,11.0
-60.0,23.0,12.0
-56.0,28.0,17.0
-59.0,29.0,10.0
-60.0,26.0,11.0
-57.0,32.0,13.0
-54.0,28.0,15.0
-54.0,27.0,16.0
-57.0,29.0,13.0
-56.0,28.0,14.0
-58.0,27.0,16.0
-56.0,27.0,16.0
-54.0,28.0,18.0
-58.0,30.0,15.0
-55.0,24.0,15.0
-56.0,27.0,13.0
-59.0,27.0,11.0
-55.0,26.0,11.0
-59.0,25.0,16.0
-65.0,26.0,11.0
-53.0,24.0,17.0
-58.0,22.0,20.0
-59.0,28.0,9.0
-58.0,28.0,10.0
-59.0,31.0,14.0
-58.0,34.0,7.0
-52.0,29.0,18.0
-59.0,28.0,13.0
-56.0,26.0,19.0
-52.0,32.0,19.0
-59.0,26.0,8.0
-61.0,26.0,11.0
-55.0,28.0,16.0
-58.0,26.0,15.0
-58.0,29.0,14.0
-57.0,27.0,12.0
-55.0,26.0,15.0
-56.0,26.0,14.0
-57.0,26.0,13.0
-57.0,27.0,15.0
-58.0,26.0,13.0
-57.0,26.0,14.0
-55.0,24.0,17.0
-59.0,27.0,12.0
-57.0,29.0,13.0
-58.0,27.0,16.0
-56.0,30.0,14.0
-55.0,26.0,14.0
-58.0,27.0,15.0
-54.0,29.0,15.0
-57.0,27.0,14.0
-52.0,28.0,18.0
-56.0,27.0,13.0
-55.0,27.0,15.0
-60.0,29.0,16.0
-56.0,26.0,16.0
-53.0,28.0,17.0
-56.0,27.0,14.0
-61.0,25.0,10.0
-57.0,27.0,18.0
-54.0,27.0,17.0
-57.0,25.0,14.0
-58.0,28.0,14.0
-53.0,24.0,15.0
-59.0,27.0,13.0
-56.0,27.0,15.0
-59.0,26.0,14.0
-57.0,29.0,13.0
-56.0,31.0,13.0
-56.0,30.0,13.0
-55.0,32.0,13.0
-61.0,28.0,12.0
-53.0,29.0,17.0
-54.0,26.0,19.0
-57.0,26.0,14.0
-55.0,27.0,17.0
-57.0,28.0,15.0
-59.0,27.0,12.0
-52.0,28.0,19.0
-59.0,29.0,13.0
-57.0,25.0,15.0
-55.0,26.0,18.0
-57.0,26.0,13.0
-59.0,24.0,14.0
-55.0,27.0,15.0
-58.0,26.0,13.0
-58.0,27.0,15.0
-56.0,28.0,15.0
-55.0,26.0,14.0
-56.0,24.0,19.0
-60.0,31.0,11.0
-59.0,29.0,9.0
-58.0,29.0,16.0
-53.0,30.0,16.0
-56.0,28.0,17.0
-53.0,31.0,17.0
-55.0,26.0,13.0
-60.0,28.0,12.0
-54.0,27.0,17.0
-57.0,28.0,16.0
-56.0,26.0,14.0
-56.0,27.0,16.0
-57.0,26.0,15.0
-59.0,26.0,12.0
-56.0,26.0,14.0
-57.0,27.0,14.0
-62.0,24.0,11.0
-55.0,25.0,15.0
-59.0,26.0,16.0
-58.0,23.0,15.0
-55.0,23.0,16.0
-58.0,27.0,15.0
-57.0,27.0,13.0
-59.0,29.0,10.0
-56.0,27.0,13.0
-58.0,29.0,15.0
-55.0,27.0,15.0
-52.0,27.0,18.0
-59.0,28.0,11.0
-57.0,25.0,15.0
-54.0,27.0,21.0
-59.0,25.0,14.0
-57.0,25.0,15.0
-56.0,25.0,15.0
-58.0,25.0,16.0
-58.0,26.0,14.0
-57.0,29.0,13.0
-69.0,25.0,11.0
-49.0,23.0,16.0
-54.0,28.0,12.0
-59.0,25.0,14.0
-51.0,29.0,20.0
-60.0,20.0,13.0
-61.0,25.0,12.0
-60.0,29.0,13.0
-60.0,24.0,12.0
-60.0,29.0,10.0
-53.0,31.0,18.0
-59.0,24.0,15.0
-57.0,26.0,12.0
-49.0,26.0,22.0
-57.0,28.0,16.0
-60.0,25.0,12.0
-55.0,26.0,15.0
-58.0,27.0,15.0
-57.0,25.0,18.0
-55.0,24.0,17.0
-54.0,27.0,18.0
-58.0,25.0,14.0
-54.0,28.0,15.0
-57.0,26.0,15.0
-68.0,22.0,10.0
-58.0,33.0,15.0
-58.0,28.0,13.0
-60.0,27.0,12.0
-50.0,25.0,23.0
-58.0,23.0,16.0
-64.0,25.0,12.0
-59.0,27.0,16.0
-58.0,29.0,13.0
-60.0,27.0,12.0
-55.0,28.0,17.0
-55.0,27.0,15.0
-57.0,28.0,14.0
-52.0,24.0,21.0
-55.0,27.0,14.0
-63.0,26.0,11.0
-57.0,29.0,16.0
-58.0,25.0,14.0
-57.0,28.0,16.0
-52.0,28.0,18.0
-59.0,25.0,12.0
-53.0,28.0,17.0
-60.0,25.0,13.0
-61.0,28.0,11.0
-55.0,28.0,16.0
-60.0,24.0,13.0
-54.0,27.0,15.0
-56.0,27.0,16.0
-61.0,24.0,13.0
-56.0,26.0,16.0
-55.0,25.0,18.0
-58.0,25.0,16.0
-56.0,30.0,14.0
-60.0,30.0,13.0
-54.0,28.0,17.0
-57.0,29.0,16.0
-52.0,30.0,18.0
-56.0,31.0,16.0
-58.0,25.0,16.0
-54.0,27.0,18.0
-57.0,28.0,15.0
-59.0,26.0,14.0
-59.0,29.0,13.0
-57.0,30.0,11.0
-56.0,29.0,15.0
-58.0,28.0,11.0
-56.0,30.0,12.0
-57.0,24.0,15.0
-61.0,25.0,12.0
-57.0,25.0,12.0
-66.0,27.0,7.0
-58.0,27.0,14.0
-56.0,29.0,13.0
-54.0,30.0,13.0
-54.0,29.0,15.0
-55.0,25.0,15.0
-60.0,27.0,9.0
-56.0,25.0,18.0
-63.0,25.0,13.0
-60.0,27.0,12.0
-56.0,29.0,14.0
-54.0,32.0,11.0
-51.0,32.0,14.0
-53.0,31.0,14.0
-55.0,28.0,13.0
-57.0,28.0,14.0
-57.0,30.0,14.0
-58.0,25.0,13.0
-56.0,27.0,15.0
-57.0,31.0,14.0
-56.0,29.0,15.0
-53.0,27.0,17.0
-58.0,30.0,11.0
-55.0,29.0,14.0
-60.0,26.0,12.0
-60.0,30.0,10.0
-59.0,24.0,16.0
-58.0,26.0,13.0
-56.0,25.0,13.0
-59.0,26.0,13.0
-55.0,26.0,16.0
-51.0,24.0,19.0
-57.0,27.0,11.0
-63.0,25.0,7.0
-60.0,31.0,13.0
-62.0,30.0,6.0
-51.0,27.0,18.0
-53.0,31.0,16.0
-56.0,30.0,11.0
-59.0,32.0,11.0
-59.0,26.0,12.0
-58.0,25.0,14.0
-56.0,24.0,14.0
-62.0,24.0,10.0
-60.0,24.0,16.0
-56.0,28.0,17.0
-55.0,28.0,17.0
-52.0,30.0,15.0
-52.0,26.0,17.0
-62.0,26.0,12.0
-57.0,30.0,10.0
-53.0,27.0,18.0
-55.0,28.0,14.0
-56.0,27.0,13.0
-62.0,26.0,12.0
-56.0,26.0,14.0
-53.0,23.0,19.0
-59.0,27.0,12.0
-60.0,28.0,11.0
-55.0,28.0,17.0
-55.0,32.0,16.0
-56.0,30.0,12.0
-56.0,30.0,15.0
-55.0,29.0,13.0
-56.0,29.0,14.0
-55.0,28.0,18.0
-55.0,28.0,16.0
-55.0,27.0,15.0
-54.0,28.0,14.0
-54.0,30.0,17.0
-53.0,31.0,18.0
-56.0,26.0,14.0
-62.0,26.0,14.0
-53.0,31.0,17.0
-52.0,31.0,14.0
-61.0,28.0,11.0
-55.0,28.0,14.0
-52.0,27.0,12.0
-62.0,27.0,15.0
-52.0,26.0,17.0
-58.0,26.0,13.0
-58.0,26.0,15.0
-53.0,24.0,18.0
-61.0,27.0,13.0
-57.0,29.0,15.0
-55.0,31.0,14.0
-58.0,30.0,13.0
-52.0,31.0,15.0
-57.0,28.0,15.0
-53.0,28.0,20.0
-54.0,26.0,16.0
-59.0,29.0,14.0
-55.0,29.0,17.0
-56.0,28.0,15.0
-54.0,28.0,15.0
-51.0,25.0,22.0
-57.0,27.0,14.0
-59.0,28.0,14.0
-55.0,29.0,14.0
-58.0,26.0,12.0
-55.0,28.0,12.0
-58.0,27.0,14.0
-58.0,26.0,10.0
-58.0,29.0,12.0
-51.0,27.0,16.0
-52.0,24.0,19.0
-57.0,27.0,14.0
-51.0,27.0,17.0
-59.0,24.0,16.0
-60.0,28.0,10.0
-55.0,30.0,13.0
-56.0,32.0,12.0
-54.0,29.0,13.0
-51.0,30.0,17.0
-56.0,29.0,15.0
-56.0,28.0,16.0
-56.0,27.0,15.0
-58.0,28.0,11.0
-55.0,28.0,14.0
-56.0,28.0,17.0
-55.0,28.0,16.0
-56.0,27.0,14.0
-55.0,27.0,14.0
-55.0,28.0,16.0
-63.0,29.0,9.0
-51.0,27.0,16.0
-59.0,29.0,12.0
-52.0,27.0,12.0
-57.0,28.0,14.0
-61.0,26.0,8.0
-62.0,24.0,10.0
-57.0,26.0,15.0
-57.0,27.0,14.0
-58.0,24.0,12.0
-56.0,31.0,13.0
-59.0,27.0,11.0
-60.0,28.0,8.0
-55.0,31.0,14.0
-58.0,28.0,12.0
-53.0,29.0,16.0
-54.0,30.0,16.0
-55.0,26.0,15.0
-56.0,29.0,13.0
-54.0,26.0,15.0
-54.0,31.0,13.0
-56.0,28.0,12.0
-55.0,28.0,17.0
-59.0,29.0,11.0
-55.0,24.0,18.0
-54.0,26.0,15.0
-56.0,28.0,10.0
-58.0,27.0,15.0
-58.0,27.0,10.0
-63.0,27.0,7.0
-62.0,28.0,11.0
-55.0,28.0,11.0
-57.0,26.0,13.0
-57.0,26.0,14.0
-57.0,27.0,13.0
-56.0,25.0,13.0
-58.0,26.0,16.0
-57.0,31.0,12.0
-56.0,27.0,13.0
-60.0,28.0,11.0
-55.0,31.0,14.0
-56.0,28.0,13.0
-54.0,31.0,15.0
-53.0,29.0,16.0
-56.0,28.0,14.0
-55.0,28.0,12.0
-59.0,25.0,13.0
-59.0,25.0,14.0
-59.0,28.0,13.0
-54.0,24.0,16.0
-53.0,28.0,19.0
-63.0,31.0,7.0
-59.0,32.0,10.0
-58.0,31.0,17.0
-51.0,31.0,18.0
-53.0,37.0,16.0
-57.0,38.0,19.0
-42.0,35.0,24.0
-49.0,35.0,11.0
-41.0,17.0,-5.0
-67.0,29.0,2.0
55.0,28.0,31.0
-23.0,41.0,7.0
-116.0,62.0,4.0
-128.0,42.0,-9.0
-110.0,27.0,22.0
-57.0,39.0,26.0
-54.0,46.0,-17.0
-48.0,42.0,-18.0
-43.0,41.0,7.0
-42.0,35.0,14.0
-39.0,43.0,18.0
-36.0,44.0,21.0
-52.0,46.0,1.0
-35.0,50.0,16.0
-52.0,57.0,-1.0
-32.0,53.0,-20.0
8.0,58.0,-2.0
-40.0,50.0,-1.0
-94.0,43.0,-3.0
-54.0,21.0,10.0
-36.0,40.0,2.0
-45.0,39.0,-10.0
-58.0,37.0,-4.0
-54.0,42.0,26.0
-45.0,47.0,10.0
-17.0,68.0,3.0
-27.0,60.0,2.0
-58.0,35.0,8.0
-46.0,45.0,2.0
-50.0,49.0,1.0
-46.0,47.0,9.0
-43.0,44.0,7.0
-50.0,48.0,-1.0
-42.0,45.0,6.0
-47.0,47.0,9.0
-47.0,49.0,5.0
-41.0,39.0,7.0
-50.0,44.0,7.0
-47.0,41.0,9.0
-46.0,43.0,4.0
-46.0,42.0,0.0
-44.0,46.0,13.0
-38.0,48.0,12.0
-43.0,45.0,7.0
-44.0,43.0,10.0
-52.0,45.0,7.0
-53.0,40.0,0.0
-55.0,43.0,2.0
-46.0,45.0,6.0
-53.0,43.0,4.0
-49.0,39.0,11.0
-47.0,42.0,9.0
-49.0,42.0,9.0
-45.0,43.0,9.0
-46.0,44.0,9.0
-46.0,47.0,10.0
-47.0,46.0,8.0
-44.0,45.0,8.0
-49.0,42.0,8.0
-50.0,41.0,8.0
-49.0,42.0,6.0
-51.0,44.0,5.0
-44.0,44.0,11.0
-44.0,45.0,10.0
-46.0,46.0,7.0
-48.0,44.0,6.0
-45.0,44.0,8.0
-47.0,43.0,8.0
-54.0,39.0,6.0
-51.0,40.0,5.0
-51.0,44.0,7.0
-48.0,38.0,9.0
-49.0,41.0,6.0
-49.0,43.0,5.0
-50.0,41.0,9.0
-49.0,43.0,6.0
-45.0,43.0,10.0
-53.0,42.0,2.0
-53.0,43.0,3.0
-45.0,43.0,9.0
-50.0,42.0,7.0
-38.0,45.0,12.0
-41.0,48.0,10.0
-50.0,42.0,8.0
-47.0,46.0,6.0
-49.0,45.0,6.0
-48.0,44.0,7.0
-46.0,45.0,8.0
-47.0,44.0,8.0
-50.0,42.0,6.0
-48.0,40.0,10.0
-49.0,42.0,7.0
-47.0,44.0,4.0
-52.0,40.0,4.0
-58.0,40.0,2.0
-48.0,42.0,5.0
-47.0,44.0,5.0
-50.0,41.0,7.0
-52.0,44.0,1.0
-49.0,40.0,9.0
-52.0,38.0,9.0
-44.0,45.0,7.0
-46.0,42.0,9.0
-48.0,46.0,5.0
-46.0,46.0,6.0
-46.0,44.0,8.0
-50.0,44.0,5.0
-45.0,43.0,9.0
-46.0,44.0,6.0
-46.0,45.0,7.0
-46.0,43.0,6.0
-47.0,44.0,7.0
-45.0,45.0,9.0
-45.0,44.0,7.0
-45.0,43.0,9.0
-44.0,44.0,10.0
-47.0,42.0,6.0
-49.0,42.0,7.0
-48.0,44.0,5.0
-49.0,42.0,4.0
-49.0,41.0,7.0
-49.0,42.0,5.0
-52.0,39.0,4.0
-51.0,42.0,6.0
-46.0,42.0,9.0
-48.0,41.0,8.0
-48.0,42.0,6.0
-51.0,42.0,4.0
-52.0,44.0,4.0
-45.0,44.0,6.0
-46.0,45.0,6.0
-45.0,45.0,5.0
-46.0,44.0,6.0
-48.0,44.0,7.0
-46.0,43.0,9.0
-49.0,44.0,5.0
-45.0,45.0,8.0
-48.0,44.0,8.0
-47.0,45.0,8.0
-46.0,45.0,9.0
-45.0,41.0,10.0
-46.0,43.0,8.0
-46.0,44.0,7.0
-53.0,43.0,2.0
-53.0,40.0,5.0
-50.0,43.0,5.0
-50.0,43.0,3.0
-47.0,41.0,9.0
-46.0,43.0,9.0
-50.0,41.0,5.0
-49.0,41.0,7.0
-48.0,41.0,9.0
-50.0,41.0,8.0
-47.0,46.0,6.0
-47.0,47.0,4.0
-47.0,43.0,6.0
-46.0,44.0,7.0
-45.0,44.0,8.0
-45.0,44.0,11.0
-49.0,44.0,3.0
-48.0,43.0,8.0
-47.0,46.0,6.0
-49.0,44.0,5.0
-45.0,45.0,10.0
-48.0,44.0,7.0
-47.0,42.0,8.0
-47.0,43.0,6.0
-49.0,44.0,4.0
-48.0,41.0,7.0
-50.0,42.0,6.0
-52.0,41.0,3.0
-50.0,41.0,4.0
-49.0,41.0,6.0
-47.0,41.0,10.0
-50.0,42.0,7.0
-50.0,41.0,5.0
-51.0,42.0,3.0
-51.0,42.0,6.0
-47.0,45.0,5.0
-46.0,44.0,5.0
-48.0,44.0,7.0
-45.0,45.0,6.0
-45.0,46.0,6.0
-44.0,46.0,8.0
-46.0,45.0,6.0
-46.0,44.0,6.0
-51.0,43.0,3.0
-47.0,45.0,6.0
-47.0,43.0,8.0
-47.0,41.0,8.0
-44.0,45.0,8.0
-46.0,43.0,7.0
-50.0,42.0,3.0
-52.0,40.0,5.0
-53.0,41.0,4.0
-50.0,41.0,5.0
-46.0,43.0,6.0
-51.0,40.0,7.0
-48.0,42.0,6.0
-50.0,42.0,7.0
-52.0,40.0,7.0
-48.0,46.0,5.0
-45.0,46.0,4.0
-43.0,45.0,9.0
-40.0,46.0,11.0
-44.0,46.0,9.0
-45.0,46.0,9.0
-49.0,46.0,3.0
-46.0,46.0,6.0
-48.0,43.0,4.0
-49.0,44.0,6.0
-47.0,43.0,9.0
-48.0,42.0,7.0
-45.0,43.0,10.0
-48.0,45.0,6.0
-47.0,44.0,8.0
-47.0,43.0,5.0
-52.0,41.0,4.0
-52.0,42.0,3.0
-49.0,42.0,6.0
-48.0,43.0,5.0
-44.0,41.0,11.0
-47.0,43.0,9.0
-51.0,42.0,4.0
-49.0,43.0,10.0
-49.0,42.0,10.0
-48.0,46.0,3.0
-48.0,45.0,7.0
-46.0,47.0,8.0
-45.0,44.0,6.0
-43.0,44.0,12.0
-46.0,45.0,7.0
-47.0,44.0,5.0
-48.0,47.0,5.0
-48.0,41.0,8.0
-45.0,43.0,10.0
-45.0,43.0,10.0
-49.0,43.0,7.0
-44.0,41.0,15.0
-44.0,43.0,11.0
-47.0,44.0,5.0
-49.0,40.0,8.0
-52.0,42.0,2.0
-53.0,42.0,3.0
-49.0,42.0,9.0
-49.0,42.0,7.0
-43.0,41.0,14.0
-45.0,42.0,13.0
-49.0,42.0,6.0
-52.0,41.0,7.0
-49.0,45.0,7.0
-48.0,45.0,4.0
-45.0,43.0,12.0
-46.0,46.0,7.0
-42.0,44.0,10.0
-44.0,47.0,10.0
-48.0,44.0,5.0
-46.0,47.0,8.0
-46.0,46.0,6.0
-47.0,43.0,7.0
-46.0,46.0,8.0
-49.0,41.0,9.0
-46.0,42.0,11.0
-45.0,43.0,7.0
-46.0,42.0,10.0
-48.0,42.0,5.0
-49.0,42.0,5.0
-53.0,41.0,5.0
-50.0,41.0,6.0
-49.0,40.0,8.0
-49.0,43.0,8.0
-47.0,41.0,9.0
-48.0,41.0,9.0
-47.0,42.0,7.0
-48.0,42.0,7.0
-49.0,41.0,9.0
-51.0,42.0,5.0
-47.0,48.0,4.0
-43.0,47.0,7.0
-41.0,45.0,9.0
-43.0,46.0,10.0
-48.0,43.0,9.0
-49.0,44.0,7.0
-51.0,43.0,7.0
-46.0,42.0,8.0
-47.0,44.0,8.0
-47.0,46.0,5.0
-42.0,43.0,12.0
-54.0,46.0,2.0
-55.0,45.0,-3.0
-43.0,41.0,13.0
-45.0,42.0,10.0
-49.0,43.0,6.0
-47.0,40.0,11.0
-50.0,44.0,4.0
-48.0,43.0,8.0
-46.0,42.0,12.0
-50.0,42.0,7.0
-48.0,42.0,7.0
-51.0,42.0,8.0
-49.0,43.0,5.0
-49.0,45.0,6.0
-42.0,48.0,8.0
-40.0,44.0,10.0
-45.0,46.0,7.0
-46.0,45.0,8.0
-46.0,44.0,12.0
-46.0,45.0,9.0
-49.0,44.0,6.0
-46.0,43.0,12.0
-45.0,43.0,10.0
-48.0,43.0,10.0
-39.0,44.0,16.0
-43.0,44.0,11.0
-44.0,44.0,10.0
-53.0,43.0,6.0
-52.0,41.0,7.0
-42.0,46.0,10.0
-49.0,43.0,4.0
-48.0,44.0,10.0
-45.0,43.0,12.0
-46.0,42.0,9.0
-45.0,45.0,11.0
-52.0,44.0,4.0
-45.0,45.0,6.0
-47.0,45.0,8.0
-45.0,44.0,9.0
-45.0,44.0,8.0
-48.0,46.0,9.0
-44.0,45.0,10.0
-45.0,45.0,6.0
-45.0,43.0,11.0
-47.0,43.0,9.0
-45.0,44.0,8.0
-48.0,45.0,6.0
-44.0,47.0,7.0
-45.0,44.0,10.0
-48.0,43.0,8.0
-45.0,44.0,7.0
-51.0,40.0,6.0
-55.0,41.0,6.0
-50.0,42.0,6.0
-49.0,41.0,5.0
-48.0,42.0,11.0
-47.0,41.0,10.0
-50.0,44.0,5.0
-50.0,40.0,8.0
-49.0,41.0,8.0
-46.0,45.0,5.0
-43.0,43.0,10.0
-46.0,46.0,7.0
-44.0,47.0,10.0
-47.0,46.0,9.0
-49.0,43.0,4.0
-48.0,46.0,7.0
-47.0,43.0,5.0
-43.0,44.0,9.0
-46.0,46.0,10.0
-49.0,43.0,6.0
-45.0,43.0,9.0
-45.0,44.0,9.0
-46.0,41.0,10.0
-52.0,43.0,3.0
-50.0,42.0,4.0
-50.0,42.0,6.0
-51.0,42.0,4.0
-49.0,42.0,6.0
-49.0,43.0,6.0
-46.0,41.0,10.0
-45.0,40.0,11.0
-49.0,41.0,5.0
-50.0,41.0,8.0
-53.0,43.0,7.0
-49.0,43.0,5.0
-44.0,45.0,11.0
-46.0,45.0,9.0
-45.0,44.0,8.0
-45.0,43.0,9.0
-50.0,43.0,8.0
-48.0,44.0,7.0
-46.0,43.0,10.0
-47.0,44.0,8.0
-47.0,43.0,8.0
-46.0,43.0,9.0
-46.0,43.0,10.0
-47.0,45.0,6.0
-53.0,44.0,3.0
-50.0,41.0,7.0
-46.0,43.0,8.0
-46.0,41.0,10.0
-47.0,43.0,7.0
-49.0,41.0,8.0
-52.0,42.0,8.0
-49.0,44.0,6.0
-48.0,42.0,9.0
-51.0,45.0,6.0
-50.0,41.0,5.0
-46.0,44.0,8.0
-50.0,44.0,6.0
-45.0,43.0,12.0
-44.0,45.0,10.0
-45.0,45.0,7.0
-43.0,46.0,11.0
-47.0,46.0,4.0
-47.0,48.0,6.0
-49.0,46.0,6.0
-46.0,43.0,8.0
-41.0,44.0,12.0
-44.0,44.0,11.0
-41.0,42.0,16.0
-47.0,42.0,9.0
-52.0,41.0,7.0
-57.0,41.0,2.0
-53.0,42.0,4.0
-48.0,41.0,11.0
-49.0,42.0,9.0
-47.0,41.0,12.0
-46.0,42.0,10.0
-47.0,43.0,9.0
-46.0,41.0,10.0
-49.0,42.0,8.0
-53.0,41.0,3.0
-43.0,43.0,11.0
-38.0,47.0,17.0
-42.0,45.0,8.0
-54.0,45.0,3.0
-46.0,44.0,8.0
-48.0,45.0,5.0
-46.0,43.0,9.0
-46.0,43.0,8.0
-45.0,43.0,10.0
-46.0,44.0,8.0
-50.0,42.0,9.0
-47.0,41.0,10.0
-48.0,44.0,7.0
-51.0,41.0,8.0
-52.0,45.0,5.0
-50.0,45.0,5.0
-45.0,41.0,13.0
-46.0,42.0,15.0
-42.0,39.0,18.0
-48.0,41.0,12.0
-49.0,42.0,11.0
-47.0,45.0,14.0
-44.0,45.0,12.0
-44.0,47.0,7.0
-43.0,46.0,13.0
-45.0,46.0,10.0
-47.0,45.0,12.0
-46.0,47.0,12.0
-45.0,45.0,12.0
-46.0,46.0,10.0
-41.0,47.0,13.0
-48.0,43.0,8.0
-51.0,41.0,10.0
-44.0,44.0,15.0
-47.0,43.0,11.0
-44.0,44.0,13.0
-45.0,46.0,9.0
-46.0,44.0,11.0
-46.0,44.0,11.0
-46.0,44.0,9.0
-47.0,43.0,11.0
-48.0,43.0,10.0
-48.0,42.0,13.0
-43.0,43.0,15.0
-49.0,40.0,9.0
-49.0,41.0,11.0
-45.0,45.0,14.0
-44.0,43.0,12.0
-42.0,46.0,11.0
-43.0,44.0,15.0
-42.0,44.0,15.0
-46.0,44.0,13.0
-47.0,47.0,11.0
-49.0,44.0,7.0
-44.0,43.0,15.0
-41.0,48.0,14.0
-45.0,44.0,11.0
-45.0,45.0,14.0
-46.0,43.0,11.0
-46.0,43.0,12.0
-46.0,42.0,10.0
-49.0,43.0,9.0
-53.0,44.0,4.0
-49.0,41.0,7.0
-43.0,42.0,12.0
-46.0,45.0,9.0
-49.0,37.0,12.0
-45.0,41.0,13.0
-49.0,46.0,4.0
-52.0,42.0,3.0
-49.0,46.0,8.0
-48.0,44.0,8.0
-45.0,42.0,9.0
-46.0,42.0,11.0
-50.0,44.0,6.0
-46.0,41.0,12.0
-49.0,44.0,6.0
-52.0,42.0,5.0
-49.0,48.0,6.0
-46.0,41.0,12.0
-46.0,43.0,12.0
-43.0,45.0,12.0
-43.0,41.0,15.0
-49.0,41.0,10.0
-48.0,43.0,10.0
-45.0,41.0,12.0
-56.0,44.0,7.0
-45.0,44.0,11.0
-45.0,45.0,12.0
-50.0,41.0,10.0
-47.0,44.0,11.0
-52.0,41.0,7.0
-53.0,39.0,9.0
-48.0,42.0,10.0
-46.0,45.0,10.0
-46.0,44.0,12.0
-45.0,44.0,9.0
-46.0,41.0,9.0
-47.0,44.0,11.0
-44.0,45.0,13.0
-47.0,42.0,9.0
-49.0,41.0,7.0
-48.0,45.0,8.0
-44.0,44.0,12.0
-46.0,42.0,10.0
-47.0,41.0,10.0
-47.0,44.0,10.0
-47.0,41.0,10.0
-49.0,42.0,10.0
-51.0,43.0,7.0
-49.0,42.0,8.0
-47.0,42.0,9.0
-53.0,43.0,3.0
-47.0,42.0,7.0
-46.0,42.0,12.0
-50.0,42.0,8.0
-51.0,43.0,8.0
-47.0,41.0,10.0
-47.0,45.0,8.0
-41.0,45.0,12.0
-48.0,42.0,9.0
-49.0,44.0,9.0
-45.0,46.0,12.0
-49.0,43.0,7.0
-45.0,43.0,10.0
-47.0,46.0,10.0
-53.0,39.0,10.0
-47.0,40.0,14.0
-46.0,42.0,8.0
-46.0,40.0,11.0
-47.0,45.0,8.0
-48.0,42.0,8.0
-50.0,44.0,5.0
-48.0,43.0,10.0
-47.0,40.0,8.0
-46.0,45.0,8.0
-45.0,44.0,11.0
-52.0,38.0,8.0
-49.0,44.0,8.0
-49.0,43.0,11.0
-48.0,43.0,6.0
-46.0,44.0,7.0
-48.0,44.0,7.0
-44.0,46.0,11.0
-46.0,46.0,9.0
-49.0,44.0,6.0
-44.0,45.0,9.0
-50.0,42.0,7.0
-49.0,44.0,6.0
-49.0,41.0,9.0
-48.0,43.0,8.0
-45.0,42.0,10.0
-47.0,43.0,10.0
-49.0,46.0,5.0
-49.0,43.0,4.0
-50.0,42.0,7.0
-48.0,44.0,7.0
-51.0,42.0,6.0
-48.0,42.0,9.0
-49.0,41.0,8.0
-50.0,40.0,8.0
-46.0,43.0,8.0
-50.0,39.0,8.0
-48.0,45.0,9.0
-47.0,43.0,8.0
-48.0,44.0,7.0
-46.0,45.0,8.0
-43.0,42.0,13.0
-48.0,42.0,7.0
-49.0,44.0,7.0
-47.0,45.0,8.0
-49.0,43.0,6.0
-47.0,46.0,9.0
-44.0,44.0,10.0
-48.0,42.0,7.0
-49.0,43.0,9.0
-48.0,44.0,7.0
-49.0,44.0,4.0
-46.0,42.0,9.0
-49.0,43.0,8.0
-49.0,41.0,5.0
-49.0,43.0,8.0
-50.0,43.0,6.0
-50.0,43.0,7.0
-48.0,43.0,10.0
-49.0,42.0,8.0
-48.0,42.0,8.0
-50.0,43.0,9.0
-48.0,43.0,5.0
-45.0,44.0,9.0
-44.0,45.0,9.0
-45.0,45.0,8.0
-45.0,43.0,12.0
-48.0,45.0,7.0
-47.0,44.0,9.0
-50.0,43.0,8.0
-47.0,44.0,6.0
-45.0,43.0,10.0
-47.0,44.0,9.0
-47.0,43.0,9.0
-45.0,44.0,11.0
-47.0,42.0,9.0
-49.0,43.0,7.0
-48.0,42.0,7.0
-50.0,42.0,6.0
-50.0,42.0,7.0
-47.0,42.0,9.0
-48.0,42.0,7.0
-47.0,44.0,8.0
-50.0,41.0,10.0
-49.0,43.0,6.0
-47.0,41.0,11.0
-50.0,42.0,8.0
-48.0,46.0,8.0
-44.0,41.0,9.0
-47.0,45.0,8.0
-46.0,44.0,9.0
-46.0,43.0,11.0
-46.0,45.0,10.0
-49.0,43.0,7.0
-47.0,43.0,10.0
-45.0,44.0,11.0
-47.0,44.0,9.0
-48.0,44.0,9.0
-45.0,44.0,10.0
-48.0,43.0,9.0
-49.0,44.0,8.0
-50.0,44.0,7.0
-44.0,40.0,9.0
-53.0,43.0,8.0
-45.0,42.0,8.0
-54.0,43.0,6.0
-48.0,44.0,10.0
-48.0,42.0,9.0
-48.0,42.0,9.0
-49.0,42.0,8.0
-49.0,40.0,10.0
-48.0,41.0,10.0
-50.0,43.0,4.0
-46.0,47.0,8.0
-46.0,43.0,10.0
-44.0,45.0,11.0
-49.0,42.0,10.0
-50.0,43.0,9.0
-47.0,43.0,11.0
-45.0,44.0,9.0
-46.0,43.0,10.0
-46.0,44.0,10.0
-46.0,46.0,8.0
-48.0,43.0,9.0
-49.0,42.0,9.0
-48.0,42.0,8.0
-46.0,43.0,10.0
-49.0,42.0,8.0
-54.0,42.0,5.0
-48.0,43.0,11.0
-49.0,40.0,8.0
-51.0,42.0,5.0
-45.0,40.0,14.0
-49.0,41.0,10.0
-49.0,43.0,7.0
-47.0,41.0,11.0
-53.0,43.0,5.0
-45.0,43.0,9.0
-49.0,42.0,9.0
-43.0,46.0,8.0
-41.0,45.0,13.0
-46.0,44.0,9.0
-46.0,44.0,9.0
-50.0,43.0,9.0
-51.0,44.0,5.0
-47.0,42.0,11.0
-46.0,45.0,11.0
-46.0,43.0,7.0
-44.0,42.0,16.0
-46.0,42.0,8.0
-47.0,43.0,8.0
-51.0,43.0,7.0
-48.0,43.0,4.0
-49.0,43.0,8.0
-48.0,43.0,7.0
-49.0,40.0,7.0
-50.0,42.0,10.0
-45.0,43.0,11.0
-49.0,43.0,7.0
-45.0,40.0,11.0
-54.0,42.0,6.0
-50.0,42.0,5.0
-47.0,44.0,8.0
-45.0,45.0,9.0
-46.0,45.0,9.0
-46.0,45.0,11.0
-47.0,44.0,10.0
-49.0,43.0,6.0
-47.0,42.0,9.0
-48.0,43.0,8.0
-45.0,44.0,11.0
-44.0,44.0,12.0
-48.0,42.0,7.0
-47.0,42.0,11.0
-49.0,43.0,9.0
-47.0,42.0,8.0
-50.0,41.0,7.0
-49.0,41.0,7.0
-45.0,42.0,10.0
-49.0,41.0,9.0
-50.0,43.0,8.0
-48.0,41.0,10.0
-49.0,41.0,8.0
-49.0,44.0,5.0
-49.0,41.0,12.0
-52.0,42.0,7.0
-48.0,43.0,9.0
-48.0,42.0,9.0
-42.0,44.0,10.0
-48.0,44.0,10.0
-46.0,42.0,10.0
-46.0,43.0,8.0
-49.0,43.0,7.0
-46.0,43.0,10.0
-46.0,41.0,10.0
-44.0,44.0,9.0
-45.0,43.0,11.0
-47.0,43.0,3.0
-46.0,41.0,15.0
-54.0,40.0,5.0
-50.0,42.0,4.0
-51.0,40.0,6.0
-52.0,41.0,4.0
-51.0,42.0,8.0
-47.0,42.0,9.0
-47.0,40.0,10.0
-49.0,41.0,9.0
-47.0,41.0,10.0
-48.0,39.0,9.0
-48.0,42.0,10.0
-50.0,41.0,6.0
-51.0,41.0,8.0
-49.0,41.0,9.0
-47.0,45.0,8.0
-45.0,43.0,8.0
-49.0,44.0,7.0
-48.0,41.0,6.0
-51.0,42.0,8.0
-48.0,44.0,8.0
-49.0,40.0,8.0
-49.0,45.0,5.0
-50.0,41.0,7.0
-47.0,42.0,9.0
-49.0,42.0,7.0
-50.0,42.0,7.0
-48.0,42.0,9.0
-54.0,41.0,4.0
-49.0,41.0,5.0
-49.0,44.0,6.0
-51.0,40.0,7.0
-49.0,42.0,8.0
-48.0,42.0,11.0
-51.0,41.0,7.0
-48.0,41.0,9.0
-53.0,41.0,8.0
-50.0,40.0,8.0
-47.0,42.0,11.0
-48.0,44.0,10.0
-45.0,44.0,11.0
-42.0,44.0,12.0
-47.0,45.0,8.0
-48.0,43.0,9.0
-48.0,44.0,7.0
-51.0,43.0,5.0
-46.0,44.0,11.0
-47.0,44.0,7.0
-47.0,43.0,10.0
-44.0,42.0,14.0
-49.0,42.0,10.0
-50.0,40.0,5.0
-50.0,41.0,8.0
-51.0,40.0,6.0
-51.0,40.0,7.0
-51.0,41.0,6.0
-48.0,40.0,7.0
-50.0,42.0,6.0
-49.0,41.0,9.0
-48.0,40.0,8.0
-52.0,41.0,5.0
-47.0,39.0,11.0
-54.0,40.0,5.0
-49.0,42.0,7.0
-48.0,43.0,8.0
-46.0,42.0,8.0
-46.0,45.0,9.0
-45.0,44.0,10.0
-45.0,43.0,11.0
-48.0,43.0,8.0
-48.0,41.0,9.0
-46.0,46.0,7.0
-46.0,44.0,7.0
-50.0,45.0,5.0
-46.0,42.0,8.0
-48.0,41.0,10.0
-46.0,42.0,8.0
-50.0,41.0,7.0
-52.0,42.0,6.0
-48.0,39.0,8.0
-54.0,41.0,3.0
-54.0,41.0,6.0
-48.0,42.0,9.0
-48.0,42.0,9.0
-44.0,42.0,14.0
-47.0,42.0,10.0
-51.0,41.0,9.0
-47.0,41.0,11.0
-47.0,43.0,6.0
-45.0,43.0,10.0
-50.0,43.0,7.0
-47.0,44.0,8.0
-44.0,45.0,11.0
-46.0,43.0,10.0
-43.0,44.0,12.0
-41.0,45.0,13.0
-47.0,45.0,8.0
-46.0,44.0,10.0
-45.0,44.0,12.0
-46.0,43.0,10.0
-44.0,43.0,13.0
-50.0,42.0,10.0
-49.0,46.0,5.0
-45.0,42.0,10.0
-44.0,45.0,10.0
-45.0,46.0,9.0
-48.0,43.0,8.0
-51.0,44.0,6.0
-46.0,42.0,12.0
-47.0,43.0,10.0
-51.0,42.0,8.0
-47.0,43.0,11.0
-47.0,41.0,10.0
-48.0,44.0,8.0
-45.0,46.0,8.0
-44.0,44.0,10.0
-46.0,45.0,9.0
-44.0,45.0,11.0
-46.0,44.0,11.0
-48.0,44.0,9.0
-46.0,42.0,9.0
-48.0,44.0,10.0
-44.0,46.0,10.0
-42.0,44.0,11.0
-44.0,46.0,11.0
-48.0,45.0,5.0
-49.0,41.0,8.0
-43.0,42.0,14.0
-50.0,45.0,5.0
-50.0,43.0,9.0
-50.0,42.0,6.0
-51.0,40.0,10.0
-48.0,42.0,9.0
-49.0,41.0,10.0
-47.0,38.0,12.0
-46.0,44.0,8.0
-49.0,43.0,7.0
-50.0,43.0,6.0
-49.0,44.0,10.0
-45.0,42.0,11.0
-43.0,46.0,8.0
-45.0,45.0,10.0
-45.0,45.0,8.0
-46.0,45.0,11.0
-47.0,44.0,10.0
-49.0,45.0,7.0
-47.0,44.0,10.0
-48.0,44.0,8.0
-45.0,45.0,12.0
-43.0,43.0,13.0
-46.0,45.0,12.0
-43.0,42.0,13.0
-49.0,45.0,8.0
-50.0,41.0,8.0
-45.0,44.0,11.0
-47.0,46.0,8.0
-48.0,43.0,11.0
-46.0,44.0,11.0
-49.0,44.0,6.0
-47.0,42.0,9.0
-45.0,42.0,12.0
-46.0,43.0,8.0
-49.0,43.0,9.0
-46.0,42.0,8.0
-49.0,42.0,10.0
-48.0,44.0,10.0
-45.0,45.0,10.0
-47.0,44.0,9.0
-46.0,44.0,12.0
-44.0,45.0,11.0
-48.0,43.0,5.0
-45.0,46.0,10.0
-44.0,46.0,8.0
-46.0,42.0,11.0
-47.0,44.0,10.0
-46.0,41.0,10.0
-47.0,43.0,11.0
-49.0,44.0,8.0
-48.0,43.0,7.0
-51.0,45.0,6.0
-46.0,45.0,5.0
-52.0,46.0,5.0
-44.0,42.0,8.0
-48.0,41.0,11.0
-47.0,43.0,11.0
-48.0,43.0,10.0
-44.0,40.0,13.0
-50.0,41.0,8.0
-49.0,41.0,9.0
-48.0,46.0,6.0
-48.0,43.0,7.0
-45.0,44.0,8.0
-48.0,44.0,8.0
-43.0,41.0,15.0
-49.0,45.0,9.0
-51.0,41.0,10.0
-45.0,40.0,11.0
-47.0,46.0,5.0
-47.0,43.0,9.0
-44.0,44.0,7.0
-48.0,41.0,8.0
-50.0,43.0,5.0
-49.0,40.0,9.0
-49.0,39.0,11.0
-57.0,41.0,2.0
-51.0,38.0,5.0
-50.0,44.0,4.0
-47.0,42.0,5.0
-41.0,42.0,14.0
-48.0,42.0,10.0
-50.0,41.0,8.0
-48.0,42.0,11.0
-50.0,44.0,6.0
-48.0,43.0,5.0
-46.0,45.0,11.0
-47.0,44.0,7.0
-48.0,42.0,11.0
-48.0,43.0,8.0
-49.0,41.0,9.0
-44.0,44.0,11.0
-48.0,42.0,6.0
-47.0,45.0,8.0
-45.0,42.0,10.0
-48.0,45.0,9.0
-49.0,43.0,11.0
-50.0,44.0,8.0
-45.0,42.0,10.0
-43.0,47.0,11.0
-49.0,43.0,7.0
-49.0,40.0,8.0
-48.0,44.0,9.0
-50.0,42.0,7.0
-47.0,41.0,9.0
-50.0,42.0,7.0
-47.0,41.0,11.0
-45.0,43.0,10.0
-48.0,41.0,10.0
-50.0,44.0,8.0
-48.0,44.0,7.0
-45.0,42.0,12.0
-46.0,45.0,9.0
-43.0,47.0,9.0
-43.0,46.0,10.0
-47.0,44.0,10.0
-50.0,43.0,7.0
-47.0,44.0,11.0
-47.0,43.0,10.0
-51.0,44.0,7.0
-47.0,43.0,10.0
-41.0,42.0,16.0
-44.0,42.0,13.0
-46.0,44.0,12.0
-42.0,42.0,13.0
-45.0,43.0,11.0
-52.0,45.0,7.0
-48.0,46.0,11.0
-46.0,48.0,9.0
-50.0,42.0,5.0
-55.0,45.0,7.0
-50.0,45.0,11.0
-48.0,42.0,10.0
-43.0,43.0,13.0
-50.0,41.0,11.0
-48.0,41.0,11.0
-45.0,44.0,11.0
-47.0,43.0,11.0
-46.0,45.0,11.0
-48.0,45.0,10.0
-46.0,45.0,13.0
-44.0,43.0,11.0
-46.0,41.0,10.0
-51.0,42.0,9.0
-45.0,43.0,13.0
-47.0,41.0,12.0
-49.0,40.0,10.0
-46.0,39.0,16.0
-48.0,41.0,8.0
-51.0,42.0,8.0
-49.0,41.0,9.0
-49.0,42.0,8.0
-46.0,43.0,10.0
-49.0,43.0,11.0
-48.0,44.0,9.0
-46.0,41.0,8.0
-54.0,37.0,9.0
-51.0,37.0,11.0
-43.0,43.0,15.0
-51.0,40.0,11.0
-49.0,44.0,6.0
-43.0,47.0,11.0
-45.0,46.0,12.0
-44.0,45.0,12.0
-44.0,44.0,14.0
-47.0,45.0,9.0
-50.0,41.0,8.0
-46.0,42.0,11.0
-49.0,45.0,9.0
-45.0,43.0,13.0
-46.0,44.0,10.0
-45.0,41.0,13.0
-49.0,42.0,13.0
-53.0,37.0,9.0
-56.0,40.0,2.0
-39.0,44.0,16.0
-46.0,42.0,11.0
-50.0,43.0,8.0
-42.0,43.0,17.0
-49.0,43.0,6.0
-48.0,41.0,8.0
-50.0,42.0,10.0
-52.0,39.0,8.0
-49.0,42.0,10.0
-46.0,45.0,10.0
-47.0,39.0,12.0
-48.0,42.0,10.0
-47.0,43.0,13.0
-48.0,40.0,12.0
-49.0,43.0,8.0
-51.0,40.0,8.0
-50.0,41.0,9.0
-45.0,42.0,11.0
-48.0,41.0,12.0
-47.0,41.0,9.0
-52.0,41.0,6.0
-42.0,45.0,15.0
-45.0,44.0,10.0
-49.0,42.0,8.0
-47.0,44.0,12.0
-51.0,42.0,6.0
-49.0,41.0,9.0
-48.0,42.0,9.0
-52.0,40.0,8.0
-49.0,40.0,10.0
-48.0,39.0,11.0
-51.0,42.0,9.0
-47.0,41.0,14.0
-51.0,42.0,6.0
-50.0,39.0,10.0
-44.0,47.0,10.0
-44.0,44.0,9.0
-46.0,43.0,11.0
-46.0,42.0,11.0
-48.0,42.0,11.0
-46.0,43.0,11.0
-49.0,40.0,8.0
-49.0,41.0,11.0
-46.0,43.0,8.0
-50.0,43.0,9.0
-43.0,41.0,13.0
-44.0,45.0,9.0
-51.0,41.0,9.0
-48.0,44.0,9.0
-46.0,45.0,9.0
-47.0,41.0,11.0
-51.0,45.0,5.0
-49.0,41.0,9.0
-44.0,44.0,12.0
-48.0,43.0,7.0
-50.0,42.0,8.0
-47.0,44.0,10.0
-47.0,42.0,10.0
-49.0,41.0,9.0
-48.0,44.0,8.0
-51.0,41.0,8.0
-48.0,44.0,9.0
-46.0,44.0,9.0
-46.0,43.0,11.0
-47.0,41.0,10.0
-46.0,42.0,12.0
-47.0,44.0,7.0
-50.0,41.0,9.0
-45.0,44.0,12.0
-45.0,44.0,9.0
-43.0,41.0,16.0
-46.0,43.0,11.0
-54.0,40.0,4.0
-55.0,41.0,4.0
-50.0,41.0,5.0
-47.0,40.0,10.0
-51.0,42.0,5.0
-51.0,39.0,5.0
-51.0,42.0,5.0
-46.0,40.0,9.0
-48.0,41.0,10.0
-48.0,40.0,6.0
-51.0,40.0,6.0
-48.0,41.0,10.0
-53.0,41.0,4.0
-50.0,43.0,6.0
-47.0,43.0,7.0
-45.0,44.0,7.0
-45.0,44.0,8.0
-47.0,42.0,8.0
-48.0,42.0,10.0
-46.0,42.0,9.0
-55.0,41.0,4.0
-45.0,45.0,10.0
-41.0,44.0,10.0
-47.0,42.0,9.0
-51.0,42.0,6.0
-52.0,39.0,6.0
-51.0,44.0,8.0
-52.0,41.0,2.0
-52.0,40.0,5.0
-46.0,40.0,8.0
-52.0,41.0,5.0
-50.0,41.0,10.0
-49.0,41.0,10.0
-50.0,41.0,8.0
-50.0,41.0,6.0
-51.0,38.0,9.0
-49.0,41.0,11.0
-46.0,40.0,10.0
-47.0,42.0,9.0
-47.0,43.0,11.0
-47.0,44.0,6.0
-48.0,44.0,9.0
-45.0,43.0,13.0
-46.0,45.0,12.0
-49.0,44.0,7.0
-50.0,45.0,5.0
-49.0,41.0,10.0
-48.0,43.0,11.0
-48.0,42.0,8.0
-48.0,42.0,10.0
-49.0,39.0,11.0
-53.0,42.0,4.0
-49.0,43.0,8.0
-46.0,42.0,8.0
-53.0,42.0,6.0
-50.0,42.0,9.0
-52.0,43.0,4.0
-52.0,41.0,4.0
-50.0,42.0,11.0
-46.0,43.0,9.0
-50.0,40.0,9.0
-47.0,40.0,12.0
-51.0,40.0,8.0
-50.0,42.0,10.0
-48.0,44.0,8.0
-47.0,42.0,9.0
-47.0,43.0,11.0
-47.0,42.0,10.0
-46.0,43.0,12.0
-48.0,43.0,7.0
-51.0,43.0,7.0
-43.0,44.0,12.0
-43.0,45.0,11.0
-49.0,43.0,6.0
-47.0,43.0,15.0
-54.0,41.0,3.0
-47.0,40.0,9.0
-47.0,43.0,8.0
-50.0,41.0,7.0
-50.0,43.0,6.0
-47.0,44.0,5.0
-54.0,41.0,4.0
-48.0,41.0,7.0
-49.0,38.0,11.0
-50.0,41.0,11.0
-49.0,42.0,8.0
-48.0,40.0,7.0
-47.0,42.0,9.0
-47.0,43.0,10.0
-47.0,44.0,9.0
-51.0,42.0,6.0
-47.0,42.0,9.0
-51.0,42.0,9.0
-50.0,40.0,8.0
-48.0,41.0,12.0
-48.0,43.0,5.0
-51.0,39.0,10.0
-47.0,42.0,10.0
-47.0,43.0,8.0
-43.0,43.0,10.0
-45.0,43.0,8.0
-54.0,41.0,2.0
-50.0,41.0,7.0
-50.0,41.0,8.0
-54.0,41.0,2.0
-49.0,41.0,5.0
-52.0,40.0,2.0
-53.0,40.0,2.0
-48.0,39.0,12.0
-50.0,40.0,5.0
-47.0,38.0,9.0
-52.0,41.0,7.0
-56.0,38.0,5.0
-53.0,45.0,0.0
-48.0,45.0,9.0
-45.0,43.0,8.0
-48.0,42.0,7.0
-46.0,44.0,10.0
-52.0,40.0,7.0
-48.0,40.0,9.0
-51.0,46.0,4.0
-52.0,44.0,4.0
-47.0,44.0,9.0
-40.0,40.0,16.0
-47.0,41.0,10.0
-48.0,43.0,7.0
-53.0,44.0,3.0
-50.0,43.0,7.0
-50.0,42.0,4.0
-45.0,41.0,10.0
-47.0,42.0,10.0
-48.0,42.0,6.0
-48.0,40.0,10.0
-55.0,39.0,7.0
-49.0,41.0,6.0
-46.0,42.0,9.0
-51.0,42.0,7.0
-49.0,42.0,6.0
-47.0,43.0,9.0
-47.0,41.0,10.0
-47.0,42.0,9.0
-47.0,43.0,10.0
-50.0,41.0,8.0
-50.0,41.0,10.0
-49.0,42.0,7.0
-46.0,45.0,7.0
-42.0,43.0,10.0
-49.0,42.0,7.0
-49.0,42.0,8.0
-49.0,41.0,10.0
-51.0,42.0,7.0
-50.0,42.0,7.0
-48.0,42.0,7.0
-57.0,40.0,3.0
-50.0,42.0,10.0
-48.0,44.0,4.0
-50.0,42.0,7.0
-49.0,39.0,8.0
-48.0,41.0,9.0
-50.0,40.0,9.0
-50.0,40.0,8.0
-52.0,42.0,6.0
-49.0,43.0,7.0
-47.0,41.0,9.0
-46.0,44.0,10.0
-46.0,43.0,7.0
-49.0,43.0,11.0
-46.0,43.0,9.0
-48.0,43.0,9.0
-51.0,41.0,5.0
-47.0,41.0,10.0
-48.0,42.0,8.0
-46.0,42.0,10.0
-45.0,43.0,12.0
-47.0,43.0,10.0
-44.0,42.0,11.0
-51.0,41.0,5.0
-52.0,41.0,6.0
-45.0,42.0,8.0
-56.0,45.0,3.0
-49.0,42.0,9.0
-48.0,42.0,8.0
-49.0,42.0,8.0
-49.0,41.0,8.0
-50.0,41.0,8.0
-48.0,41.0,9.0
-50.0,41.0,9.0
-49.0,43.0,8.0
-47.0,43.0,10.0
-45.0,46.0,10.0
-47.0,45.0,9.0
-47.0,42.0,10.0
-47.0,45.0,10.0
-46.0,42.0,11.0
-45.0,44.0,13.0
-49.0,42.0,8.0
-48.0,44.0,7.0
-48.0,43.0,11.0
-46.0,44.0,10.0
-46.0,41.0,13.0
-48.0,43.0,10.0
-47.0,42.0,11.0
-47.0,43.0,10.0
-51.0,43.0,5.0
-49.0,41.0,8.0
-45.0,43.0,9.0
-52.0,42.0,7.0
-50.0,43.0,6.0
-47.0,42.0,11.0
-44.0,41.0,13.0
-48.0,42.0,10.0
-49.0,41.0,8.0
-54.0,43.0,6.0
-52.0,41.0,10.0
-50.0,41.0,8.0
-45.0,43.0,10.0
-44.0,45.0,9.0
-44.0,44.0,11.0
-47.0,45.0,8.0
-45.0,43.0,12.0
-48.0,43.0,10.0
-45.0,44.0,8.0
-48.0,45.0,10.0
-48.0,46.0,10.0
-42.0,41.0,11.0
-46.0,42.0,13.0
-48.0,43.0,7.0
-48.0,43.0,8.0
-49.0,43.0,8.0
-50.0,43.0,7.0
-50.0,41.0,8.0
-49.0,42.0,9.0
-52.0,41.0,6.0
-47.0,42.0,8.0
-50.0,42.0,8.0
-51.0,42.0,5.0
-49.0,40.0,11.0
-47.0,42.0,11.0
-51.0,42.0,8.0
-50.0,40.0,11.0
-46.0,45.0,5.0
-49.0,43.0,7.0
-45.0,44.0,10.0
-47.0,44.0,8.0
-47.0,41.0,12.0
-50.0,44.0,7.0
-46.0,43.0,7.0
-45.0,42.0,11.0
-45.0,43.0,10.0
-52.0,42.0,5.0
-50.0,43.0,8.0
-44.0,40.0,16.0
-46.0,44.0,12.0
-50.0,41.0,9.0
-49.0,40.0,10.0
-51.0,44.0,6.0
-50.0,42.0,5.0
-48.0,44.0,7.0
-44.0,46.0,8.0
-47.0,40.0,14.0
-49.0,40.0,14.0
-50.0,41.0,5.0
-53.0,39.0,6.0
-53.0,40.0,7.0
-51.0,40.0,9.0
-47.0,44.0,9.0
-42.0,44.0,12.0
-46.0,46.0,11.0
-49.0,43.0,10.0
-49.0,41.0,11.0
-46.0,46.0,10.0
-46.0,42.0,12.0
-45.0,44.0,12.0
-47.0,45.0,8.0
-47.0,42.0,9.0
-44.0,41.0,12.0
-46.0,44.0,10.0
-47.0,43.0,10.0
-49.0,41.0,9.0
-46.0,42.0,11.0
-50.0,43.0,7.0
-49.0,42.0,8.0
-47.0,42.0,9.0
-49.0,40.0,12.0
-52.0,42.0,11.0
-49.0,47.0,2.0
-43.0,42.0,11.0
-46.0,44.0,12.0
-50.0,47.0,6.0
-45.0,44.0,10.0
-46.0,41.0,11.0
-48.0,43.0,10.0
-45.0,43.0,12.0
-48.0,43.0,10.0
-52.0,40.0,9.0
-50.0,40.0,10.0
-45.0,46.0,9.0
-42.0,44.0,12.0
-47.0,42.0,12.0
-46.0,42.0,9.0
-45.0,44.0,10.0
-46.0,44.0,9.0
-50.0,42.0,6.0
-51.0,43.0,4.0
-48.0,42.0,10.0
-48.0,43.0,8.0
-51.0,41.0,7.0
-45.0,40.0,10.0
-52.0,41.0,8.0
-47.0,44.0,9.0
-45.0,41.0,12.0
-49.0,43.0,6.0
-46.0,46.0,8.0
-45.0,43.0,11.0
-48.0,43.0,8.0
-46.0,44.0,11.0
-46.0,43.0,11.0
-48.0,43.0,10.0
-45.0,44.0,11.0
-47.0,44.0,9.0
-47.0,44.0,11.0
-46.0,44.0,10.0
-47.0,41.0,10.0
-49.0,42.0,10.0
-48.0,44.0,10.0
-48.0,41.0,9.0
-51.0,39.0,5.0
-44.0,45.0,12.0
-44.0,41.0,13.0
-53.0,40.0,3.0
-49.0,42.0,10.0
-47.0,39.0,12.0
-43.0,42.0,12.0
-51.0,43.0,8.0
-50.0,40.0,7.0
-48.0,42.0,11.0
-47.0,45.0,9.0
-46.0,44.0,10.0
-44.0,46.0,11.0
-45.0,44.0,10.0
-47.0,43.0,12.0
-51.0,43.0,8.0
-46.0,42.0,11.0
-48.0,43.0,9.0
-46.0,42.0,11.0
-46.0,43.0,11.0
-46.0,43.0,10.0
-46.0,43.0,13.0
-50.0,41.0,7.0
-47.0,43.0,9.0
-49.0,41.0,9.0
-49.0,41.0,7.0
-46.0,43.0,8.0
-52.0,42.0,11.0
-50.0,41.0,5.0
-52.0,43.0,7.0
-42.0,42.0,12.0
-46.0,43.0,10.0
-44.0,42.0,13.0
-49.0,41.0,8.0
-57.0,41.0,3.0
-47.0,42.0,10.0
-47.0,44.0,6.0
-51.0,44.0,6.0
-42.0,46.0,10.0
-50.0,42.0,9.0
-48.0,42.0,10.0
-48.0,45.0,4.0
-50.0,39.0,6.0
-53.0,41.0,5.0
-51.0,40.0,6.0
-53.0,38.0,8.0
-51.0,39.0,9.0
-46.0,41.0,7.0
-48.0,42.0,3.0
-48.0,38.0,8.0
-50.0,42.0,5.0
-54.0,40.0,4.0
-51.0,39.0,5.0
-60.0,44.0,-5.0
-53.0,38.0,3.0
-50.0,43.0,6.0
-50.0,40.0,6.0
-52.0,41.0,7.0
-43.0,41.0,11.0
-46.0,40.0,11.0
-51.0,41.0,8.0
-49.0,41.0,8.0
-47.0,43.0,11.0
-48.0,42.0,11.0
-47.0,41.0,10.0
-49.0,43.0,8.0
-48.0,40.0,8.0
-49.0,42.0,5.0
-48.0,39.0,10.0
-46.0,42.0,10.0
-50.0,42.0,5.0
-52.0,42.0,9.0
-49.0,42.0,7.0
-47.0,43.0,5.0
-51.0,42.0,6.0
-50.0,40.0,6.0
-50.0,39.0,7.0
-51.0,40.0,10.0
-50.0,39.0,7.0
-53.0,40.0,12.0
-52.0,42.0,5.0
-51.0,42.0,3.0
-50.0,39.0,12.0
-50.0,39.0,10.0
-49.0,41.0,6.0
-48.0,41.0,10.0
-47.0,44.0,8.0
-46.0,44.0,9.0
-46.0,44.0,11.0
-49.0,41.0,8.0
-50.0,42.0,7.0
-49.0,45.0,8.0
-47.0,41.0,11.0
-49.0,43.0,8.0
-45.0,42.0,11.0
-49.0,41.0,9.0
-49.0,41.0,7.0
-50.0,41.0,7.0
-49.0,43.0,7.0
-50.0,41.0,5.0
-55.0,42.0,4.0
-52.0,39.0,8.0
-49.0,40.0,8.0
-47.0,42.0,12.0
-49.0,40.0,10.0
-46.0,42.0,9.0
-47.0,41.0,11.0
-53.0,39.0,5.0
-55.0,41.0,5.0
-48.0,41.0,11.0
-49.0,41.0,10.0
-46.0,43.0,9.0
-46.0,42.0,11.0
-48.0,43.0,7.0
-47.0,44.0,8.0
-45.0,43.0,12.0
-48.0,41.0,10.0
-47.0,44.0,7.0
-48.0,43.0,8.0
-49.0,40.0,11.0
-48.0,42.0,9.0
-48.0,42.0,9.0
-48.0,42.0,9.0
-47.0,42.0,8.0
-51.0,42.0,6.0
-49.0,41.0,9.0
-48.0,42.0,10.0
-47.0,41.0,11.0
-50.0,40.0,8.0
-49.0,41.0,8.0
-50.0,40.0,9.0
-51.0,42.0,8.0
-47.0,43.0,8.0
-47.0,44.0,9.0
-46.0,45.0,9.0
-43.0,42.0,11.0
-46.0,43.0,10.0
-49.0,42.0,8.0
-49.0,42.0,8.0
-47.0,42.0,11.0
-48.0,43.0,9.0
-47.0,42.0,9.0
-51.0,43.0,9.0
-45.0,42.0,11.0
-49.0,43.0,8.0
-49.0,42.0,7.0
-49.0,42.0,7.0
-50.0,42.0,5.0
-47.0,42.0,8.0
-49.0,41.0,9.0
-50.0,39.0,9.0
-45.0,42.0,11.0
-51.0,41.0,6.0
-51.0,42.0,7.0
-51.0,43.0,6.0
-52.0,43.0,4.0
-47.0,43.0,10.0
-47.0,42.0,10.0
-47.0,42.0,8.0
-48.0,41.0,11.0
-49.0,42.0,10.0
-50.0,41.0,9.0
-50.0,42.0,8.0
-46.0,43.0,10.0
-48.0,43.0,9.0
-47.0,44.0,9.0
-46.0,43.0,11.0
-48.0,44.0,6.0
-47.0,43.0,5.0
-49.0,40.0,8.0
-51.0,42.0,5.0
-47.0,40.0,10.0
-52.0,41.0,9.0
-51.0,40.0,10.0
-47.0,39.0,11.0
-52.0,41.0,6.0
-51.0,39.0,6.0
-47.0,41.0,11.0
-47.0,45.0,8.0
-52.0,41.0,6.0
-48.0,42.0,10.0
-46.0,43.0,11.0
-47.0,42.0,10.0
-46.0,41.0,11.0
-47.0,42.0,9.0
-51.0,42.0,8.0
-48.0,40.0,11.0
-44.0,43.0,11.0
-47.0,42.0,10.0
-48.0,43.0,8.0
-46.0,42.0,10.0
-49.0,41.0,9.0
-46.0,41.0,11.0
-47.0,41.0,10.0
-54.0,41.0,6.0
-49.0,39.0,9.0
-48.0,40.0,8.0
-53.0,41.0,4.0
-48.0,40.0,10.0
-48.0,43.0,9.0
-52.0,41.0,6.0
-51.0,40.0,8.0
-47.0,41.0,8.0
-51.0,42.0,6.0
-49.0,41.0,8.0
-47.0,44.0,9.0
-46.0,42.0,10.0
-47.0,43.0,9.0
-50.0,41.0,10.0
-48.0,41.0,7.0
-51.0,40.0,7.0
-47.0,43.0,10.0
-47.0,44.0,7.0
-48.0,43.0,7.0
-45.0,42.0,8.0
-51.0,40.0,8.0
-52.0,39.0,11.0
-52.0,42.0,3.0
-47.0,41.0,8.0
-53.0,40.0,4.0
-48.0,41.0,9.0
-49.0,41.0,9.0
-48.0,41.0,8.0
-52.0,41.0,6.0
-55.0,40.0,4.0
-51.0,40.0,9.0
-47.0,41.0,10.0
-51.0,43.0,7.0
-46.0,41.0,9.0
-46.0,45.0,8.0
-48.0,41.0,7.0
-49.0,42.0,9.0
-46.0,42.0,11.0
-49.0,41.0,8.0
-49.0,44.0,7.0
-48.0,42.0,9.0
-47.0,44.0,9.0
-46.0,42.0,11.0
-49.0,42.0,9.0
-48.0,43.0,8.0
-49.0,41.0,8.0
-48.0,40.0,12.0
-51.0,42.0,8.0
-51.0,41.0,5.0
-52.0,39.0,5.0
-51.0,40.0,6.0
-49.0,39.0,10.0
-48.0,40.0,8.0
-52.0,40.0,7.0
-51.0,39.0,9.0
-52.0,38.0,7.0
-51.0,42.0,8.0
-47.0,41.0,11.0
-47.0,41.0,10.0
-46.0,42.0,10.0
-47.0,43.0,8.0
-47.0,42.0,8.0
-46.0,43.0,11.0
-48.0,42.0,9.0
-50.0,44.0,6.0
-53.0,43.0,8.0
-50.0,42.0,8.0
-43.0,42.0,13.0
-43.0,43.0,11.0
-44.0,41.0,13.0
-44.0,42.0,12.0
-50.0,45.0,4.0
-52.0,42.0,4.0
-50.0,43.0,7.0
-51.0,43.0,3.0
-46.0,41.0,10.0
-50.0,42.0,10.0
-49.0,40.0,9.0
-49.0,39.0,11.0
-52.0,43.0,4.0
-51.0,39.0,6.0
-52.0,43.0,6.0
-50.0,41.0,8.0
-47.0,43.0,10.0
-48.0,41.0,9.0
-45.0,43.0,11.0
-48.0,43.0,10.0
-47.0,43.0,10.0
-45.0,46.0,9.0
-49.0,44.0,5.0
-48.0,43.0,9.0
-45.0,43.0,11.0
-50.0,45.0,7.0
-45.0,44.0,9.0
-46.0,42.0,14.0
-47.0,44.0,11.0
-47.0,42.0,7.0
-49.0,45.0,8.0
-51.0,42.0,3.0
-49.0,42.0,8.0
-47.0,44.0,8.0
-49.0,41.0,9.0
-46.0,42.0,12.0
-46.0,42.0,11.0
-50.0,40.0,8.0
-53.0,42.0,5.0
-52.0,37.0,9.0
-51.0,41.0,10.0
-46.0,42.0,9.0
-47.0,43.0,9.0
-45.0,45.0,11.0
-45.0,44.0,8.0
-47.0,44.0,11.0
-49.0,43.0,9.0
-50.0,43.0,7.0
-48.0,41.0,9.0
-45.0,43.0,12.0
-48.0,43.0,8.0
-45.0,42.0,10.0
-46.0,44.0,9.0
-54.0,44.0,3.0
-43.0,43.0,13.0
-46.0,42.0,9.0
-49.0,41.0,3.0
-53.0,42.0,5.0
-52.0,40.0,4.0
-52.0,40.0,5.0
-50.0,41.0,11.0
-50.0,39.0,9.0
-52.0,40.0,5.0
-47.0,45.0,7.0
-47.0,39.0,11.0
-49.0,43.0,8.0
-47.0,43.0,6.0
-48.0,40.0,11.0
-46.0,42.0,10.0
-49.0,43.0,9.0
-50.0,42.0,10.0
-50.0,42.0,6.0
-48.0,41.0,7.0
-47.0,43.0,10.0
-48.0,43.0,9.0
-48.0,42.0,9.0
-45.0,44.0,11.0
-52.0,41.0,9.0
-50.0,43.0,5.0
-46.0,42.0,7.0
-49.0,41.0,6.0
-50.0,42.0,6.0
-51.0,42.0,5.0
-47.0,41.0,12.0
-46.0,41.0,14.0
-47.0,42.0,10.0
-48.0,42.0,9.0
-47.0,40.0,12.0
-50.0,41.0,13.0
-49.0,41.0,7.0
-49.0,42.0,11.0
-44.0,45.0,12.0
-47.0,44.0,9.0
-47.0,44.0,11.0
-47.0,44.0,8.0
-50.0,43.0,5.0
-46.0,46.0,7.0
-49.0,42.0,10.0
-47.0,42.0,10.0
-47.0,42.0,10.0
-48.0,40.0,11.0
-51.0,40.0,6.0
-48.0,41.0,10.0
-54.0,40.0,7.0
-50.0,40.0,7.0
-49.0,41.0,9.0
-50.0,43.0,10.0
-50.0,43.0,7.0
-47.0,40.0,13.0
-49.0,42.0,9.0
-48.0,42.0,10.0
-48.0,42.0,10.0
-51.0,43.0,6.0
-51.0,43.0,6.0
-47.0,43.0,9.0
-47.0,43.0,11.0
-44.0,43.0,11.0
-46.0,45.0,11.0
-47.0,45.0,9.0
-46.0,42.0,11.0
-45.0,45.0,7.0
-46.0,41.0,12.0
-49.0,45.0,5.0
-49.0,43.0,8.0
-53.0,39.0,8.0
-50.0,42.0,9.0
-50.0,42.0,9.0
-47.0,43.0,9.0
-51.0,43.0,6.0
-49.0,43.0,7.0
-51.0,43.0,7.0
-50.0,42.0,6.0
-48.0,43.0,11.0
-51.0,43.0,7.0
-49.0,42.0,7.0
-49.0,42.0,9.0
-51.0,41.0,9.0
-48.0,45.0,7.0
-48.0,44.0,7.0
-46.0,44.0,10.0
-44.0,45.0,12.0
-46.0,42.0,10.0
-45.0,44.0,12.0
-53.0,42.0,7.0
-48.0,42.0,9.0
-50.0,43.0,8.0
-49.0,43.0,8.0
-46.0,42.0,12.0
-42.0,41.0,16.0
-51.0,44.0,7.0
-49.0,44.0,7.0
-45.0,43.0,13.0
-44.0,40.0,14.0
-46.0,43.0,12.0
-47.0,43.0,10.0
-50.0,44.0,5.0
-48.0,42.0,9.0
-49.0,42.0,8.0
-52.0,42.0,8.0
-50.0,38.0,13.0
-50.0,40.0,9.0
-53.0,40.0,7.0
-50.0,37.0,13.0
-49.0,45.0,8.0
-43.0,42.0,11.0
-45.0,45.0,12.0
-50.0,42.0,9.0
-47.0,44.0,11.0
-45.0,43.0,13.0
-49.0,42.0,10.0
-45.0,46.0,11.0
-46.0,44.0,9.0
-46.0,44.0,10.0
-44.0,44.0,11.0
-46.0,43.0,11.0
-48.0,44.0,11.0
-44.0,44.0,10.0
-49.0,37.0,16.0
-47.0,43.0,9.0
-50.0,44.0,7.0
-50.0,41.0,7.0
-48.0,43.0,8.0
-49.0,43.0,9.0
-49.0,43.0,9.0
-46.0,40.0,15.0
-48.0,41.0,12.0
-51.0,41.0,8.0
-51.0,41.0,9.0
-53.0,43.0,7.0
-48.0,42.0,7.0
-45.0,46.0,10.0
-43.0,45.0,10.0
-47.0,44.0,9.0
-45.0,43.0,12.0
-46.0,43.0,10.0
-48.0,41.0,10.0
-47.0,45.0,9.0
-44.0,44.0,11.0
-45.0,44.0,11.0
-46.0,43.0,10.0
-48.0,42.0,12.0
-53.0,43.0,7.0
-48.0,41.0,10.0
-45.0,43.0,9.0
-49.0,43.0,8.0
-54.0,43.0,5.0
-49.0,42.0,6.0
-47.0,42.0,8.0
-52.0,42.0,5.0
-47.0,42.0,11.0
-50.0,41.0,8.0
-50.0,38.0,9.0
-48.0,39.0,11.0
-52.0,40.0,6.0
-51.0,44.0,6.0
-45.0,44.0,8.0
-45.0,46.0,7.0
-46.0,45.0,9.0
-46.0,43.0,8.0
-46.0,43.0,9.0
-50.0,43.0,8.0
-49.0,41.0,9.0
-47.0,42.0,9.0
-43.0,43.0,11.0
-51.0,41.0,6.0
-49.0,42.0,8.0
-49.0,41.0,9.0
-48.0,43.0,7.0
-46.0,42.0,9.0
-47.0,40.0,9.0
-47.0,42.0,8.0
-49.0,40.0,8.0
-57.0,38.0,3.0
-50.0,39.0,8.0
-51.0,41.0,9.0
-53.0,40.0,8.0
-46.0,40.0,9.0
-50.0,41.0,13.0
-48.0,43.0,8.0
-46.0,44.0,9.0
-48.0,46.0,10.0
-43.0,47.0,9.0
-44.0,43.0,13.0
-47.0,47.0,9.0
-48.0,46.0,9.0
-50.0,47.0,6.0
-48.0,42.0,11.0
-46.0,42.0,13.0
-41.0,44.0,15.0
-45.0,42.0,14.0
-45.0,44.0,15.0
-44.0,43.0,12.0
-43.0,46.0,13.0
-45.0,44.0,11.0
-48.0,45.0,9.0
-45.0,43.0,10.0
-49.0,42.0,10.0
-50.0,42.0,7.0
-51.0,41.0,8.0
-49.0,40.0,12.0
-44.0,43.0,14.0
-48.0,41.0,10.0
-51.0,41.0,10.0
-48.0,45.0,8.0
-47.0,44.0,8.0
-45.0,46.0,10.0
-43.0,44.0,10.0
-47.0,46.0,8.0
-46.0,42.0,11.0
-49.0,45.0,9.0
-49.0,42.0,6.0
-47.0,45.0,8.0
-46.0,42.0,10.0
-43.0,41.0,13.0
-47.0,45.0,10.0
-46.0,41.0,12.0
-46.0,41.0,11.0
-42.0,43.0,10.0
-46.0,44.0,10.0
-50.0,44.0,9.0
-47.0,40.0,5.0
-58.0,39.0,10.0
-52.0,39.0,6.0
-50.0,41.0,3.0
-47.0,40.0,8.0
-47.0,43.0,7.0
-47.0,38.0,11.0
-53.0,41.0,10.0
-48.0,43.0,5.0
-50.0,42.0,7.0
-49.0,44.0,3.0
-46.0,45.0,7.0
-51.0,41.0,6.0
-49.0,41.0,7.0
-49.0,44.0,8.0
-46.0,44.0,9.0
-52.0,40.0,11.0
-49.0,41.0,9.0
-48.0,40.0,11.0
-48.0,42.0,9.0
-47.0,45.0,8.0
-47.0,42.0,10.0
-43.0,43.0,14.0
-42.0,43.0,13.0
-46.0,40.0,13.0
-48.0,40.0,14.0
-53.0,40.0,6.0
-53.0,37.0,11.0
-46.0,43.0,11.0
-51.0,44.0,5.0
-45.0,42.0,13.0
-45.0,43.0,13.0
-47.0,40.0,15.0
-49.0,41.0,12.0
-50.0,45.0,6.0
-48.0,42.0,13.0
-47.0,43.0,10.0
-50.0,43.0,12.0
-50.0,44.0,8.0
-44.0,45.0,13.0
-47.0,44.0,11.0
-48.0,42.0,13.0
-43.0,44.0,16.0
-47.0,44.0,10.0
-49.0,44.0,9.0
-41.0,44.0,15.0
-43.0,45.0,14.0
-46.0,41.0,13.0
-47.0,43.0,13.0
-44.0,43.0,11.0
-47.0,42.0,11.0
-51.0,40.0,12.0
-51.0,39.0,11.0
-53.0,44.0,9.0
-44.0,41.0,12.0
-50.0,43.0,7.0
-48.0,41.0,8.0
-49.0,43.0,10.0
-49.0,41.0,10.0
-46.0,41.0,15.0
-48.0,44.0,10.0
-49.0,42.0,8.0
-47.0,41.0,12.0
-46.0,43.0,10.0
-44.0,43.0,13.0
-45.0,44.0,10.0
-49.0,41.0,12.0
-47.0,41.0,10.0
-48.0,43.0,10.0
-48.0,43.0,9.0
-48.0,42.0,10.0
-51.0,41.0,7.0
-48.0,41.0,13.0
-45.0,44.0,10.0
-48.0,42.0,9.0
-51.0,41.0,7.0
-49.0,43.0,7.0
-52.0,40.0,10.0
-48.0,41.0,6.0
-51.0,43.0,9.0
-52.0,41.0,9.0
-50.0,43.0,5.0
-50.0,42.0,11.0
-46.0,42.0,12.0
-47.0,43.0,8.0
-47.0,43.0,12.0
-50.0,42.0,9.0
-50.0,41.0,9.0
-50.0,44.0,14.0
-51.0,41.0,11.0
-52.0,49.0,13.0
-45.0,47.0,14.0
-51.0,48.0,12.0
-44.0,48.0,16.0
-40.0,47.0,18.0
-26.0,41.0,17.0
-41.0,41.0,36.0
-29.0,41.0,28.0
-27.0,38.0,38.0
-48.0,47.0,14.0
-49.0,45.0,12.0
-39.0,42.0,25.0
-47.0,43.0,17.0
-63.0,53.0,5.0
-51.0,52.0,13.0
-41.0,42.0,3.0
-32.0,42.0,7.0
-47.0,32.0,-5.0
-49.0,26.0,-9.0
-39.0,26.0,-4.0
-38.0,35.0,0.0
-89.0,49.0,-6.0
-71.0,57.0,7.0
-27.0,51.0,37.0
-27.0,40.0,33.0
-46.0,44.0,-11.0
-46.0,52.0,-22.0
-47.0,41.0,17.0
-52.0,48.0,11.0
-51.0,47.0,12.0
-51.0,41.0,11.0
-42.0,44.0,15.0
-44.0,45.0,14.0
-43.0,44.0,13.0
-47.0,41.0,15.0
-46.0,43.0,9.0
-50.0,43.0,4.0
-52.0,41.0,6.0
-47.0,43.0,5.0
-46.0,44.0,6.0
-41.0,42.0,9.0
-53.0,43.0,6.0
-48.0,43.0,8.0
-42.0,46.0,13.0
-48.0,40.0,12.0
-47.0,44.0,14.0
-50.0,50.0,7.0
-41.0,49.0,11.0
-50.0,42.0,15.0
-43.0,47.0,14.0
-38.0,44.0,16.0
-42.0,46.0,15.0
-44.0,46.0,12.0
-52.0,45.0,9.0
-47.0,48.0,11.0
-46.0,44.0,12.0
-42.0,45.0,17.0
-41.0,46.0,15.0
-44.0,44.0,14.0
-44.0,46.0,14.0
-46.0,44.0,10.0
-42.0,43.0,15.0
-51.0,43.0,10.0
-48.0,42.0,10.0
-48.0,39.0,10.0
-46.0,45.0,13.0
-46.0,40.0,14.0
-45.0,45.0,13.0
-45.0,43.0,15.0
-45.0,45.0,13.0
-42.0,42.0,16.0
-49.0,43.0,12.0
-45.0,43.0,12.0
-49.0,43.0,14.0
-47.0,43.0,11.0
-43.0,44.0,15.0
-47.0,45.0,12.0
-40.0,43.0,16.0
-44.0,45.0,15.0
-47.0,42.0,12.0
-45.0,45.0,13.0
-48.0,45.0,10.0
-49.0,44.0,8.0
-41.0,45.0,16.0
-43.0,43.0,16.0
-42.0,42.0,18.0
-46.0,42.0,15.0
-48.0,43.0,12.0
-45.0,43.0,14.0
-51.0,44.0,10.0
-47.0,42.0,11.0
-47.0,43.0,13.0
-49.0,44.0,10.0
-45.0,43.0,14.0
-46.0,44.0,13.0
-50.0,41.0,13.0
-46.0,42.0,13.0
-48.0,43.0,15.0
-45.0,43.0,15.0
-46.0,45.0,14.0
-44.0,44.0,14.0
-45.0,44.0,15.0
-44.0,43.0,15.0
-46.0,42.0,18.0
-47.0,45.0,14.0
-47.0,44.0,12.0
-45.0,45.0,15.0
-46.0,46.0,13.0
-44.0,42.0,17.0
-44.0,43.0,21.0
-46.0,44.0,16.0
-43.0,44.0,15.0
-44.0,42.0,15.0
-50.0,42.0,16.0
-49.0,44.0,11.0
-49.0,43.0,13.0
-46.0,41.0,17.0
-45.0,42.0,16.0
-44.0,41.0,16.0
-47.0,43.0,16.0
-45.0,41.0,17.0
-46.0,42.0,17.0
-46.0,44.0,16.0
-47.0,44.0,13.0
-47.0,42.0,16.0
-46.0,43.0,14.0
-46.0,43.0,17.0
-48.0,47.0,13.0
-43.0,47.0,13.0
-41.0,42.0,19.0
-43.0,44.0,18.0
-47.0,43.0,14.0
-42.0,42.0,16.0
-43.0,42.0,18.0
-48.0,45.0,12.0
-54.0,46.0,6.0
-44.0,42.0,15.0
-46.0,42.0,13.0
-47.0,42.0,13.0
-47.0,42.0,16.0
-47.0,42.0,13.0
-46.0,41.0,14.0
-49.0,42.0,13.0
-47.0,41.0,15.0
-45.0,43.0,15.0
-47.0,45.0,13.0
-44.0,43.0,15.0
-45.0,44.0,14.0
-46.0,42.0,15.0
-43.0,43.0,19.0
-45.0,42.0,16.0
-49.0,46.0,8.0
-45.0,45.0,14.0
-41.0,45.0,16.0
-43.0,41.0,19.0
-45.0,41.0,17.0
-48.0,40.0,14.0
-49.0,43.0,12.0
-45.0,46.0,12.0
-47.0,45.0,10.0
-46.0,43.0,12.0
-49.0,43.0,10.0
-48.0,40.0,15.0
-47.0,39.0,19.0
-51.0,42.0,9.0
-49.0,42.0,9.0
-51.0,38.0,15.0
-48.0,40.0,16.0
-47.0,45.0,13.0
-48.0,43.0,11.0
-41.0,44.0,15.0
-49.0,44.0,12.0
-43.0,44.0,17.0
-43.0,43.0,16.0
-49.0,42.0,10.0
-48.0,42.0,15.0
-46.0,43.0,15.0
-47.0,43.0,13.0
-45.0,43.0,12.0
-48.0,43.0,11.0
-39.0,41.0,19.0
-49.0,45.0,10.0
-46.0,45.0,13.0
-46.0,42.0,13.0
-50.0,43.0,12.0
-49.0,41.0,13.0
-51.0,40.0,12.0
-48.0,40.0,15.0
-46.0,43.0,14.0
-49.0,40.0,14.0
-47.0,41.0,14.0
-46.0,44.0,13.0
-44.0,45.0,12.0
-42.0,44.0,15.0
-42.0,46.0,16.0
-44.0,47.0,14.0
-44.0,43.0,14.0
-48.0,44.0,10.0
-48.0,44.0,10.0
-46.0,43.0,14.0
-49.0,44.0,10.0
-44.0,43.0,16.0
-42.0,43.0,17.0
-47.0,36.0,20.0
-49.0,39.0,15.0
-46.0,44.0,12.0
-54.0,42.0,10.0
-48.0,40.0,10.0
-51.0,43.0,8.0
-45.0,41.0,15.0
-46.0,42.0,15.0
-50.0,43.0,10.0
-47.0,40.0,14.0
-50.0,41.0,11.0
-48.0,40.0,15.0
-51.0,43.0,10.0
-44.0,42.0,16.0
-48.0,45.0,13.0
-42.0,46.0,15.0
-39.0,44.0,17.0
-46.0,42.0,13.0
-49.0,44.0,12.0
-47.0,45.0,10.0
-50.0,44.0,11.0
-45.0,44.0,14.0
-48.0,42.0,13.0
-45.0,40.0,17.0
-44.0,42.0,17.0
-47.0,41.0,12.0
-49.0,44.0,9.0
-48.0,42.0,11.0
-49.0,40.0,11.0
-49.0,44.0,11.0
-49.0,43.0,10.0
-47.0,42.0,15.0
-43.0,43.0,14.0
-51.0,40.0,12.0
-50.0,39.0,14.0
-47.0,43.0,13.0
-48.0,41.0,12.0
-45.0,42.0,14.0
-46.0,45.0,13.0
-48.0,44.0,12.0
-46.0,45.0,12.0
-45.0,44.0,17.0
-45.0,42.0,13.0
-46.0,44.0,10.0
-46.0,44.0,13.0
-45.0,42.0,15.0
-43.0,46.0,11.0
-46.0,42.0,12.0
-46.0,40.0,22.0
-52.0,46.0,6.0
-46.0,41.0,12.0
-46.0,41.0,13.0
-47.0,41.0,9.0
-50.0,43.0,10.0
-45.0,43.0,14.0
-52.0,40.0,12.0
-45.0,43.0,12.0
-48.0,44.0,13.0
-50.0,41.0,12.0
-43.0,41.0,16.0
-54.0,42.0,11.0
-49.0,42.0,11.0
-45.0,44.0,15.0
-42.0,45.0,15.0
-43.0,45.0,14.0
-44.0,43.0,15.0
-44.0,45.0,11.0
-43.0,43.0,16.0
-47.0,45.0,12.0
-46.0,47.0,10.0
-41.0,44.0,16.0
-46.0,46.0,11.0
-43.0,42.0,19.0
-49.0,45.0,11.0
-48.0,43.0,10.0
-52.0,42.0,11.0
-50.0,43.0,8.0
-51.0,42.0,12.0
-43.0,41.0,17.0
-44.0,40.0,18.0
-47.0,43.0,11.0
-51.0,43.0,10.0
-46.0,43.0,14.0
-44.0,46.0,15.0
-42.0,47.0,10.0
-48.0,42.0,16.0
-46.0,43.0,15.0
-46.0,45.0,15.0
-44.0,42.0,16.0
-45.0,42.0,13.0
-48.0,45.0,13.0
-45.0,45.0,15.0
-47.0,43.0,13.0
-43.0,43.0,17.0
-41.0,44.0,18.0
-50.0,37.0,20.0
-40.0,41.0,22.0
-46.0,46.0,10.0
-43.0,43.0,15.0
-51.0,42.0,10.0
-47.0,43.0,11.0
-46.0,40.0,17.0
-46.0,42.0,14.0
-46.0,43.0,12.0
-55.0,38.0,12.0
-50.0,39.0,15.0
-43.0,43.0,15.0
-45.0,44.0,14.0
-46.0,47.0,11.0
-42.0,47.0,15.0
-44.0,46.0,15.0
-44.0,42.0,15.0
-50.0,43.0,11.0
-47.0,42.0,13.0
-48.0,41.0,13.0
-49.0,41.0,14.0
-46.0,44.0,14.0
-47.0,41.0,14.0
-41.0,40.0,18.0
-46.0,44.0,14.0
-44.0,42.0,17.0
-54.0,43.0,10.0
-48.0,41.0,12.0
-48.0,41.0,13.0
-48.0,39.0,16.0
-47.0,42.0,14.0
-50.0,41.0,11.0
-48.0,40.0,15.0
-47.0,43.0,14.0
-46.0,43.0,14.0
-45.0,45.0,14.0
-45.0,44.0,15.0
-44.0,44.0,14.0
-45.0,46.0,15.0
-47.0,45.0,11.0
-46.0,42.0,13.0
-44.0,44.0,17.0
-46.0,44.0,13.0
-46.0,46.0,13.0
-44.0,41.0,19.0
-46.0,44.0,16.0
-44.0,43.0,14.0
-47.0,44.0,13.0
-48.0,41.0,12.0
-51.0,40.0,12.0
-51.0,42.0,12.0
-47.0,40.0,16.0
-43.0,38.0,22.0
-44.0,40.0,19.0
-55.0,42.0,7.0
-48.0,39.0,18.0
-47.0,43.0,12.0
-51.0,44.0,11.0
-42.0,46.0,16.0
-41.0,46.0,16.0
-44.0,44.0,17.0
-43.0,45.0,14.0
-48.0,41.0,12.0
-44.0,47.0,14.0
-48.0,44.0,13.0
-47.0,42.0,12.0
-46.0,43.0,13.0
-50.0,41.0,21.0
-49.0,41.0,10.0
-45.0,44.0,13.0
-43.0,41.0,14.0
-50.0,41.0,8.0
-50.0,42.0,11.0
-51.0,39.0,17.0
-47.0,40.0,13.0
-47.0,45.0,10.0
-48.0,39.0,11.0
-47.0,41.0,12.0
-47.0,43.0,13.0
-51.0,44.0,10.0
-47.0,38.0,15.0
-44.0,44.0,14.0
-43.0,43.0,16.0
-46.0,45.0,13.0
-50.0,46.0,8.0
-48.0,43.0,13.0
-46.0,43.0,13.0
-44.0,41.0,17.0
-45.0,42.0,15.0
-48.0,41.0,13.0
-48.0,38.0,19.0
-47.0,43.0,13.0
-45.0,41.0,14.0
-56.0,40.0,7.0
-52.0,39.0,14.0
-48.0,41.0,12.0
-54.0,42.0,9.0
-49.0,38.0,13.0
-48.0,40.0,13.0
-52.0,41.0,11.0
-47.0,42.0,17.0
-47.0,45.0,11.0
-46.0,39.0,17.0
-42.0,42.0,19.0
-46.0,42.0,15.0
-44.0,45.0,17.0
-49.0,43.0,12.0
-50.0,42.0,10.0
-42.0,43.0,17.0
-45.0,42.0,15.0
-50.0,41.0,12.0
-48.0,44.0,14.0
-49.0,41.0,13.0
-50.0,42.0,11.0
-47.0,44.0,12.0
-46.0,42.0,12.0
-46.0,41.0,12.0
-51.0,44.0,12.0
-52.0,41.0,12.0
-48.0,39.0,13.0
-51.0,41.0,9.0
-51.0,38.0,12.0
-50.0,40.0,12.0
-47.0,39.0,14.0
-51.0,44.0,12.0
-46.0,41.0,15.0
-47.0,42.0,12.0
-45.0,41.0,18.0
-44.0,42.0,16.0
-47.0,43.0,12.0
-46.0,42.0,15.0
-48.0,43.0,11.0
-49.0,40.0,13.0
-48.0,43.0,14.0
-45.0,40.0,16.0
-49.0,41.0,12.0
-47.0,41.0,13.0
-49.0,43.0,11.0
-48.0,39.0,16.0
-53.0,44.0,8.0
-46.0,41.0,14.0
-45.0,42.0,15.0
-49.0,43.0,10.0
-48.0,38.0,17.0
-49.0,42.0,14.0
-48.0,38.0,14.0
-52.0,43.0,12.0
-47.0,43.0,11.0
-48.0,42.0,13.0
-44.0,43.0,14.0
-45.0,44.0,15.0
-50.0,44.0,10.0
-48.0,42.0,10.0
-46.0,42.0,14.0
-46.0,43.0,13.0
-47.0,43.0,12.0
-49.0,40.0,13.0
-42.0,40.0,18.0
-47.0,43.0,11.0
-51.0,42.0,9.0
-49.0,43.0,11.0
-50.0,43.0,9.0
-51.0,42.0,12.0
-46.0,41.0,15.0
-46.0,43.0,13.0
-47.0,39.0,13.0
-53.0,38.0,12.0
-48.0,37.0,16.0
-50.0,42.0,11.0
-46.0,43.0,11.0
-43.0,45.0,14.0
-46.0,44.0,13.0
-50.0,42.0,12.0
-46.0,41.0,17.0
-50.0,45.0,10.0
-50.0,43.0,8.0
-45.0,44.0,13.0
-43.0,44.0,15.0
-47.0,41.0,14.0
-49.0,42.0,12.0
-49.0,41.0,14.0
-46.0,43.0,14.0
-48.0,43.0,11.0
-47.0,43.0,10.0
-46.0,44.0,11.0
-49.0,40.0,11.0
-50.0,40.0,13.0
-49.0,38.0,15.0
-51.0,38.0,13.0
-47.0,42.0,14.0
-46.0,42.0,14.0
-48.0,43.0,10.0
-47.0,45.0,11.0
-45.0,43.0,15.0
-45.0,42.0,17.0
-48.0,43.0,12.0
-45.0,44.0,16.0
-50.0,43.0,10.0
-53.0,41.0,8.0
-43.0,41.0,18.0
-48.0,44.0,13.0
-46.0,41.0,15.0
-38.0,42.0,21.0
-45.0,41.0,12.0
-49.0,41.0,14.0
-50.0,40.0,13.0
-49.0,41.0,11.0
-49.0,43.0,10.0
-49.0,39.0,12.0
-53.0,41.0,10.0
-48.0,40.0,12.0
-49.0,39.0,14.0
-52.0,43.0,9.0
-45.0,40.0,15.0
-47.0,43.0,13.0
-47.0,43.0,11.0
-47.0,43.0,13.0
-47.0,43.0,14.0
-46.0,40.0,16.0
-48.0,42.0,13.0
-49.0,42.0,10.0
-45.0,42.0,14.0
-48.0,42.0,13.0
-50.0,43.0,11.0
-44.0,40.0,17.0
-46.0,44.0,13.0
-50.0,41.0,11.0
-47.0,41.0,13.0
-48.0,43.0,9.0
-51.0,40.0,10.0
-50.0,41.0,11.0
-50.0,42.0,11.0
-46.0,40.0,17.0
-49.0,42.0,12.0
-48.0,41.0,12.0
-47.0,40.0,15.0
-50.0,43.0,11.0
-45.0,42.0,13.0
-46.0,43.0,15.0
-48.0,43.0,10.0
-49.0,44.0,11.0
-46.0,44.0,14.0
-46.0,42.0,13.0
-48.0,41.0,10.0
-46.0,42.0,11.0
-47.0,44.0,13.0
-48.0,44.0,12.0
-45.0,41.0,15.0
-47.0,41.0,14.0
-49.0,41.0,13.0
-47.0,38.0,15.0
-48.0,43.0,10.0
-50.0,40.0,11.0
-48.0,41.0,14.0
-52.0,42.0,8.0
-47.0,42.0,14.0
-39.0,40.0,19.0
-54.0,41.0,8.0
-49.0,41.0,9.0
-53.0,41.0,12.0
-47.0,41.0,13.0
-46.0,43.0,12.0
-48.0,44.0,11.0
-44.0,42.0,16.0
-47.0,45.0,11.0
-44.0,41.0,17.0
-45.0,44.0,12.0
-47.0,42.0,12.0
-51.0,40.0,13.0
-45.0,42.0,14.0
-45.0,41.0,15.0
-48.0,41.0,13.0
-47.0,40.0,13.0
-46.0,39.0,15.0
-46.0,43.0,13.0
-50.0,37.0,13.0
-52.0,42.0,9.0
-47.0,45.0,9.0
-49.0,42.0,10.0
-45.0,43.0,12.0
-49.0,44.0,10.0
-50.0,42.0,11.0
-46.0,41.0,15.0
-51.0,41.0,12.0
-48.0,40.0,13.0
-45.0,44.0,13.0
-52.0,40.0,11.0
-45.0,44.0,13.0
-45.0,43.0,14.0
-45.0,44.0,15.0
-42.0,46.0,13.0
-43.0,44.0,15.0
-47.0,46.0,14.0
-46.0,44.0,14.0
-46.0,42.0,15.0
-47.0,43.0,13.0
-45.0,41.0,16.0
-46.0,44.0,14.0
-48.0,42.0,13.0
-47.0,42.0,15.0
-48.0,44.0,11.0
-47.0,43.0,14.0
-46.0,44.0,13.0
-46.0,42.0,12.0
-45.0,44.0,13.0
-48.0,43.0,13.0
-45.0,43.0,11.0
-46.0,43.0,11.0
-49.0,42.0,11.0
-46.0,42.0,12.0
-49.0,41.0,11.0
-55.0,39.0,8.0
-51.0,39.0,12.0
-50.0,39.0,12.0
-48.0,39.0,12.0
-48.0,42.0,12.0
-49.0,41.0,11.0
-45.0,42.0,12.0
-48.0,39.0,14.0
-47.0,43.0,11.0
-47.0,44.0,12.0
-49.0,43.0,13.0
-48.0,44.0,11.0
-46.0,41.0,14.0
-48.0,44.0,12.0
-48.0,41.0,13.0
-48.0,43.0,12.0
-46.0,43.0,13.0
-46.0,44.0,13.0
-45.0,42.0,12.0
-45.0,42.0,14.0
-48.0,40.0,11.0
-51.0,40.0,11.0
-49.0,42.0,10.0
-49.0,41.0,10.0
-59.0,42.0,7.0
-52.0,43.0,8.0
-51.0,43.0,8.0
-51.0,40.0,11.0
-44.0,41.0,14.0
-48.0,39.0,13.0
-53.0,41.0,10.0
-47.0,39.0,14.0
-55.0,39.0,9.0
-51.0,38.0,13.0
-48.0,40.0,13.0
-44.0,42.0,14.0
-45.0,43.0,14.0
-47.0,41.0,13.0
-49.0,43.0,12.0
-45.0,43.0,14.0
-49.0,42.0,12.0
-49.0,43.0,10.0
-46.0,42.0,14.0
-49.0,42.0,12.0
-49.0,43.0,11.0
-46.0,44.0,14.0
-44.0,43.0,15.0
-50.0,45.0,6.0
-54.0,46.0,2.0
-51.0,41.0,8.0
-51.0,40.0,11.0
-42.0,44.0,5.0
-48.0,47.0,10.0
-15.0,50.0,-16.0
-32.0,41.0,5.0
-38.0,42.0,6.0
-58.0,39.0,2.0
-62.0,38.0,-1.0
-66.0,30.0,3.0
-72.0,27.0,5.0
-76.0,25.0,0.0
-58.0,29.0,-9.0
-48.0,32.0,-10.0
-45.0,36.0,-10.0
-46.0,60.0,-22.0
-56.0,50.0,3.0
-45.0,43.0,4.0
-48.0,42.0,-5.0
-47.0,43.0,0.0
-47.0,43.0,-2.0
-47.0,43.0,2.0
-48.0,42.0,3.0
-50.0,41.0,3.0
-50.0,41.0,2.0
-49.0,42.0,1.0
-49.0,42.0,3.0
-51.0,43.0,5.0
-58.0,44.0,9.0
-59.0,41.0,16.0
-65.0,37.0,13.0
-61.0,40.0,-12.0
-59.0,41.0,-16.0
-23.0,33.0,-13.0
-20.0,30.0,-17.0
-40.0,42.0,-17.0
-56.0,54.0,11.0
-66.0,43.0,24.0
-60.0,45.0,4.0
-47.0,46.0,9.0
-46.0,44.0,8.0
-45.0,45.0,9.0
-36.0,47.0,14.0
-42.0,44.0,11.0
-42.0,45.0,11.0
-47.0,46.0,7.0
-49.0,42.0,7.0
-48.0,43.0,7.0
-51.0,44.0,6.0
-49.0,43.0,8.0
-40.0,42.0,16.0
-45.0,42.0,13.0
-51.0,40.0,12.0
-44.0,43.0,10.0
-47.0,42.0,9.0
-48.0,42.0,6.0
-55.0,42.0,2.0
-56.0,40.0,4.0
-45.0,43.0,8.0
-48.0,40.0,9.0
-48.0,38.0,13.0
-51.0,43.0,7.0
-51.0,40.0,7.0
-46.0,40.0,12.0
-53.0,40.0,6.0
-55.0,41.0,3.0
-50.0,40.0,7.0
-51.0,38.0,8.0
-47.0,40.0,11.0
-47.0,42.0,7.0
-48.0,42.0,10.0
-48.0,43.0,7.0
-49.0,42.0,7.0
-47.0,44.0,8.0
-50.0,42.0,5.0
-49.0,42.0,7.0
-49.0,41.0,8.0
-50.0,43.0,7.0
-51.0,41.0,7.0
-46.0,42.0,10.0
-44.0,42.0,11.0
-48.0,43.0,7.0
-52.0,40.0,6.0
-46.0,41.0,9.0
-48.0,42.0,9.0
-48.0,43.0,8.0
-48.0,40.0,8.0
-54.0,42.0,8.0
-47.0,40.0,11.0
-50.0,41.0,9.0
-49.0,40.0,8.0
-57.0,40.0,3.0
-46.0,42.0,10.0
-48.0,42.0,8.0
-49.0,44.0,9.0
-45.0,44.0,13.0
-45.0,43.0,9.0
-49.0,42.0,12.0
-50.0,44.0,11.0
-49.0,43.0,10.0
-48.0,45.0,11.0
-49.0,44.0,16.0
-44.0,46.0,15.0
-39.0,43.0,17.0
-43.0,45.0,16.0
-43.0,46.0,15.0
-42.0,45.0,12.0
-39.0,43.0,16.0
-44.0,46.0,17.0
-48.0,48.0,13.0
-37.0,41.0,23.0
-50.0,47.0,18.0
-42.0,43.0,19.0
-45.0,43.0,20.0
-44.0,41.0,20.0
-43.0,39.0,21.0
-44.0,44.0,24.0
-43.0,46.0,22.0
-41.0,44.0,26.0
-41.0,44.0,26.0
-43.0,45.0,22.0
-40.0,43.0,25.0
-43.0,44.0,21.0
-43.0,43.0,20.0
-46.0,44.0,20.0
-45.0,43.0,20.0
-42.0,45.0,21.0
-42.0,42.0,23.0
-43.0,41.0,21.0
-40.0,42.0,25.0
-37.0,43.0,24.0
-45.0,42.0,17.0
-56.0,42.0,12.0
-50.0,39.0,19.0
-50.0,40.0,18.0
-44.0,41.0,20.0
-46.0,40.0,23.0
-45.0,42.0,17.0
-42.0,43.0,21.0
-44.0,40.0,20.0
-46.0,39.0,19.0
-49.0,43.0,20.0
-44.0,41.0,22.0
-47.0,42.0,19.0
-44.0,43.0,20.0
-40.0,46.0,21.0
-43.0,46.0,18.0
-42.0,44.0,21.0
-43.0,43.0,21.0
-46.0,42.0,18.0
-46.0,41.0,21.0
-41.0,42.0,23.0
-46.0,42.0,20.0
-42.0,41.0,24.0
-40.0,40.0,24.0
-40.0,42.0,24.0
-41.0,45.0,19.0
-46.0,42.0,18.0
-50.0,41.0,18.0
-48.0,44.0,16.0
-49.0,39.0,19.0
-51.0,41.0,17.0
-47.0,42.0,20.0
-39.0,38.0,25.0
-53.0,37.0,20.0
-52.0,41.0,20.0
-44.0,40.0,25.0
-48.0,41.0,22.0
-39.0,45.0,22.0
-40.0,42.0,23.0
-42.0,45.0,20.0
-42.0,44.0,21.0
-44.0,44.0,17.0
-47.0,43.0,16.0
-45.0,39.0,23.0
-47.0,40.0,20.0
-52.0,37.0,17.0
-48.0,40.0,19.0
-51.0,37.0,17.0
-50.0,39.0,18.0
-43.0,44.0,17.0
-45.0,42.0,16.0
-45.0,41.0,19.0
-45.0,43.0,15.0
-48.0,38.0,18.0
-51.0,39.0,18.0
-47.0,40.0,18.0
-44.0,38.0,21.0
-49.0,41.0,19.0
-49.0,38.0,20.0
-50.0,39.0,20.0
-46.0,44.0,18.0
-46.0,40.0,19.0
-41.0,44.0,20.0
-42.0,42.0,20.0
-46.0,44.0,18.0
-45.0,42.0,17.0
-43.0,39.0,21.0
-48.0,40.0,20.0
-49.0,41.0,13.0
-46.0,41.0,18.0
-51.0,40.0,15.0
-54.0,40.0,14.0
-45.0,38.0,21.0
-45.0,39.0,20.0
-50.0,37.0,17.0
-52.0,39.0,15.0
-50.0,39.0,14.0
-51.0,39.0,14.0
-53.0,38.0,13.0
-48.0,38.0,18.0
-46.0,42.0,15.0
-47.0,39.0,16.0
-51.0,38.0,18.0
-54.0,38.0,14.0
-48.0,40.0,17.0
-52.0,39.0,15.0
-49.0,42.0,15.0
-41.0,43.0,18.0
-45.0,43.0,19.0
-43.0,42.0,19.0
-43.0,42.0,22.0
-48.0,41.0,19.0
-46.0,41.0,19.0
-50.0,41.0,19.0
-43.0,41.0,20.0
-44.0,40.0,22.0
-44.0,39.0,20.0
-47.0,39.0,20.0
-48.0,40.0,18.0
-43.0,41.0,21.0
-46.0,43.0,17.0
-53.0,41.0,16.0
-44.0,41.0,16.0
-50.0,40.0,15.0
-53.0,39.0,14.0
-47.0,40.0,18.0
-48.0,41.0,17.0
-48.0,37.0,18.0
-47.0,39.0,18.0
-46.0,41.0,20.0
-42.0,43.0,20.0
-50.0,42.0,13.0
-45.0,41.0,16.0
-44.0,41.0,21.0
-48.0,42.0,17.0
-47.0,42.0,18.0
-49.0,41.0,16.0
-47.0,41.0,17.0
-48.0,40.0,17.0
-48.0,42.0,16.0
-44.0,39.0,21.0
-46.0,40.0,20.0
-46.0,39.0,18.0
-49.0,40.0,17.0
-51.0,40.0,15.0
-46.0,40.0,14.0
-51.0,40.0,15.0
-45.0,41.0,15.0
-50.0,38.0,15.0
-55.0,39.0,12.0
-45.0,40.0,13.0
-49.0,41.0,15.0
-53.0,40.0,11.0
-49.0,41.0,10.0
-47.0,39.0,17.0
-51.0,39.0,13.0
-49.0,40.0,17.0
-48.0,42.0,14.0
-45.0,45.0,12.0
-47.0,41.0,15.0
-51.0,42.0,13.0
-50.0,41.0,13.0
-46.0,40.0,19.0
-46.0,43.0,14.0
-50.0,41.0,15.0
-45.0,42.0,18.0
-46.0,41.0,16.0
-48.0,41.0,18.0
-48.0,42.0,17.0
-51.0,37.0,18.0
-40.0,43.0,20.0
-52.0,42.0,14.0
-53.0,39.0,12.0
-38.0,42.0,24.0
-46.0,43.0,17.0
-47.0,38.0,19.0
-46.0,37.0,22.0
-51.0,40.0,14.0
-49.0,40.0,17.0
-52.0,39.0,17.0
-49.0,41.0,12.0
-44.0,39.0,22.0
-46.0,40.0,21.0
-47.0,39.0,18.0
-52.0,40.0,17.0
-47.0,41.0,18.0
-44.0,41.0,20.0
-48.0,43.0,17.0
-46.0,42.0,18.0
-43.0,43.0,19.0
-46.0,43.0,16.0
-42.0,41.0,24.0
-43.0,40.0,22.0
-46.0,45.0,17.0
-46.0,41.0,20.0
-46.0,41.0,20.0
-41.0,42.0,24.0
-42.0,42.0,21.0
-42.0,42.0,22.0
-41.0,41.0,20.0
-45.0,41.0,18.0
-48.0,38.0,21.0
-49.0,41.0,19.0
-45.0,40.0,18.0
-44.0,41.0,19.0
-51.0,42.0,13.0
-48.0,38.0,21.0
-48.0,41.0,20.0
-45.0,41.0,18.0
-42.0,41.0,21.0
-49.0,41.0,18.0
-50.0,43.0,14.0
-45.0,41.0,21.0
-45.0,42.0,18.0
-45.0,42.0,18.0
-42.0,42.0,21.0
-48.0,43.0,16.0
-46.0,42.0,19.0
-45.0,43.0,20.0
-47.0,42.0,18.0
-45.0,42.0,20.0
-43.0,41.0,22.0
-43.0,42.0,23.0
-46.0,40.0,21.0
-50.0,37.0,21.0
-45.0,41.0,20.0
-46.0,40.0,20.0
-47.0,39.0,21.0
-48.0,40.0,19.0
-45.0,41.0,15.0
-50.0,40.0,16.0
-48.0,38.0,17.0
-50.0,40.0,16.0
-46.0,41.0,19.0
-46.0,41.0,19.0
-47.0,39.0,20.0
-50.0,41.0,18.0
-44.0,42.0,20.0
-45.0,42.0,19.0
-48.0,41.0,18.0
-45.0,42.0,19.0
-45.0,41.0,21.0
-44.0,42.0,20.0
-45.0,42.0,20.0
-46.0,42.0,20.0
-45.0,44.0,16.0
-43.0,41.0,19.0
-46.0,41.0,19.0
-46.0,41.0,18.0
-45.0,39.0,21.0
-49.0,39.0,19.0
-48.0,39.0,18.0
-49.0,39.0,17.0
-49.0,42.0,15.0
-48.0,40.0,18.0
-47.0,42.0,17.0
-48.0,42.0,16.0
-49.0,42.0,17.0
-42.0,41.0,19.0
-43.0,39.0,21.0
-45.0,40.0,21.0
-46.0,39.0,20.0
-48.0,39.0,19.0
-48.0,41.0,18.0
-45.0,41.0,19.0
-45.0,42.0,19.0
-46.0,43.0,18.0
-46.0,41.0,19.0
-41.0,45.0,17.0
-43.0,42.0,20.0
-47.0,43.0,17.0
-48.0,44.0,13.0
-44.0,41.0,20.0
-46.0,42.0,18.0
-46.0,41.0,18.0
-46.0,43.0,21.0
-48.0,42.0,15.0
-43.0,41.0,18.0
-46.0,41.0,18.0
-45.0,42.0,17.0
-50.0,40.0,17.0
-49.0,39.0,17.0
-54.0,39.0,11.0
-49.0,42.0,16.0
-39.0,45.0,19.0
-47.0,41.0,15.0
-44.0,41.0,20.0
-53.0,41.0,15.0
-51.0,41.0,13.0
-45.0,41.0,20.0
-49.0,42.0,15.0
-41.0,44.0,18.0
-42.0,42.0,20.0
-46.0,44.0,17.0
-47.0,41.0,17.0
-45.0,42.0,20.0
-46.0,41.0,17.0
-46.0,43.0,17.0
-44.0,42.0,20.0
-49.0,41.0,18.0
-46.0,42.0,19.0
-43.0,42.0,21.0
-43.0,43.0,19.0
-40.0,42.0,24.0
-43.0,41.0,20.0
-46.0,42.0,18.0
-43.0,41.0,19.0
-52.0,41.0,14.0
-50.0,41.0,16.0
-45.0,42.0,21.0
-47.0,43.0,15.0
-44.0,40.0,20.0
-44.0,41.0,18.0
-49.0,36.0,20.0
-45.0,42.0,17.0
-45.0,40.0,20.0
-46.0,42.0,19.0
-47.0,46.0,14.0
-44.0,45.0,19.0
-44.0,45.0,14.0
-42.0,42.0,20.0
-45.0,44.0,16.0
-50.0,39.0,17.0
-47.0,40.0,18.0
-49.0,39.0,17.0
-46.0,38.0,19.0
-43.0,40.0,18.0
-52.0,40.0,14.0
-45.0,42.0,16.0
-46.0,42.0,16.0
-53.0,39.0,13.0
-49.0,40.0,13.0
-49.0,40.0,15.0
-52.0,41.0,11.0
-46.0,40.0,19.0
-52.0,38.0,18.0
-49.0,41.0,13.0
-44.0,39.0,17.0
-53.0,38.0,15.0
-48.0,36.0,20.0
-46.0,44.0,16.0
-50.0,43.0,12.0
-41.0,42.0,21.0
-39.0,44.0,20.0
-49.0,42.0,15.0
-47.0,43.0,16.0
-47.0,43.0,14.0
-47.0,43.0,17.0
-44.0,44.0,17.0
-42.0,41.0,19.0
-47.0,40.0,18.0
-47.0,41.0,18.0
-47.0,40.0,17.0
-49.0,37.0,19.0
-42.0,45.0,16.0
-47.0,38.0,19.0
-53.0,39.0,15.0
-42.0,43.0,18.0
-47.0,42.0,17.0
-48.0,38.0,16.0
-47.0,40.0,19.0
-48.0,39.0,16.0
-48.0,37.0,17.0
-49.0,40.0,18.0
-52.0,39.0,17.0
-52.0,42.0,13.0
-43.0,42.0,17.0
-48.0,43.0,16.0
-45.0,41.0,18.0
-46.0,44.0,16.0
-45.0,40.0,18.0
-49.0,41.0,14.0
-50.0,38.0,19.0
-48.0,40.0,16.0
-50.0,38.0,15.0
-46.0,40.0,19.0
-50.0,38.0,16.0
-51.0,39.0,15.0
-42.0,43.0,19.0
-48.0,42.0,17.0
-46.0,42.0,21.0
-42.0,43.0,10.0
-47.0,40.0,13.0
-52.0,40.0,14.0
-44.0,40.0,19.0
-45.0,38.0,19.0
-51.0,36.0,17.0
-48.0,37.0,21.0
-47.0,40.0,16.0
-44.0,41.0,21.0
-51.0,40.0,14.0
-49.0,41.0,15.0
-51.0,41.0,16.0
-47.0,39.0,18.0
-47.0,43.0,16.0
-47.0,39.0,19.0
-53.0,41.0,14.0
-42.0,42.0,19.0
-41.0,42.0,21.0
-42.0,40.0,23.0
-44.0,40.0,22.0
-48.0,40.0,18.0
-47.0,40.0,19.0
-45.0,39.0,21.0
-48.0,42.0,15.0
-48.0,42.0,13.0
-50.0,41.0,11.0
-52.0,37.0,16.0
-49.0,43.0,13.0
-50.0,37.0,17.0
-48.0,36.0,21.0
-49.0,39.0,14.0
-51.0,41.0,12.0
-51.0,38.0,14.0
-54.0,40.0,12.0
-44.0,42.0,19.0
-42.0,37.0,21.0
-58.0,39.0,11.0
-47.0,42.0,13.0
-43.0,43.0,18.0
-46.0,41.0,15.0
-44.0,42.0,17.0
-45.0,42.0,17.0
-47.0,40.0,14.0
-43.0,40.0,21.0
-58.0,43.0,9.0
-55.0,39.0,13.0
-39.0,43.0,19.0
-44.0,43.0,16.0
-47.0,40.0,17.0
-49.0,41.0,16.0
-48.0,39.0,16.0
-49.0,40.0,13.0
-51.0,41.0,12.0
-46.0,39.0,19.0
-48.0,41.0,17.0
-44.0,38.0,19.0
-46.0,37.0,17.0
-55.0,38.0,13.0
-52.0,39.0,15.0
-49.0,35.0,16.0
-53.0,42.0,14.0
-46.0,40.0,14.0
-48.0,40.0,17.0
-42.0,43.0,18.0
-43.0,40.0,19.0
-46.0,41.0,17.0
-47.0,39.0,15.0
-48.0,42.0,17.0
-48.0,41.0,16.0
-47.0,40.0,19.0
-49.0,41.0,18.0
-49.0,38.0,19.0
-45.0,39.0,19.0
-43.0,42.0,16.0
-49.0,40.0,15.0
-52.0,37.0,13.0
-59.0,37.0,13.0
-52.0,37.0,18.0
-50.0,38.0,16.0
-49.0,39.0,18.0
-47.0,36.0,21.0
-51.0,32.0,22.0
-49.0,39.0,16.0
-47.0,41.0,17.0
-50.0,37.0,17.0
-52.0,41.0,15.0
-48.0,40.0,16.0
-47.0,40.0,17.0
-47.0,41.0,17.0
-47.0,41.0,15.0
-46.0,41.0,16.0
-48.0,40.0,14.0
-50.0,42.0,13.0
-49.0,38.0,16.0
-47.0,41.0,17.0
-46.0,43.0,16.0
-46.0,40.0,17.0
-48.0,41.0,16.0
-45.0,40.0,18.0
-50.0,40.0,15.0
-53.0,41.0,11.0
-53.0,40.0,13.0
-51.0,39.0,17.0
-49.0,41.0,16.0
-48.0,38.0,19.0
-47.0,37.0,22.0
-45.0,38.0,21.0
-44.0,36.0,22.0
-50.0,41.0,15.0
-55.0,41.0,12.0
-48.0,40.0,16.0
-47.0,43.0,16.0
-44.0,42.0,18.0
-43.0,43.0,17.0
-47.0,41.0,17.0
-52.0,42.0,14.0
-51.0,40.0,12.0
-48.0,40.0,15.0
-45.0,42.0,19.0
-54.0,42.0,11.0
-51.0,42.0,14.0
-45.0,40.0,19.0
-39.0,39.0,23.0
-45.0,40.0,17.0
-46.0,40.0,17.0
-53.0,39.0,15.0
-54.0,39.0,13.0
-47.0,42.0,15.0
-49.0,42.0,15.0
-44.0,40.0,20.0
-46.0,40.0,18.0
-47.0,38.0,20.0
-50.0,36.0,19.0
-51.0,40.0,17.0
-43.0,42.0,21.0
-41.0,42.0,22.0
-44.0,42.0,19.0
-44.0,44.0,19.0
-45.0,43.0,18.0
-45.0,42.0,17.0
-45.0,43.0,16.0
-46.0,40.0,17.0
-50.0,37.0,19.0
-50.0,36.0,18.0
-46.0,39.0,21.0
-54.0,38.0,15.0
-52.0,37.0,17.0
-45.0,37.0,19.0
-48.0,42.0,12.0
-52.0,41.0,12.0
-50.0,41.0,14.0
-44.0,39.0,17.0
-45.0,39.0,15.0
-54.0,37.0,11.0
-55.0,37.0,11.0
-54.0,36.0,12.0
-51.0,36.0,16.0
-50.0,37.0,15.0
-52.0,41.0,12.0
-43.0,39.0,16.0
-54.0,39.0,12.0
-51.0,37.0,15.0
-48.0,38.0,18.0
-48.0,39.0,17.0
-52.0,39.0,12.0
-49.0,39.0,15.0
-52.0,38.0,14.0
-50.0,39.0,14.0
-46.0,42.0,16.0
-49.0,39.0,16.0
-49.0,41.0,15.0
-48.0,42.0,13.0
-51.0,41.0,9.0
-47.0,39.0,15.0
-47.0,41.0,11.0
-52.0,36.0,15.0
-57.0,37.0,10.0
-52.0,32.0,14.0
-52.0,39.0,16.0
-49.0,37.0,15.0
-54.0,37.0,11.0
-47.0,39.0,18.0
-49.0,39.0,15.0
-45.0,42.0,15.0
-43.0,39.0,17.0
-47.0,44.0,13.0
-44.0,42.0,15.0
-46.0,44.0,15.0
-45.0,41.0,14.0
-49.0,41.0,13.0
-51.0,40.0,14.0
-52.0,41.0,10.0
-48.0,39.0,15.0
-46.0,41.0,16.0
-46.0,40.0,15.0
-51.0,40.0,13.0
-48.0,40.0,16.0
-49.0,40.0,12.0
-46.0,42.0,14.0
-50.0,40.0,12.0
-54.0,39.0,11.0
-47.0,42.0,13.0
-54.0,37.0,14.0
-50.0,38.0,17.0
-48.0,40.0,14.0
-51.0,36.0,13.0
-51.0,39.0,16.0
-53.0,38.0,13.0
-53.0,40.0,13.0
-47.0,40.0,16.0
-39.0,41.0,17.0
-42.0,45.0,14.0
-43.0,42.0,16.0
-48.0,45.0,13.0
-51.0,41.0,14.0
-49.0,40.0,15.0
-47.0,43.0,12.0
-48.0,40.0,13.0
-51.0,44.0,10.0
-51.0,43.0,11.0
-43.0,42.0,16.0
-41.0,41.0,15.0
-50.0,40.0,11.0
-51.0,42.0,10.0
-47.0,40.0,13.0
-50.0,42.0,10.0
-48.0,43.0,10.0
-47.0,42.0,12.0
-51.0,39.0,14.0
-47.0,41.0,15.0
-52.0,39.0,12.0
-49.0,37.0,15.0
-49.0,42.0,13.0
-43.0,43.0,16.0
-45.0,44.0,15.0
-45.0,43.0,13.0
-44.0,45.0,16.0
-45.0,44.0,14.0
-46.0,43.0,15.0
-47.0,42.0,15.0
-48.0,42.0,12.0
-47.0,42.0,13.0
-48.0,42.0,14.0
-46.0,41.0,16.0
-45.0,41.0,19.0
-46.0,43.0,14.0
-43.0,41.0,18.0
-50.0,42.0,14.0
-46.0,40.0,15.0
-49.0,41.0,13.0
-49.0,43.0,12.0
-51.0,39.0,12.0
-50.0,40.0,14.0
-48.0,40.0,15.0
-47.0,38.0,18.0
-47.0,40.0,15.0
-51.0,39.0,15.0
-51.0,40.0,16.0
-49.0,41.0,14.0
-48.0,42.0,16.0
-47.0,43.0,16.0
-46.0,43.0,17.0
-42.0,42.0,18.0
-46.0,43.0,19.0
-51.0,43.0,11.0
-48.0,42.0,16.0
-50.0,41.0,12.0
-45.0,40.0,17.0
-45.0,42.0,18.0
-47.0,39.0,19.0
-46.0,41.0,19.0
-41.0,43.0,18.0
-51.0,41.0,13.0
-46.0,39.0,18.0
-53.0,40.0,11.0
-51.0,40.0,11.0
-48.0,44.0,12.0
-52.0,42.0,11.0
-46.0,41.0,18.0
-48.0,41.0,15.0
-50.0,38.0,15.0
-51.0,39.0,16.0
-52.0,38.0,14.0
-50.0,38.0,17.0
-46.0,41.0,15.0
-45.0,37.0,18.0
-46.0,46.0,16.0
-45.0,42.0,14.0
-46.0,43.0,17.0
-43.0,46.0,17.0
-47.0,41.0,18.0
-47.0,42.0,16.0
-46.0,40.0,19.0
-46.0,40.0,20.0
-46.0,39.0,18.0
-44.0,39.0,22.0
-45.0,43.0,18.0
-47.0,41.0,16.0
-45.0,42.0,18.0
-50.0,40.0,14.0
-50.0,41.0,15.0
-47.0,41.0,15.0
-50.0,40.0,18.0
-48.0,38.0,19.0
-44.0,42.0,19.0
-46.0,41.0,15.0
-49.0,42.0,14.0
-49.0,40.0,18.0
-47.0,41.0,20.0
-48.0,41.0,18.0
-44.0,41.0,16.0
-44.0,43.0,19.0
-46.0,43.0,18.0
-48.0,41.0,17.0
-50.0,40.0,17.0
-45.0,40.0,21.0
-42.0,38.0,24.0
-46.0,40.0,19.0
-48.0,40.0,16.0
-46.0,42.0,18.0
-45.0,43.0,17.0
-47.0,41.0,16.0
-51.0,43.0,12.0
-47.0,40.0,14.0
-51.0,40.0,13.0
-50.0,40.0,15.0
-48.0,40.0,17.0
-49.0,40.0,15.0
-47.0,38.0,17.0
-47.0,38.0,19.0
-57.0,38.0,11.0
-56.0,37.0,12.0
-49.0,38.0,17.0
-51.0,39.0,13.0
-45.0,42.0,15.0
-43.0,44.0,17.0
-48.0,41.0,17.0
-46.0,39.0,17.0
-49.0,38.0,14.0
-53.0,39.0,15.0
-48.0,42.0,14.0
-51.0,41.0,12.0
-49.0,39.0,15.0
-48.0,40.0,15.0
-46.0,40.0,17.0
-47.0,41.0,17.0
-51.0,39.0,12.0
-46.0,39.0,16.0
-48.0,39.0,12.0
-50.0,38.0,14.0
-50.0,41.0,12.0
-53.0,36.0,16.0
-49.0,40.0,15.0
-52.0,38.0,12.0
-53.0,35.0,15.0
-48.0,39.0,17.0
-49.0,40.0,15.0
-48.0,43.0,15.0
-43.0,43.0,15.0
-47.0,42.0,15.0
-46.0,42.0,15.0
-46.0,41.0,15.0
-50.0,42.0,14.0
-47.0,41.0,15.0
-47.0,40.0,17.0
-48.0,39.0,16.0
-46.0,39.0,18.0
-51.0,42.0,12.0
-48.0,40.0,14.0
-46.0,40.0,16.0
-48.0,40.0,17.0
-49.0,42.0,13.0
-45.0,41.0,16.0
-51.0,39.0,12.0
-51.0,41.0,11.0
-51.0,41.0,13.0
-50.0,40.0,14.0
-46.0,39.0,17.0
-51.0,38.0,13.0
-51.0,39.0,17.0
-48.0,41.0,16.0
-48.0,39.0,17.0
-43.0,44.0,19.0
-47.0,42.0,14.0
-43.0,41.0,21.0
-41.0,42.0,21.0
-49.0,43.0,12.0
-49.0,41.0,17.0
-47.0,43.0,15.0
-47.0,41.0,17.0
-46.0,43.0,18.0
-47.0,41.0,16.0
-45.0,42.0,18.0
-43.0,43.0,18.0
-46.0,40.0,17.0
-50.0,42.0,12.0
-48.0,42.0,14.0
-45.0,43.0,14.0
-52.0,41.0,12.0
-49.0,41.0,14.0
-49.0,41.0,16.0
-44.0,41.0,18.0
-48.0,38.0,17.0
-52.0,42.0,9.0
-48.0,38.0,18.0
-53.0,42.0,13.0
-50.0,38.0,16.0
-43.0,43.0,18.0
-46.0,41.0,16.0
-50.0,43.0,12.0
-43.0,42.0,17.0
-48.0,41.0,14.0
-46.0,39.0,16.0
-48.0,42.0,13.0
-47.0,41.0,15.0
-46.0,42.0,16.0
-48.0,40.0,13.0
-46.0,40.0,18.0
-49.0,41.0,15.0
-47.0,42.0,14.0
-49.0,43.0,13.0
-51.0,41.0,11.0
-48.0,42.0,11.0
-50.0,42.0,14.0
-50.0,40.0,14.0
-47.0,41.0,18.0
-45.0,40.0,17.0
-49.0,38.0,14.0
-49.0,41.0,15.0
-51.0,42.0,15.0
-49.0,43.0,15.0
-46.0,42.0,16.0
-43.0,41.0,19.0
-44.0,42.0,18.0
-48.0,41.0,18.0
-49.0,42.0,13.0
-48.0,40.0,17.0
-45.0,44.0,16.0
-47.0,41.0,16.0
-43.0,41.0,19.0
-45.0,42.0,18.0
-51.0,41.0,13.0
-47.0,40.0,18.0
-47.0,40.0,18.0
-45.0,42.0,14.0
-47.0,41.0,15.0
-51.0,41.0,13.0
-52.0,39.0,14.0
-48.0,43.0,14.0
-48.0,40.0,16.0
-44.0,40.0,22.0
-49.0,39.0,16.0
-52.0,38.0,14.0
-45.0,40.0,21.0
-49.0,41.0,17.0
-44.0,40.0,21.0
-40.0,42.0,22.0
-45.0,42.0,20.0
-44.0,43.0,19.0
-46.0,45.0,16.0
-44.0,41.0,20.0
-45.0,41.0,19.0
-46.0,41.0,19.0
-47.0,39.0,20.0
-50.0,41.0,16.0
-46.0,39.0,20.0
-47.0,41.0,16.0
-46.0,41.0,17.0
-46.0,42.0,16.0
-48.0,39.0,16.0
-53.0,38.0,14.0
-52.0,40.0,14.0
-48.0,41.0,15.0
-52.0,38.0,16.0
-48.0,42.0,15.0
-49.0,42.0,13.0
-47.0,39.0,15.0
-51.0,37.0,19.0
-53.0,40.0,16.0
-45.0,44.0,18.0
-42.0,42.0,19.0
-41.0,43.0,18.0
-41.0,42.0,21.0
-48.0,43.0,17.0
-50.0,41.0,14.0
-55.0,40.0,13.0
-49.0,38.0,18.0
-50.0,40.0,16.0
-50.0,39.0,14.0
-41.0,41.0,21.0
-44.0,40.0,19.0
-48.0,41.0,15.0
-49.0,41.0,14.0
-47.0,41.0,14.0
-47.0,40.0,14.0
-55.0,38.0,12.0
-54.0,37.0,17.0
-49.0,34.0,19.0
-52.0,36.0,22.0
-55.0,40.0,9.0
-49.0,40.0,13.0
-43.0,38.0,25.0
-47.0,42.0,16.0
-49.0,40.0,17.0
-44.0,43.0,18.0
-43.0,40.0,19.0
-46.0,43.0,17.0
-47.0,41.0,18.0
-50.0,41.0,16.0
-48.0,38.0,18.0
-49.0,39.0,17.0
-48.0,40.0,15.0
-45.0,36.0,22.0
-50.0,41.0,15.0
-47.0,36.0,19.0
-46.0,38.0,20.0
-48.0,39.0,16.0
-50.0,40.0,14.0
-52.0,40.0,12.0
-48.0,38.0,14.0
-50.0,38.0,15.0
-55.0,39.0,13.0
-51.0,37.0,19.0
-47.0,37.0,20.0
-48.0,38.0,17.0
-44.0,37.0,18.0
-59.0,36.0,12.0
-54.0,37.0,15.0
-44.0,40.0,17.0
-46.0,42.0,17.0
-47.0,41.0,17.0
-46.0,43.0,16.0
-47.0,41.0,17.0
-49.0,40.0,16.0
-48.0,40.0,15.0
-48.0,40.0,16.0
-48.0,39.0,17.0
-45.0,42.0,18.0
-43.0,41.0,20.0
-47.0,39.0,18.0
-50.0,39.0,16.0
-50.0,39.0,14.0
-47.0,41.0,12.0
-50.0,40.0,12.0
-52.0,40.0,12.0
-51.0,41.0,15.0
-49.0,39.0,16.0
-50.0,38.0,14.0
-47.0,40.0,14.0
-50.0,36.0,17.0
-56.0,40.0,13.0
-49.0,40.0,12.0
-52.0,40.0,15.0
-42.0,44.0,16.0
-44.0,41.0,16.0
-47.0,42.0,14.0
-46.0,41.0,19.0
-52.0,41.0,12.0
-48.0,40.0,14.0
-47.0,42.0,16.0
-50.0,37.0,15.0
-50.0,41.0,16.0
-48.0,38.0,17.0
-48.0,39.0,15.0
-50.0,39.0,15.0
-53.0,38.0,14.0
-50.0,42.0,12.0
-47.0,40.0,14.0
-55.0,40.0,10.0
-50.0,39.0,14.0
-50.0,38.0,13.0
-55.0,37.0,10.0
-51.0,34.0,20.0
-52.0,42.0,12.0
-52.0,36.0,14.0
-50.0,42.0,15.0
-44.0,39.0,19.0
-45.0,43.0,15.0
-47.0,40.0,16.0
-46.0,40.0,18.0
-49.0,40.0,13.0
-51.0,40.0,13.0
-48.0,40.0,17.0
-49.0,40.0,16.0
-51.0,38.0,17.0
-47.0,38.0,18.0
-47.0,38.0,17.0
-50.0,40.0,15.0
-50.0,37.0,13.0
-52.0,38.0,12.0
-50.0,38.0,17.0
-49.0,39.0,15.0
-49.0,38.0,15.0
-48.0,39.0,13.0
-50.0,36.0,15.0
-52.0,38.0,16.0
-47.0,38.0,20.0
-50.0,42.0,11.0
-50.0,41.0,9.0
-46.0,42.0,17.0
-47.0,41.0,15.0
-45.0,40.0,20.0
-45.0,42.0,16.0
-49.0,39.0,16.0
-44.0,42.0,18.0
-56.0,38.0,9.0
-56.0,35.0,14.0
-44.0,42.0,17.0
-49.0,38.0,15.0
-47.0,39.0,15.0
-50.0,40.0,14.0
-50.0,38.0,14.0
-52.0,40.0,13.0
-50.0,39.0,15.0
-45.0,41.0,17.0
-48.0,38.0,18.0
-49.0,36.0,16.0
-51.0,41.0,14.0
-51.0,39.0,19.0
-52.0,43.0,9.0
-50.0,41.0,19.0
-41.0,43.0,19.0
-47.0,41.0,19.0
-40.0,42.0,20.0
-48.0,41.0,13.0
-50.0,41.0,16.0
-47.0,40.0,19.0
-47.0,41.0,17.0
-45.0,40.0,19.0
-42.0,40.0,22.0
-47.0,39.0,17.0
-49.0,41.0,17.0
-47.0,41.0,15.0
-51.0,41.0,14.0
-52.0,40.0,14.0
-49.0,42.0,13.0
-47.0,37.0,19.0
-47.0,40.0,21.0
-49.0,36.0,19.0
-49.0,37.0,16.0
-51.0,42.0,17.0
-47.0,42.0,20.0
-52.0,42.0,8.0
-42.0,43.0,17.0
-42.0,43.0,20.0
-46.0,44.0,15.0
-46.0,42.0,19.0
-48.0,43.0,14.0
-47.0,43.0,16.0
-45.0,43.0,17.0
-48.0,40.0,15.0
-46.0,40.0,16.0
-51.0,39.0,14.0
-48.0,40.0,14.0
-48.0,39.0,16.0
-51.0,40.0,13.0
-50.0,40.0,13.0
-50.0,39.0,17.0
-48.0,39.0,16.0
-49.0,38.0,13.0
-53.0,37.0,14.0
-48.0,39.0,19.0
-46.0,39.0,19.0
-45.0,42.0,14.0
-43.0,40.0,19.0
-47.0,46.0,15.0
-50.0,42.0,11.0
-45.0,43.0,19.0
-45.0,42.0,14.0
-48.0,41.0,13.0
-49.0,42.0,17.0
-51.0,40.0,15.0
-51.0,40.0,14.0
-44.0,40.0,19.0
-43.0,43.0,18.0
-44.0,41.0,17.0
-47.0,40.0,16.0
-47.0,42.0,16.0
-52.0,42.0,12.0
-54.0,39.0,14.0
-47.0,36.0,22.0
-41.0,41.0,21.0
-46.0,36.0,21.0
-48.0,39.0,21.0
-42.0,43.0,18.0
-48.0,38.0,17.0
-42.0,45.0,18.0
-39.0,43.0,20.0
-46.0,44.0,15.0
-42.0,43.0,17.0
-48.0,44.0,11.0
-48.0,44.0,14.0
-48.0,42.0,16.0
-49.0,40.0,13.0
-46.0,41.0,17.0
-45.0,40.0,18.0
-49.0,41.0,13.0
-46.0,39.0,17.0
-48.0,41.0,14.0
-51.0,41.0,11.0
-48.0,39.0,19.0
-50.0,42.0,14.0
-50.0,43.0,9.0
-45.0,37.0,16.0
-43.0,37.0,24.0
-42.0,37.0,22.0
-52.0,41.0,16.0
-39.0,41.0,23.0
-46.0,45.0,16.0
-44.0,40.0,21.0
-46.0,46.0,11.0
-39.0,43.0,21.0
-48.0,40.0,18.0
-46.0,38.0,19.0
-52.0,45.0,13.0
-54.0,38.0,14.0
-48.0,41.0,16.0
-43.0,40.0,21.0
-43.0,40.0,20.0
-50.0,42.0,11.0
-53.0,40.0,11.0
-50.0,42.0,14.0
-50.0,39.0,13.0
-43.0,40.0,22.0
-47.0,44.0,16.0
-48.0,37.0,15.0
-44.0,39.0,22.0
-48.0,42.0,16.0
-46.0,39.0,16.0
-45.0,43.0,16.0
-45.0,42.0,18.0
-47.0,41.0,17.0
-49.0,41.0,17.0
-49.0,39.0,18.0
-47.0,42.0,16.0
-44.0,42.0,18.0
-44.0,39.0,22.0
-48.0,37.0,20.0
-49.0,40.0,17.0
-44.0,41.0,17.0
-50.0,39.0,16.0
-52.0,39.0,15.0
-44.0,41.0,17.0
-52.0,41.0,14.0
-52.0,39.0,15.0
-46.0,40.0,17.0
-47.0,37.0,18.0
-51.0,35.0,18.0
-46.0,41.0,18.0
-46.0,42.0,18.0
-47.0,44.0,14.0
-42.0,40.0,17.0
-48.0,42.0,18.0
-51.0,39.0,14.0
-46.0,40.0,20.0
-48.0,42.0,16.0
-46.0,38.0,16.0
-49.0,43.0,19.0
-46.0,39.0,17.0
-47.0,40.0,16.0
-47.0,42.0,17.0
-52.0,40.0,12.0
-49.0,38.0,15.0
-48.0,40.0,14.0
-50.0,39.0,12.0
-54.0,38.0,12.0
-52.0,38.0,15.0
-48.0,37.0,17.0
-50.0,40.0,13.0
-53.0,38.0,11.0
-52.0,41.0,17.0
-49.0,40.0,13.0
-49.0,41.0,12.0
-44.0,41.0,17.0
-45.0,40.0,17.0
-47.0,42.0,13.0
-49.0,41.0,14.0
-52.0,41.0,11.0
-52.0,42.0,12.0
-49.0,41.0,15.0
-46.0,38.0,17.0
-49.0,37.0,17.0
-48.0,39.0,18.0
-49.0,40.0,13.0
-49.0,40.0,16.0
-52.0,42.0,11.0
-50.0,41.0,12.0
-45.0,39.0,21.0
-50.0,42.0,12.0
-48.0,39.0,13.0
-46.0,39.0,20.0
-49.0,39.0,13.0
-46.0,35.0,20.0
-49.0,40.0,13.0
-56.0,43.0,9.0
-50.0,41.0,15.0
-41.0,40.0,19.0
-46.0,43.0,16.0
-45.0,38.0,17.0
-52.0,40.0,14.0
-53.0,42.0,12.0
-43.0,39.0,20.0
-48.0,39.0,14.0
-48.0,40.0,12.0
-46.0,36.0,23.0
-49.0,41.0,15.0
-51.0,37.0,14.0
-50.0,37.0,17.0
-49.0,40.0,14.0
-51.0,41.0,11.0
-50.0,38.0,18.0
-52.0,38.0,14.0
-48.0,36.0,18.0
-55.0,39.0,17.0
-48.0,39.0,16.0
-42.0,42.0,19.0
-42.0,43.0,19.0
-41.0,42.0,18.0
-47.0,44.0,16.0
-46.0,43.0,17.0
-47.0,42.0,14.0
-56.0,45.0,10.0
-45.0,41.0,20.0
-47.0,40.0,18.0
-44.0,39.0,21.0
-47.0,41.0,18.0
-48.0,40.0,19.0
-48.0,40.0,17.0
-46.0,39.0,18.0
-46.0,40.0,19.0
-50.0,39.0,17.0
-50.0,39.0,15.0
-50.0,38.0,21.0
-49.0,40.0,18.0
-53.0,39.0,15.0
-48.0,39.0,22.0
-45.0,42.0,21.0
-44.0,45.0,15.0
-46.0,42.0,16.0
-41.0,41.0,20.0
-48.0,42.0,17.0
-44.0,40.0,21.0
-46.0,40.0,21.0
-51.0,43.0,15.0
-43.0,43.0,19.0
-45.0,43.0,18.0
-46.0,41.0,16.0
-45.0,40.0,19.0
-50.0,38.0,18.0
-50.0,36.0,22.0
-49.0,38.0,21.0
-43.0,42.0,16.0
-52.0,41.0,17.0
-45.0,41.0,20.0
-42.0,41.0,20.0
-53.0,35.0,17.0
-54.0,38.0,16.0
-50.0,39.0,18.0
-48.0,38.0,22.0
-45.0,44.0,16.0
-44.0,45.0,15.0
-45.0,44.0,13.0
-43.0,40.0,19.0
-45.0,43.0,18.0
-51.0,40.0,13.0
-51.0,41.0,15.0
-49.0,40.0,16.0
-48.0,38.0,19.0
-47.0,41.0,16.0
-50.0,37.0,17.0
-43.0,42.0,18.0
-45.0,41.0,17.0
-47.0,42.0,15.0
-48.0,43.0,13.0
-49.0,38.0,20.0
-52.0,42.0,16.0
-51.0,41.0,15.0
-42.0,39.0,22.0
-46.0,39.0,18.0
-48.0,39.0,15.0
-51.0,37.0,24.0
-50.0,40.0,18.0
-52.0,42.0,11.0
-41.0,43.0,20.0
-45.0,40.0,17.0
-52.0,42.0,15.0
-45.0,43.0,17.0
-45.0,40.0,17.0
-50.0,41.0,12.0
-44.0,39.0,20.0
-48.0,39.0,16.0
-48.0,39.0,18.0
-45.0,39.0,22.0
-47.0,38.0,17.0
-49.0,41.0,15.0
-51.0,38.0,13.0
-45.0,39.0,16.0
-50.0,40.0,13.0
-50.0,37.0,16.0
-45.0,38.0,18.0
-49.0,37.0,14.0
-54.0,37.0,12.0
-56.0,36.0,13.0
-54.0,39.0,13.0
-52.0,36.0,12.0
-49.0,38.0,15.0
-43.0,39.0,19.0
-44.0,43.0,15.0
-45.0,42.0,14.0
-44.0,41.0,16.0
-52.0,42.0,8.0
-45.0,39.0,19.0
-51.0,41.0,11.0
-49.0,39.0,14.0
-44.0,40.0,19.0
-52.0,38.0,14.0
-55.0,37.0,10.0
-48.0,38.0,16.0
-52.0,40.0,12.0
-49.0,38.0,16.0
-50.0,40.0,16.0
-50.0,37.0,16.0
-47.0,41.0,13.0
-48.0,39.0,15.0
-57.0,35.0,18.0
-47.0,40.0,16.0
-54.0,37.0,13.0
-50.0,40.0,15.0
-45.0,41.0,17.0
-46.0,43.0,15.0
-46.0,42.0,17.0
-47.0,42.0,13.0
-48.0,38.0,13.0
-49.0,39.0,17.0
-48.0,38.0,18.0
-51.0,41.0,13.0
-45.0,39.0,19.0
-45.0,40.0,14.0
-48.0,39.0,15.0
-51.0,38.0,13.0
-54.0,37.0,13.0
-49.0,37.0,19.0
-52.0,38.0,11.0
-54.0,37.0,15.0
-53.0,40.0,14.0
-55.0,39.0,11.0
-47.0,41.0,14.0
-43.0,40.0,19.0
-42.0,43.0,19.0
-45.0,44.0,17.0
-47.0,41.0,21.0
-45.0,39.0,20.0
-48.0,42.0,18.0
-46.0,42.0,17.0
-48.0,41.0,13.0
-44.0,41.0,20.0
-46.0,39.0,21.0
-48.0,44.0,14.0
-45.0,40.0,20.0
-46.0,42.0,18.0
-46.0,42.0,15.0
-48.0,40.0,16.0
-51.0,38.0,14.0
-53.0,39.0,15.0
-52.0,38.0,17.0
-52.0,38.0,15.0
-48.0,40.0,17.0
-51.0,40.0,13.0
-46.0,40.0,16.0
-46.0,40.0,23.0
-46.0,46.0,14.0
-46.0,42.0,16.0
-41.0,44.0,20.0
-45.0,41.0,17.0
-49.0,43.0,14.0
-44.0,43.0,19.0
-53.0,42.0,12.0
-42.0,40.0,21.0
-43.0,43.0,21.0
-51.0,39.0,12.0
-43.0,39.0,25.0
-47.0,42.0,17.0
-48.0,40.0,15.0
-44.0,39.0,22.0
-55.0,40.0,11.0
-43.0,39.0,15.0
-47.0,40.0,17.0
-53.0,40.0,14.0
-50.0,38.0,17.0
-48.0,38.0,18.0
-50.0,41.0,15.0
-49.0,39.0,17.0
-50.0,45.0,13.0
-43.0,43.0,17.0
-44.0,41.0,18.0
-45.0,43.0,17.0
-43.0,41.0,20.0
-48.0,43.0,15.0
-46.0,39.0,19.0
-46.0,41.0,20.0
-51.0,41.0,13.0
-47.0,39.0,18.0
-47.0,41.0,16.0
-43.0,40.0,18.0
-49.0,40.0,18.0
-49.0,40.0,14.0
-51.0,38.0,14.0
-49.0,40.0,17.0
-49.0,40.0,13.0
-51.0,39.0,14.0
-50.0,40.0,12.0
-47.0,37.0,17.0
-49.0,39.0,19.0
-50.0,40.0,13.0
-49.0,40.0,14.0
-47.0,41.0,17.0
-48.0,39.0,16.0
-46.0,41.0,18.0
-49.0,43.0,16.0
-50.0,42.0,11.0
-52.0,39.0,13.0
-46.0,40.0,17.0
-56.0,43.0,12.0
-48.0,39.0,18.0
-39.0,37.0,22.0
-47.0,40.0,17.0
-47.0,39.0,15.0
-53.0,40.0,13.0
-50.0,40.0,14.0
-47.0,41.0,16.0
-50.0,40.0,13.0
-47.0,36.0,19.0
-50.0,35.0,18.0
-52.0,37.0,18.0
-51.0,40.0,14.0
-53.0,38.0,11.0
-51.0,40.0,13.0
-43.0,42.0,15.0
-47.0,41.0,16.0
-48.0,42.0,16.0
-49.0,41.0,14.0
-54.0,42.0,9.0
-47.0,40.0,17.0
-47.0,40.0,16.0
-47.0,41.0,15.0
-50.0,39.0,12.0
-46.0,37.0,17.0
-48.0,37.0,19.0
-50.0,39.0,13.0
-53.0,41.0,7.0
-51.0,38.0,15.0
-51.0,39.0,14.0
-52.0,38.0,16.0
-51.0,37.0,17.0
-46.0,36.0,16.0
-49.0,40.0,12.0
-48.0,38.0,22.0
-45.0,41.0,17.0
-51.0,38.0,11.0
-45.0,39.0,19.0
-46.0,41.0,16.0
-46.0,39.0,18.0
-45.0,42.0,18.0
-51.0,39.0,10.0
-45.0,44.0,18.0
-42.0,41.0,21.0
-49.0,40.0,15.0
-47.0,39.0,17.0
-49.0,38.0,15.0
-52.0,39.0,15.0
-46.0,41.0,17.0
-49.0,38.0,16.0
-50.0,37.0,18.0
-50.0,40.0,13.0
-52.0,41.0,12.0
-48.0,35.0,21.0
-53.0,38.0,13.0
-49.0,36.0,21.0
-43.0,39.0,25.0
-52.0,40.0,11.0
-44.0,41.0,15.0
-46.0,42.0,17.0
-48.0,40.0,16.0
-45.0,45.0,16.0
-45.0,42.0,14.0
-48.0,43.0,13.0
-47.0,42.0,17.0
-48.0,42.0,16.0
-46.0,42.0,15.0
-48.0,39.0,17.0
-45.0,41.0,16.0
-48.0,37.0,14.0
-54.0,39.0,12.0
-52.0,38.0,13.0
-53.0,37.0,12.0
-53.0,37.0,14.0
-48.0,36.0,17.0
-55.0,35.0,12.0
-54.0,37.0,12.0
-53.0,37.0,14.0
-53.0,41.0,12.0
-47.0,38.0,14.0
-45.0,41.0,16.0
-47.0,40.0,17.0
-44.0,39.0,19.0
-49.0,42.0,14.0
-52.0,41.0,7.0
-47.0,38.0,18.0
-46.0,43.0,15.0
-54.0,40.0,10.0
-45.0,39.0,19.0
-49.0,42.0,13.0
-48.0,38.0,14.0
-48.0,38.0,15.0
-56.0,38.0,12.0
-52.0,35.0,17.0
-50.0,36.0,18.0
-53.0,38.0,16.0
-49.0,34.0,16.0
-60.0,35.0,12.0
-44.0,45.0,16.0
-40.0,45.0,19.0
-49.0,36.0,16.0
-50.0,45.0,14.0
-47.0,38.0,21.0
-50.0,41.0,18.0
-44.0,38.0,20.0
-51.0,41.0,15.0
-51.0,39.0,16.0
-44.0,44.0,17.0
-45.0,41.0,16.0
-49.0,40.0,17.0
-45.0,39.0,15.0
-52.0,36.0,15.0
-54.0,35.0,17.0
-49.0,38.0,16.0
-53.0,37.0,13.0
-47.0,38.0,15.0
-47.0,38.0,19.0
-54.0,37.0,12.0
-53.0,35.0,16.0
-53.0,37.0,16.0
-55.0,35.0,14.0
-48.0,43.0,11.0
-48.0,38.0,17.0
-48.0,41.0,16.0
-46.0,40.0,16.0
-41.0,41.0,19.0
-45.0,41.0,15.0
-50.0,41.0,16.0
-53.0,44.0,12.0
-50.0,38.0,15.0
-49.0,39.0,16.0
-45.0,39.0,14.0
-47.0,39.0,18.0
-54.0,37.0,11.0
-51.0,34.0,16.0
-51.0,40.0,13.0
-53.0,38.0,14.0
-50.0,40.0,15.0
-47.0,36.0,18.0
-49.0,38.0,17.0
-50.0,39.0,19.0
-49.0,39.0,17.0
-50.0,39.0,12.0
-45.0,40.0,17.0
-46.0,42.0,16.0
-45.0,39.0,17.0
-45.0,42.0,15.0
-51.0,39.0,13.0
-47.0,44.0,17.0
-47.0,44.0,14.0
-44.0,41.0,18.0
-43.0,42.0,17.0
-51.0,40.0,14.0
-48.0,37.0,18.0
-51.0,41.0,12.0
-53.0,36.0,14.0
-51.0,39.0,17.0
-47.0,42.0,14.0
-51.0,33.0,18.0
-47.0,37.0,19.0
-47.0,39.0,16.0
-50.0,37.0,18.0
-49.0,43.0,16.0
-47.0,41.0,13.0
-47.0,42.0,15.0
-42.0,41.0,19.0
-50.0,40.0,15.0
-45.0,40.0,17.0
-46.0,43.0,12.0
-48.0,41.0,16.0
-47.0,42.0,18.0
-50.0,40.0,14.0
-46.0,40.0,16.0
-48.0,38.0,15.0
-53.0,39.0,13.0
-49.0,41.0,16.0
-49.0,41.0,14.0
-47.0,39.0,17.0
-47.0,42.0,16.0
-51.0,38.0,13.0
-49.0,40.0,16.0
-53.0,39.0,15.0
-47.0,40.0,15.0
-50.0,38.0,19.0
-57.0,38.0,14.0
-45.0,40.0,17.0
-47.0,40.0,18.0
-48.0,42.0,12.0
-44.0,41.0,17.0
-46.0,43.0,15.0
-50.0,41.0,9.0
-46.0,44.0,18.0
-42.0,45.0,17.0
-52.0,38.0,12.0
-53.0,39.0,11.0
-47.0,36.0,18.0
-51.0,40.0,12.0
-53.0,37.0,13.0
-49.0,40.0,14.0
-47.0,40.0,14.0
-54.0,43.0,9.0
-48.0,42.0,15.0
-48.0,40.0,15.0
-43.0,38.0,19.0
-57.0,42.0,11.0
-41.0,38.0,24.0
-47.0,41.0,16.0
-47.0,40.0,16.0
-44.0,43.0,16.0
-46.0,41.0,15.0
-44.0,43.0,15.0
-42.0,41.0,16.0
-43.0,41.0,14.0
-45.0,38.0,18.0
-53.0,41.0,13.0
-48.0,38.0,14.0
-52.0,39.0,13.0
-49.0,38.0,14.0
-49.0,38.0,12.0
-53.0,42.0,5.0
-52.0,40.0,10.0
-55.0,38.0,10.0
-49.0,40.0,11.0
-47.0,38.0,17.0
-49.0,37.0,12.0
-51.0,37.0,12.0
-58.0,37.0,9.0
-53.0,43.0,9.0
-44.0,41.0,12.0
-46.0,41.0,14.0
-42.0,42.0,15.0
-49.0,41.0,14.0
-49.0,42.0,12.0
-46.0,40.0,15.0
-48.0,41.0,14.0
-50.0,41.0,10.0
-55.0,39.0,10.0
-48.0,38.0,12.0
-47.0,37.0,15.0
-47.0,38.0,15.0
-49.0,38.0,15.0
-51.0,38.0,12.0
-55.0,37.0,11.0
-50.0,38.0,13.0
-55.0,39.0,10.0
-49.0,37.0,16.0
-50.0,37.0,15.0
-49.0,35.0,14.0
-52.0,32.0,16.0
-53.0,37.0,11.0
-49.0,39.0,15.0
-51.0,36.0,16.0
-51.0,39.0,14.0
-47.0,41.0,16.0
-45.0,40.0,17.0
-49.0,39.0,12.0
-49.0,40.0,13.0
-50.0,41.0,11.0
-50.0,38.0,15.0
-54.0,34.0,17.0
-52.0,34.0,12.0
-54.0,32.0,17.0
-47.0,36.0,18.0
-54.0,39.0,14.0
-47.0,38.0,12.0
-48.0,36.0,15.0
-50.0,43.0,15.0
-42.0,40.0,19.0
-51.0,36.0,16.0
-53.0,34.0,14.0
-54.0,38.0,15.0
-47.0,42.0,16.0
-45.0,38.0,20.0
-42.0,42.0,19.0
-50.0,38.0,13.0
-48.0,45.0,14.0
-54.0,40.0,15.0
-50.0,43.0,15.0
-46.0,40.0,18.0
-35.0,42.0,25.0
-46.0,38.0,13.0
-43.0,36.0,25.0
-56.0,37.0,7.0
-49.0,38.0,15.0
-49.0,35.0,19.0
-51.0,34.0,15.0
-50.0,39.0,16.0
-53.0,36.0,13.0
-46.0,38.0,16.0
-49.0,42.0,12.0
-48.0,40.0,13.0
-53.0,42.0,9.0
-52.0,36.0,11.0
-51.0,37.0,16.0
-52.0,36.0,14.0
-53.0,35.0,14.0
-49.0,38.0,14.0
-51.0,40.0,11.0
-52.0,40.0,12.0
-44.0,41.0,14.0
-45.0,39.0,15.0
-49.0,42.0,15.0
-51.0,40.0,12.0
-52.0,39.0,13.0
-49.0,39.0,17.0
-47.0,36.0,16.0
-50.0,34.0,22.0
-50.0,39.0,14.0
-51.0,40.0,13.0
-43.0,47.0,10.0
-43.0,46.0,8.0
-54.0,36.0,11.0
-58.0,35.0,14.0
-52.0,36.0,16.0
-49.0,37.0,17.0
-46.0,41.0,14.0
-49.0,40.0,10.0
-53.0,40.0,12.0
-51.0,37.0,14.0
-51.0,35.0,18.0
-51.0,41.0,11.0
-56.0,40.0,7.0
-49.0,41.0,15.0
-44.0,39.0,16.0
-49.0,37.0,18.0
-51.0,38.0,18.0
-56.0,37.0,17.0
-52.0,37.0,18.0
-45.0,39.0,20.0
-50.0,40.0,17.0
-45.0,43.0,21.0
-49.0,46.0,11.0
-50.0,40.0,12.0
-44.0,43.0,17.0
-41.0,37.0,15.0
-40.0,37.0,18.0
-57.0,43.0,5.0
-58.0,41.0,10.0
-52.0,40.0,15.0
-50.0,42.0,13.0
-44.0,43.0,15.0
-46.0,41.0,15.0
-52.0,38.0,11.0
-49.0,41.0,15.0
-50.0,38.0,14.0
-50.0,38.0,15.0
-49.0,42.0,13.0
-50.0,39.0,10.0
-44.0,40.0,17.0
-55.0,38.0,11.0
-50.0,39.0,13.0
-50.0,40.0,14.0
-53.0,39.0,13.0
-45.0,42.0,14.0
-45.0,39.0,19.0
-49.0,41.0,13.0
-47.0,40.0,16.0
-48.0,41.0,14.0
-49.0,42.0,13.0
-49.0,42.0,16.0
-45.0,42.0,14.0
-43.0,41.0,18.0
-49.0,43.0,15.0
-48.0,40.0,15.0
-48.0,41.0,18.0
-49.0,42.0,13.0
-47.0,44.0,12.0
-48.0,41.0,16.0
-47.0,41.0,16.0
-44.0,40.0,19.0
-51.0,40.0,17.0
-51.0,39.0,16.0
-47.0,40.0,15.0
-50.0,40.0,14.0
-51.0,40.0,13.0
-46.0,41.0,14.0
-51.0,38.0,13.0
-48.0,42.0,13.0
-51.0,38.0,13.0
-55.0,38.0,11.0
-48.0,41.0,13.0
-51.0,37.0,16.0
-50.0,40.0,15.0
-46.0,39.0,16.0
-47.0,41.0,15.0
-49.0,42.0,15.0
-50.0,39.0,14.0
-48.0,42.0,15.0
-47.0,41.0,16.0
-45.0,40.0,15.0
-45.0,41.0,18.0
-50.0,39.0,16.0
-47.0,42.0,16.0
-48.0,41.0,14.0
-48.0,42.0,13.0
-47.0,41.0,16.0
-48.0,42.0,14.0
-45.0,41.0,17.0
-42.0,40.0,19.0
-48.0,43.0,14.0
-46.0,40.0,18.0
-49.0,40.0,15.0
-49.0,38.0,16.0
-51.0,40.0,15.0
-51.0,39.0,12.0
-51.0,40.0,15.0
-54.0,40.0,12.0
-49.0,41.0,16.0
-44.0,42.0,18.0
-46.0,37.0,19.0
-47.0,39.0,19.0
-47.0,39.0,20.0
-49.0,40.0,18.0
-46.0,42.0,19.0
-45.0,44.0,16.0
-43.0,41.0,20.0
-44.0,43.0,18.0
-48.0,42.0,17.0
-47.0,42.0,17.0
-48.0,43.0,17.0
-48.0,42.0,17.0
-45.0,42.0,18.0
-44.0,41.0,19.0
-44.0,41.0,21.0
-43.0,41.0,22.0
-42.0,40.0,22.0
-44.0,39.0,22.0
-45.0,42.0,19.0
-45.0,41.0,17.0
-45.0,42.0,20.0
-49.0,42.0,16.0
-49.0,41.0,16.0
-45.0,40.0,19.0
-50.0,39.0,17.0
-47.0,38.0,20.0
-48.0,38.0,22.0
-49.0,37.0,20.0
-48.0,38.0,19.0
-47.0,42.0,16.0
-48.0,38.0,19.0
-46.0,42.0,18.0
-43.0,44.0,18.0
-43.0,41.0,19.0
-49.0,43.0,15.0
-45.0,41.0,19.0
-47.0,43.0,18.0
-45.0,39.0,20.0
-41.0,42.0,21.0
-45.0,39.0,17.0
-57.0,44.0,9.0
-44.0,39.0,17.0
-50.0,42.0,16.0
-44.0,40.0,19.0
-45.0,42.0,18.0
-52.0,43.0,12.0
-47.0,41.0,16.0
-49.0,41.0,15.0
-49.0,41.0,14.0
-48.0,41.0,14.0
-51.0,41.0,11.0
-48.0,40.0,16.0
-49.0,40.0,15.0
-47.0,40.0,18.0
-46.0,40.0,17.0
-49.0,40.0,14.0
-46.0,41.0,16.0
-55.0,41.0,13.0
-50.0,42.0,12.0
-41.0,44.0,19.0
-46.0,42.0,16.0
-45.0,43.0,19.0
-47.0,42.0,17.0
-48.0,41.0,16.0
-47.0,42.0,16.0
-46.0,42.0,16.0
-44.0,43.0,19.0
-44.0,41.0,18.0
-44.0,42.0,18.0
-47.0,42.0,15.0
-47.0,41.0,17.0
-49.0,41.0,15.0
-48.0,42.0,15.0
-49.0,40.0,14.0
-46.0,41.0,17.0
-43.0,41.0,18.0
-52.0,40.0,13.0
-51.0,41.0,15.0
-48.0,39.0,18.0
-45.0,38.0,21.0
-48.0,40.0,15.0
-48.0,40.0,17.0
-49.0,42.0,16.0
-46.0,43.0,17.0
-46.0,41.0,17.0
-42.0,43.0,20.0
-45.0,42.0,18.0
-43.0,42.0,19.0
-44.0,43.0,19.0
-44.0,41.0,20.0
-47.0,44.0,17.0
-43.0,41.0,20.0
-45.0,45.0,17.0
-49.0,41.0,18.0
-44.0,41.0,17.0
-42.0,41.0,21.0
-47.0,41.0,20.0
-48.0,43.0,13.0
-46.0,41.0,17.0
-47.0,42.0,16.0
-46.0,42.0,14.0
-45.0,36.0,19.0
-57.0,40.0,10.0
-54.0,39.0,12.0
-49.0,40.0,16.0
-48.0,40.0,16.0
-44.0,39.0,19.0
-50.0,41.0,15.0
-49.0,41.0,14.0
-48.0,42.0,14.0
-49.0,43.0,13.0
-44.0,44.0,15.0
-44.0,44.0,16.0
-43.0,43.0,16.0
-46.0,42.0,17.0
-47.0,43.0,16.0
-45.0,41.0,21.0
-44.0,43.0,16.0
-43.0,42.0,16.0
-53.0,47.0,10.0
-44.0,41.0,17.0
-41.0,43.0,19.0
-44.0,41.0,19.0
-44.0,41.0,16.0
-43.0,42.0,18.0
-48.0,41.0,14.0
-44.0,43.0,18.0
-45.0,44.0,15.0
-50.0,41.0,14.0
-49.0,42.0,16.0
-50.0,40.0,13.0
-48.0,38.0,20.0
-49.0,42.0,15.0
-48.0,44.0,11.0
-39.0,40.0,22.0
-48.0,42.0,18.0
-50.0,42.0,13.0
-45.0,44.0,18.0
-42.0,43.0,15.0
-45.0,42.0,17.0
-45.0,43.0,16.0
-48.0,42.0,17.0
-48.0,41.0,16.0
-46.0,43.0,15.0
-47.0,41.0,17.0
-46.0,41.0,18.0
-45.0,43.0,16.0
-48.0,41.0,16.0
-44.0,41.0,17.0
-49.0,43.0,13.0
-49.0,42.0,12.0
-44.0,40.0,17.0
-45.0,44.0,15.0
-55.0,39.0,12.0
-50.0,39.0,13.0
-50.0,41.0,13.0
-50.0,38.0,15.0
-46.0,41.0,18.0
-47.0,39.0,16.0
-49.0,35.0,20.0
-47.0,37.0,18.0
-54.0,41.0,12.0
-48.0,43.0,13.0
-44.0,43.0,17.0
-47.0,44.0,13.0
-41.0,42.0,19.0
-42.0,43.0,19.0
-48.0,42.0,14.0
-47.0,41.0,17.0
-48.0,42.0,14.0
-49.0,39.0,16.0
-45.0,42.0,20.0
-48.0,44.0,15.0
-44.0,44.0,16.0
-40.0,44.0,18.0
-49.0,41.0,14.0
-45.0,40.0,17.0
-51.0,41.0,12.0
-52.0,37.0,14.0
-53.0,37.0,16.0
-51.0,38.0,12.0
-54.0,39.0,13.0
-44.0,37.0,21.0
-45.0,38.0,21.0
-51.0,38.0,13.0
-49.0,39.0,14.0
-53.0,43.0,15.0
-45.0,43.0,13.0
-44.0,43.0,14.0
-45.0,42.0,15.0
-46.0,44.0,14.0
-45.0,45.0,14.0
-49.0,42.0,15.0
-48.0,42.0,14.0
-47.0,42.0,16.0
-48.0,42.0,14.0
-46.0,42.0,15.0
-47.0,43.0,14.0
-49.0,41.0,14.0
-44.0,41.0,18.0
-48.0,36.0,17.0
-52.0,39.0,15.0
-48.0,42.0,13.0
-50.0,38.0,13.0
-53.0,42.0,11.0
-48.0,41.0,12.0
-47.0,40.0,16.0
-48.0,42.0,16.0
-50.0,40.0,12.0
-46.0,42.0,15.0
-49.0,42.0,11.0
-49.0,40.0,15.0
-52.0,42.0,12.0
-43.0,42.0,17.0
-43.0,41.0,17.0
-46.0,43.0,13.0
-43.0,41.0,18.0
-50.0,40.0,12.0
-49.0,41.0,13.0
-48.0,41.0,16.0
-48.0,42.0,14.0
-46.0,41.0,16.0
-46.0,41.0,18.0
-48.0,40.0,14.0
-47.0,40.0,17.0
-50.0,41.0,12.0
-51.0,41.0,11.0
-50.0,41.0,12.0
-52.0,41.0,9.0
-50.0,40.0,13.0
-53.0,37.0,12.0
-48.0,38.0,16.0
-48.0,38.0,17.0
-50.0,38.0,14.0
-48.0,38.0,16.0
-52.0,39.0,13.0
-54.0,41.0,11.0
-49.0,42.0,13.0
-48.0,42.0,12.0
-42.0,41.0,19.0
-47.0,43.0,14.0
-49.0,41.0,13.0
-48.0,42.0,15.0
-48.0,42.0,13.0
-48.0,41.0,16.0
-45.0,41.0,18.0
-49.0,40.0,12.0
-45.0,40.0,18.0
-49.0,40.0,14.0
-53.0,39.0,11.0
-46.0,43.0,15.0
-48.0,42.0,11.0
-54.0,38.0,10.0
-49.0,41.0,14.0
-58.0,35.0,12.0
-51.0,33.0,13.0
-46.0,39.0,19.0
-49.0,39.0,15.0
-46.0,42.0,11.0
-49.0,39.0,15.0
-54.0,40.0,11.0
-51.0,41.0,13.0
-46.0,43.0,13.0
-42.0,43.0,15.0
-43.0,43.0,17.0
-48.0,43.0,14.0
-48.0,42.0,15.0
-49.0,41.0,12.0
-49.0,39.0,14.0
-46.0,44.0,16.0
-44.0,39.0,18.0
-45.0,40.0,16.0
-43.0,40.0,19.0
-44.0,41.0,15.0
-49.0,41.0,16.0
-50.0,41.0,13.0
-50.0,40.0,13.0
-49.0,40.0,13.0
-51.0,39.0,13.0
-53.0,41.0,11.0
-53.0,40.0,11.0
-48.0,37.0,21.0
-49.0,39.0,16.0
-46.0,41.0,11.0
-48.0,40.0,13.0
-49.0,40.0,13.0
-51.0,40.0,12.0
-47.0,40.0,16.0
-47.0,41.0,16.0
-46.0,41.0,14.0
-48.0,41.0,16.0
-48.0,41.0,14.0
-47.0,40.0,15.0
-51.0,41.0,12.0
-49.0,39.0,15.0
-45.0,42.0,17.0
-48.0,41.0,13.0
-47.0,40.0,18.0
-52.0,41.0,11.0
-49.0,39.0,12.0
-48.0,43.0,13.0
-51.0,41.0,9.0
-51.0,42.0,15.0
-48.0,43.0,13.0
-49.0,39.0,10.0
-49.0,38.0,15.0
-52.0,38.0,14.0
-48.0,36.0,16.0
-48.0,37.0,17.0
-48.0,38.0,16.0
-51.0,41.0,11.0
-51.0,40.0,14.0
-44.0,42.0,19.0
-47.0,41.0,14.0
-47.0,39.0,16.0
-45.0,37.0,18.0
-48.0,42.0,13.0
-46.0,40.0,16.0
-53.0,39.0,12.0
-50.0,39.0,11.0
-46.0,40.0,15.0
-48.0,39.0,16.0
-49.0,40.0,12.0
-51.0,39.0,12.0
-51.0,40.0,11.0
-51.0,39.0,12.0
-51.0,39.0,12.0
-53.0,38.0,11.0
-51.0,37.0,13.0
-49.0,36.0,18.0
-54.0,38.0,12.0
-50.0,38.0,14.0
-47.0,35.0,17.0
-53.0,39.0,10.0
-52.0,39.0,12.0
-47.0,40.0,13.0
-49.0,38.0,15.0
-44.0,42.0,17.0
-44.0,39.0,16.0
-50.0,42.0,11.0
-50.0,39.0,13.0
-47.0,41.0,16.0
-49.0,40.0,14.0
-49.0,41.0,16.0
-49.0,42.0,11.0
-46.0,38.0,16.0
-50.0,40.0,15.0
-51.0,39.0,11.0
-48.0,38.0,15.0
-53.0,41.0,9.0
-51.0,39.0,9.0
-50.0,41.0,13.0
-53.0,39.0,12.0
-50.0,38.0,15.0
-50.0,39.0,14.0
-52.0,36.0,13.0
-50.0,39.0,14.0
-51.0,39.0,14.0
-51.0,40.0,9.0
-49.0,39.0,15.0
-45.0,42.0,16.0
-48.0,42.0,12.0
-46.0,40.0,18.0
-49.0,41.0,14.0
-51.0,37.0,16.0
-50.0,41.0,19.0
-52.0,46.0,5.0
-41.0,43.0,15.0
-45.0,42.0,13.0
-52.0,40.0,10.0
-47.0,40.0,18.0
-50.0,40.0,13.0
-49.0,40.0,15.0
-49.0,40.0,12.0
-51.0,37.0,13.0
-52.0,37.0,14.0
-52.0,38.0,14.0
-51.0,37.0,15.0
-47.0,40.0,16.0
-49.0,39.0,14.0
-50.0,37.0,14.0
-50.0,41.0,15.0
-46.0,39.0,16.0
-48.0,40.0,16.0
-47.0,42.0,15.0
-43.0,41.0,17.0
-47.0,41.0,16.0
-48.0,41.0,13.0
-46.0,38.0,16.0
-52.0,40.0,13.0
-56.0,36.0,10.0
-49.0,46.0,15.0
-44.0,41.0,16.0
-45.0,38.0,18.0
-46.0,40.0,17.0
-49.0,40.0,14.0
-49.0,38.0,16.0
-55.0,37.0,12.0
-51.0,35.0,13.0
-46.0,40.0,17.0
-51.0,39.0,13.0
-51.0,37.0,14.0
-51.0,38.0,18.0
-50.0,39.0,14.0
-49.0,37.0,13.0
-48.0,37.0,16.0
-53.0,37.0,15.0
-50.0,40.0,16.0
-54.0,42.0,12.0
-48.0,41.0,17.0
-44.0,42.0,16.0
-47.0,42.0,14.0
-49.0,44.0,13.0
-46.0,39.0,19.0
-46.0,42.0,17.0
-48.0,39.0,15.0
-44.0,39.0,20.0
-47.0,40.0,14.0
-48.0,40.0,17.0
-49.0,38.0,19.0
-54.0,39.0,11.0
-48.0,39.0,14.0
-55.0,39.0,12.0
-55.0,37.0,11.0
-46.0,39.0,17.0
-51.0,40.0,13.0
-46.0,36.0,21.0
-48.0,38.0,20.0
-55.0,40.0,9.0
-43.0,36.0,21.0
-51.0,43.0,13.0
-50.0,43.0,10.0
-46.0,44.0,13.0
-47.0,43.0,14.0
-42.0,41.0,21.0
-45.0,40.0,19.0
-50.0,41.0,13.0
-46.0,42.0,16.0
-48.0,42.0,15.0
-46.0,42.0,15.0
-44.0,41.0,18.0
-47.0,41.0,14.0
-50.0,42.0,12.0
-43.0,39.0,21.0
-52.0,43.0,10.0
-53.0,41.0,10.0
-47.0,39.0,16.0
-51.0,39.0,14.0
-49.0,39.0,17.0
-49.0,38.0,18.0
-48.0,38.0,17.0
-50.0,40.0,15.0
-49.0,40.0,14.0
-48.0,41.0,15.0
-47.0,43.0,14.0
-44.0,41.0,16.0
-45.0,44.0,16.0
-48.0,42.0,15.0
-42.0,41.0,17.0
-51.0,42.0,14.0
-52.0,43.0,9.0
-44.0,42.0,19.0
-47.0,40.0,15.0
-47.0,41.0,14.0
-46.0,43.0,16.0
-49.0,40.0,13.0
-49.0,39.0,16.0
-49.0,41.0,13.0
-48.0,41.0,13.0
-54.0,40.0,11.0
-49.0,39.0,10.0
-47.0,39.0,16.0
-51.0,42.0,13.0
-48.0,38.0,16.0
-48.0,38.0,18.0
-51.0,37.0,11.0
-50.0,40.0,14.0
-51.0,40.0,13.0
-53.0,41.0,10.0
-48.0,41.0,15.0
-47.0,41.0,16.0
-49.0,42.0,13.0
-45.0,40.0,16.0
-45.0,41.0,18.0
-53.0,42.0,11.0
-49.0,39.0,15.0
-44.0,39.0,19.0
-48.0,42.0,14.0
-49.0,40.0,17.0
-48.0,41.0,14.0
-51.0,39.0,14.0
-48.0,40.0,16.0
-49.0,42.0,12.0
-46.0,39.0,15.0
-53.0,41.0,9.0
-55.0,37.0,9.0
-50.0,40.0,16.0
-50.0,39.0,15.0
-53.0,36.0,14.0
-49.0,35.0,15.0
-50.0,39.0,15.0
-54.0,39.0,12.0
-54.0,40.0,9.0
-51.0,40.0,14.0
-45.0,41.0,16.0
-47.0,40.0,16.0
-47.0,39.0,15.0
-54.0,38.0,11.0
-50.0,39.0,16.0
-47.0,39.0,17.0
-51.0,40.0,13.0
-45.0,42.0,15.0
-45.0,41.0,16.0
-51.0,38.0,12.0
-48.0,39.0,12.0
-54.0,38.0,13.0
-55.0,36.0,12.0
-51.0,39.0,13.0
-53.0,38.0,12.0
-50.0,37.0,16.0
-50.0,37.0,18.0
-53.0,39.0,10.0
-51.0,36.0,12.0
-50.0,36.0,16.0
-54.0,39.0,13.0
-51.0,40.0,11.0
-49.0,39.0,14.0
-43.0,40.0,20.0
-43.0,43.0,15.0
-50.0,40.0,12.0
-50.0,40.0,16.0
-49.0,40.0,15.0
-51.0,40.0,11.0
-44.0,39.0,18.0
-49.0,42.0,13.0
-43.0,38.0,18.0
-45.0,40.0,21.0
-55.0,38.0,9.0
-51.0,39.0,12.0
-49.0,38.0,14.0
-56.0,38.0,8.0
-51.0,38.0,11.0
-53.0,38.0,13.0
-53.0,38.0,12.0
-50.0,38.0,14.0
-53.0,38.0,12.0
-51.0,34.0,14.0
-50.0,39.0,17.0
-53.0,38.0,11.0
-56.0,38.0,10.0
-45.0,39.0,17.0
-47.0,40.0,15.0
-48.0,38.0,16.0
-51.0,42.0,11.0
-50.0,38.0,12.0
-49.0,40.0,16.0
-48.0,40.0,14.0
-48.0,38.0,14.0
-47.0,42.0,12.0
-53.0,42.0,9.0
-53.0,40.0,10.0
-47.0,41.0,11.0
-48.0,37.0,16.0
-54.0,36.0,10.0
-53.0,38.0,11.0
-55.0,35.0,12.0
-55.0,29.0,15.0
-60.0,33.0,15.0
-47.0,41.0,11.0
-46.0,38.0,15.0
-47.0,36.0,18.0
-49.0,41.0,13.0
-46.0,41.0,17.0
-46.0,42.0,15.0
-47.0,41.0,14.0
-45.0,42.0,18.0
-48.0,41.0,15.0
-49.0,40.0,16.0
-48.0,40.0,17.0
-46.0,39.0,17.0
-47.0,40.0,16.0
-50.0,41.0,11.0
-46.0,40.0,18.0
-51.0,40.0,13.0
-52.0,40.0,10.0
-51.0,39.0,15.0
-55.0,40.0,11.0
-52.0,37.0,12.0
-52.0,40.0,14.0
-48.0,38.0,19.0
-43.0,39.0,20.0
-47.0,37.0,18.0
-51.0,39.0,14.0
-52.0,37.0,19.0
-54.0,42.0,14.0
-43.0,40.0,19.0
-44.0,43.0,19.0
-47.0,41.0,13.0
-46.0,42.0,18.0
-49.0,40.0,13.0
-52.0,42.0,14.0
-43.0,41.0,20.0
-48.0,41.0,15.0
-49.0,41.0,12.0
-48.0,37.0,18.0
-53.0,38.0,16.0
-53.0,36.0,14.0
-51.0,38.0,15.0
-49.0,37.0,12.0
-51.0,38.0,14.0
-50.0,40.0,15.0
-49.0,32.0,17.0
-47.0,40.0,16.0
-51.0,35.0,13.0
-52.0,39.0,12.0
-53.0,36.0,14.0
-52.0,40.0,12.0
-50.0,41.0,12.0
-44.0,42.0,16.0
-47.0,43.0,13.0
-47.0,40.0,14.0
-45.0,38.0,19.0
-52.0,41.0,13.0
-51.0,38.0,11.0
-50.0,39.0,16.0
-47.0,39.0,17.0
-48.0,41.0,14.0
-46.0,37.0,14.0
-49.0,36.0,18.0
-54.0,39.0,13.0
-54.0,37.0,11.0
-50.0,37.0,15.0
-51.0,38.0,12.0
-51.0,37.0,14.0
-50.0,37.0,14.0
-49.0,37.0,17.0
-47.0,35.0,20.0
-55.0,36.0,10.0
-52.0,37.0,15.0
-54.0,38.0,16.0
-52.0,38.0,10.0
-47.0,43.0,18.0
-44.0,42.0,17.0
-49.0,40.0,15.0
-45.0,42.0,18.0
-52.0,41.0,10.0
-51.0,38.0,12.0
-46.0,40.0,16.0
-49.0,40.0,13.0
-48.0,38.0,17.0
-49.0,38.0,15.0
-49.0,37.0,15.0
-51.0,36.0,17.0
-48.0,38.0,14.0
-49.0,38.0,13.0
-52.0,37.0,11.0
-54.0,38.0,12.0
-50.0,36.0,14.0
-49.0,37.0,16.0
-50.0,36.0,15.0
-51.0,36.0,14.0
-47.0,38.0,17.0
-54.0,40.0,10.0
-52.0,40.0,11.0
-47.0,39.0,14.0
-47.0,42.0,12.0
-43.0,40.0,18.0
-48.0,40.0,12.0
-58.0,37.0,6.0
-56.0,39.0,12.0
-46.0,37.0,18.0
-43.0,37.0,20.0
-48.0,41.0,14.0
-48.0,39.0,14.0
-45.0,39.0,17.0
-48.0,41.0,14.0
-50.0,37.0,9.0
-55.0,39.0,10.0
-54.0,38.0,12.0
-52.0,37.0,10.0
-53.0,39.0,14.0
-51.0,35.0,17.0
-47.0,41.0,10.0
-52.0,40.0,11.0
-52.0,37.0,17.0
-53.0,41.0,11.0
-47.0,41.0,15.0
-44.0,39.0,18.0
-49.0,42.0,13.0
-45.0,39.0,20.0
-48.0,41.0,13.0
-50.0,39.0,14.0
-49.0,41.0,15.0
-48.0,40.0,15.0
-46.0,40.0,18.0
-52.0,41.0,13.0
-47.0,39.0,15.0
-49.0,39.0,16.0
-48.0,41.0,14.0
-47.0,40.0,13.0
-52.0,39.0,13.0
-53.0,41.0,12.0
-50.0,37.0,14.0
-51.0,38.0,17.0
-49.0,37.0,18.0
-48.0,41.0,14.0
-51.0,40.0,12.0
-49.0,37.0,22.0
-52.0,41.0,15.0
-52.0,42.0,12.0
-41.0,40.0,17.0
-46.0,41.0,15.0
-45.0,42.0,15.0
-46.0,41.0,18.0
-51.0,39.0,11.0
-47.0,41.0,15.0
-47.0,42.0,17.0
-47.0,39.0,16.0
-48.0,40.0,17.0
-46.0,39.0,16.0
-48.0,39.0,14.0
-54.0,40.0,11.0
-50.0,37.0,15.0
-51.0,37.0,13.0
-51.0,41.0,12.0
-48.0,39.0,14.0
-52.0,38.0,15.0
-48.0,36.0,16.0
-49.0,37.0,14.0
-49.0,36.0,15.0
-52.0,40.0,13.0
-52.0,39.0,9.0
-52.0,37.0,11.0
-47.0,41.0,14.0
-48.0,40.0,14.0
-49.0,40.0,14.0
-47.0,39.0,15.0
-48.0,42.0,14.0
-55.0,38.0,8.0
-52.0,38.0,15.0
-45.0,39.0,16.0
-48.0,40.0,13.0
-46.0,38.0,16.0
-49.0,42.0,12.0
-52.0,37.0,12.0
-52.0,36.0,14.0
-50.0,38.0,12.0
-52.0,38.0,11.0
-53.0,39.0,11.0
-53.0,37.0,11.0
-52.0,37.0,13.0
-51.0,40.0,13.0
-49.0,36.0,13.0
-56.0,35.0,13.0
-54.0,37.0,14.0
-49.0,39.0,12.0
-48.0,41.0,9.0
-44.0,40.0,15.0
-46.0,44.0,15.0
-47.0,39.0,15.0
-50.0,40.0,16.0
-53.0,39.0,8.0
-55.0,39.0,8.0
-47.0,41.0,15.0
-47.0,39.0,15.0
-46.0,41.0,15.0
-46.0,40.0,15.0
-54.0,36.0,12.0
-49.0,37.0,16.0
-53.0,37.0,13.0
-54.0,37.0,10.0
-48.0,38.0,12.0
-53.0,37.0,13.0
-52.0,37.0,11.0
-50.0,36.0,12.0
-54.0,38.0,13.0
-50.0,36.0,13.0
-51.0,36.0,15.0
-55.0,38.0,10.0
-50.0,38.0,12.0
-45.0,40.0,13.0
-49.0,43.0,11.0
-44.0,38.0,18.0
-48.0,40.0,17.0
-50.0,37.0,14.0
-49.0,39.0,15.0
-49.0,37.0,13.0
-50.0,41.0,14.0
-46.0,39.0,17.0
-51.0,41.0,9.0
-46.0,37.0,19.0
-50.0,39.0,15.0
-53.0,39.0,10.0
-49.0,37.0,14.0
-56.0,38.0,9.0
-53.0,36.0,11.0
-52.0,39.0,13.0
-53.0,37.0,14.0
-43.0,35.0,22.0
-49.0,39.0,15.0
-55.0,36.0,10.0
-51.0,40.0,15.0
-55.0,39.0,10.0
-54.0,39.0,9.0
-43.0,40.0,16.0
-48.0,40.0,16.0
-47.0,40.0,17.0
-53.0,39.0,14.0
-51.0,38.0,13.0
-47.0,43.0,12.0
-48.0,42.0,13.0
-41.0,41.0,18.0
-46.0,43.0,14.0
-53.0,38.0,13.0
-50.0,38.0,17.0
-50.0,39.0,15.0
-48.0,39.0,13.0
-52.0,39.0,12.0
-51.0,39.0,12.0
-56.0,38.0,13.0
-52.0,36.0,18.0
-44.0,35.0,22.0
-45.0,36.0,20.0
-59.0,39.0,7.0
-50.0,34.0,20.0
-57.0,39.0,7.0
-51.0,39.0,12.0
-46.0,43.0,15.0
-45.0,42.0,13.0
-42.0,43.0,16.0
-47.0,43.0,12.0
-45.0,39.0,19.0
-50.0,43.0,13.0
-51.0,38.0,13.0
-48.0,40.0,16.0
-55.0,39.0,8.0
-51.0,36.0,13.0
-47.0,39.0,15.0
-51.0,38.0,12.0
-51.0,39.0,13.0
-53.0,36.0,10.0
-54.0,38.0,10.0
-53.0,37.0,14.0
-50.0,37.0,13.0
-50.0,36.0,17.0
-49.0,40.0,13.0
-50.0,36.0,13.0
-48.0,38.0,16.0
-53.0,39.0,10.0
-50.0,39.0,12.0
-49.0,40.0,15.0
-47.0,39.0,15.0
-48.0,39.0,16.0
-48.0,40.0,16.0
-50.0,40.0,11.0
-50.0,37.0,15.0
-48.0,39.0,13.0
-49.0,38.0,14.0
-47.0,43.0,14.0
-49.0,39.0,11.0
-51.0,39.0,16.0
-50.0,39.0,14.0
-51.0,39.0,12.0
-52.0,38.0,10.0
-51.0,37.0,11.0
-54.0,37.0,11.0
-53.0,36.0,14.0
-50.0,36.0,15.0
-53.0,38.0,10.0
-55.0,35.0,13.0
-53.0,38.0,14.0
-50.0,39.0,14.0
-52.0,39.0,10.0
-50.0,37.0,15.0
-48.0,42.0,13.0
-46.0,40.0,15.0
-47.0,40.0,15.0
-53.0,39.0,10.0
-47.0,38.0,17.0
-53.0,42.0,11.0
-54.0,40.0,10.0
-45.0,40.0,17.0
-45.0,40.0,16.0
-47.0,36.0,19.0
-49.0,38.0,15.0
-49.0,36.0,16.0
-58.0,38.0,9.0
-52.0,37.0,13.0
-50.0,39.0,14.0
-54.0,39.0,12.0
-51.0,37.0,16.0
-50.0,37.0,16.0
-51.0,39.0,14.0
-52.0,35.0,18.0
-50.0,40.0,13.0
-53.0,41.0,9.0
-45.0,42.0,13.0
-42.0,42.0,17.0
-47.0,45.0,16.0
-44.0,43.0,12.0
-47.0,44.0,10.0
-49.0,43.0,14.0
-48.0,43.0,15.0
-49.0,41.0,13.0
-44.0,37.0,18.0
-44.0,37.0,20.0
-57.0,40.0,7.0
-53.0,34.0,12.0
-52.0,38.0,11.0
-52.0,39.0,6.0
-53.0,40.0,9.0
-49.0,39.0,10.0
-58.0,35.0,9.0
-55.0,33.0,15.0
-49.0,39.0,13.0
-52.0,37.0,11.0
-48.0,38.0,13.0
-48.0,39.0,14.0
-55.0,40.0,7.0
-52.0,42.0,9.0
-44.0,43.0,14.0
-52.0,41.0,13.0
-47.0,41.0,14.0
-50.0,41.0,13.0
-53.0,37.0,12.0
-55.0,37.0,13.0
-44.0,47.0,10.0
-45.0,39.0,16.0
-45.0,41.0,15.0
-50.0,41.0,10.0
-50.0,36.0,16.0
-58.0,37.0,13.0
-51.0,39.0,10.0
-50.0,37.0,11.0
-53.0,38.0,12.0
-50.0,38.0,17.0
-47.0,40.0,16.0
-49.0,38.0,12.0
-52.0,35.0,11.0
-52.0,39.0,14.0
-46.0,39.0,14.0
-48.0,39.0,13.0
-52.0,39.0,13.0
-48.0,41.0,12.0
-50.0,38.0,18.0
-50.0,40.0,12.0
-50.0,38.0,13.0
-49.0,42.0,13.0
-50.0,38.0,11.0
-46.0,38.0,18.0
-47.0,40.0,15.0
-50.0,40.0,13.0
-47.0,41.0,15.0
-51.0,38.0,13.0
-44.0,39.0,18.0
-51.0,40.0,10.0
-52.0,38.0,9.0
-53.0,38.0,13.0
-53.0,38.0,12.0
-48.0,34.0,18.0
-50.0,36.0,12.0
-53.0,35.0,9.0
-56.0,40.0,11.0
-56.0,37.0,11.0
-47.0,40.0,12.0
-45.0,40.0,15.0
-48.0,44.0,8.0
-48.0,41.0,11.0
-50.0,41.0,16.0
-49.0,39.0,11.0
-49.0,41.0,14.0
-49.0,40.0,13.0
-49.0,38.0,14.0
-46.0,38.0,19.0
-50.0,41.0,14.0
-50.0,36.0,16.0
-47.0,41.0,14.0
-51.0,42.0,9.0
-51.0,39.0,12.0
-51.0,40.0,11.0
-50.0,38.0,12.0
-51.0,39.0,12.0
-47.0,38.0,16.0
-48.0,37.0,14.0
-54.0,36.0,10.0
-54.0,41.0,13.0
-52.0,39.0,10.0
-48.0,38.0,12.0
-48.0,43.0,14.0
-45.0,37.0,15.0
-50.0,40.0,15.0
-52.0,38.0,9.0
-54.0,39.0,9.0
-47.0,37.0,17.0
-51.0,41.0,13.0
-49.0,42.0,11.0
-49.0,40.0,11.0
-45.0,38.0,18.0
-45.0,40.0,16.0
-50.0,38.0,14.0
-52.0,36.0,14.0
-51.0,39.0,9.0
-55.0,37.0,11.0
-53.0,39.0,14.0
-50.0,39.0,13.0
-47.0,38.0,15.0
-50.0,39.0,12.0
-49.0,34.0,17.0
-52.0,38.0,19.0
-51.0,42.0,10.0
-53.0,37.0,11.0
-45.0,42.0,15.0
-47.0,42.0,15.0
-47.0,42.0,15.0
-48.0,38.0,15.0
-54.0,37.0,12.0
-49.0,45.0,10.0
-46.0,44.0,13.0
-49.0,40.0,16.0
-44.0,38.0,17.0
-48.0,39.0,18.0
-50.0,38.0,12.0
-51.0,39.0,14.0
-50.0,36.0,16.0
-48.0,38.0,13.0
-47.0,37.0,17.0
-56.0,38.0,10.0
-49.0,38.0,14.0
-50.0,41.0,14.0
-47.0,38.0,13.0
-47.0,37.0,20.0
-51.0,38.0,17.0
-52.0,42.0,11.0
-45.0,38.0,16.0
-44.0,43.0,17.0
-44.0,40.0,16.0
-42.0,44.0,16.0
-44.0,41.0,16.0
-58.0,42.0,8.0
-50.0,39.0,17.0
-45.0,38.0,19.0
-49.0,38.0,15.0
-43.0,39.0,20.0
-40.0,44.0,19.0
-48.0,40.0,11.0
-45.0,40.0,18.0
-51.0,41.0,13.0
-51.0,40.0,9.0
-51.0,40.0,19.0
-58.0,42.0,7.0
-48.0,37.0,12.0
-47.0,41.0,17.0
-52.0,36.0,13.0
-48.0,37.0,18.0
-53.0,41.0,11.0
-49.0,38.0,15.0
-38.0,43.0,21.0
-51.0,40.0,13.0
-42.0,42.0,17.0
-50.0,40.0,15.0
-54.0,39.0,11.0
-43.0,46.0,14.0
-56.0,40.0,10.0
-40.0,43.0,20.0
-42.0,43.0,18.0
-52.0,41.0,15.0
-46.0,37.0,21.0
-43.0,37.0,21.0
-50.0,40.0,14.0
-51.0,37.0,17.0
-50.0,35.0,19.0
-44.0,46.0,12.0
-44.0,40.0,17.0
-48.0,40.0,14.0
-56.0,43.0,9.0
-50.0,37.0,17.0
-50.0,37.0,15.0
-52.0,36.0,13.0
-52.0,38.0,15.0
-53.0,36.0,14.0
-50.0,38.0,17.0
-47.0,42.0,13.0
-44.0,39.0,17.0
-48.0,41.0,17.0
-45.0,42.0,13.0
-45.0,39.0,19.0
-51.0,43.0,12.0
-50.0,40.0,16.0
-48.0,42.0,16.0
-48.0,43.0,14.0
-46.0,40.0,18.0
-44.0,41.0,19.0
-41.0,39.0,21.0
-48.0,34.0,20.0
-49.0,39.0,16.0
-49.0,40.0,15.0
-47.0,39.0,17.0
-49.0,40.0,14.0
-51.0,42.0,13.0
-45.0,41.0,16.0
-48.0,39.0,14.0
-49.0,40.0,14.0
-49.0,38.0,17.0
-50.0,39.0,13.0
-45.0,37.0,18.0
-57.0,38.0,12.0
-50.0,36.0,15.0
-46.0,43.0,12.0
-44.0,42.0,16.0
-42.0,43.0,17.0
-47.0,42.0,16.0
-48.0,41.0,17.0
-50.0,41.0,14.0
-50.0,39.0,14.0
-50.0,38.0,15.0
-46.0,41.0,16.0
-47.0,39.0,19.0
-45.0,39.0,19.0
-43.0,39.0,20.0
-51.0,42.0,11.0
-50.0,39.0,14.0
-54.0,38.0,12.0
-53.0,38.0,11.0
-51.0,39.0,13.0
-51.0,39.0,15.0
-50.0,40.0,14.0
-47.0,40.0,15.0
-45.0,40.0,18.0
-46.0,39.0,15.0
-51.0,34.0,15.0
-56.0,36.0,14.0
-53.0,38.0,11.0
-50.0,38.0,13.0
-44.0,39.0,17.0
-49.0,42.0,12.0
-51.0,41.0,12.0
-51.0,42.0,12.0
-52.0,41.0,11.0
-47.0,38.0,16.0
-47.0,38.0,15.0
-47.0,41.0,13.0
-52.0,41.0,10.0
-48.0,40.0,15.0
-49.0,38.0,15.0
-50.0,38.0,12.0
-49.0,40.0,12.0
-57.0,37.0,9.0
-55.0,35.0,10.0
-55.0,37.0,9.0
-51.0,38.0,10.0
-48.0,36.0,15.0
-53.0,38.0,12.0
-47.0,38.0,13.0
-47.0,38.0,14.0
-54.0,37.0,10.0
-56.0,33.0,12.0
-46.0,40.0,11.0
-45.0,43.0,12.0
-46.0,39.0,13.0
-48.0,43.0,12.0
-49.0,40.0,14.0
-51.0,39.0,15.0
-51.0,38.0,13.0
-51.0,38.0,13.0
-50.0,37.0,14.0
-45.0,40.0,16.0
-54.0,38.0,15.0
-47.0,41.0,15.0
-47.0,39.0,14.0
-51.0,41.0,11.0
-48.0,39.0,11.0
-51.0,39.0,10.0
-51.0,39.0,10.0
-54.0,39.0,10.0
-54.0,39.0,9.0
-52.0,35.0,12.0
-54.0,34.0,15.0
-52.0,34.0,16.0
-53.0,36.0,10.0
-52.0,35.0,13.0
-49.0,38.0,16.0
-47.0,42.0,10.0
-48.0,33.0,17.0
-45.0,43.0,15.0
-48.0,40.0,13.0
-49.0,40.0,15.0
-47.0,42.0,14.0
-51.0,40.0,12.0
-50.0,40.0,14.0
-48.0,39.0,16.0
-50.0,39.0,15.0
-48.0,38.0,16.0
-50.0,39.0,17.0
-48.0,37.0,16.0
-51.0,41.0,13.0
-51.0,40.0,12.0
-47.0,40.0,15.0
-53.0,38.0,11.0
-53.0,37.0,13.0
-51.0,39.0,13.0
-49.0,37.0,16.0
-50.0,36.0,17.0
-48.0,39.0,14.0
-50.0,40.0,14.0
-52.0,37.0,15.0
-56.0,39.0,13.0
-47.0,41.0,16.0
-46.0,41.0,16.0
-44.0,41.0,16.0
-41.0,42.0,19.0
-47.0,40.0,15.0
-50.0,39.0,15.0
-48.0,42.0,16.0
-46.0,43.0,14.0
-46.0,40.0,18.0
-48.0,41.0,15.0
-45.0,40.0,20.0
-44.0,38.0,20.0
-50.0,40.0,15.0
-52.0,37.0,16.0
-46.0,39.0,17.0
-47.0,41.0,13.0
-55.0,36.0,15.0
-52.0,38.0,15.0
-48.0,40.0,16.0
-51.0,39.0,13.0
-47.0,40.0,17.0
-49.0,39.0,16.0
-49.0,38.0,17.0
-48.0,40.0,16.0
-50.0,40.0,12.0
-48.0,40.0,16.0
-46.0,39.0,17.0
-48.0,40.0,16.0
-46.0,40.0,19.0
-48.0,41.0,15.0
-49.0,41.0,16.0
-49.0,41.0,15.0
-46.0,41.0,16.0
-45.0,41.0,19.0
-52.0,38.0,16.0
-43.0,39.0,20.0
-48.0,39.0,16.0
-48.0,38.0,17.0
-47.0,39.0,18.0
-53.0,38.0,14.0
-52.0,38.0,14.0
-51.0,39.0,15.0
-50.0,39.0,15.0
-50.0,37.0,14.0
-49.0,37.0,16.0
-50.0,39.0,14.0
-48.0,37.0,19.0
-48.0,37.0,19.0
-58.0,41.0,8.0
-50.0,40.0,13.0
-47.0,40.0,17.0
-48.0,43.0,13.0
-47.0,39.0,17.0
-46.0,41.0,18.0
-50.0,40.0,13.0
-49.0,39.0,18.0
-50.0,40.0,14.0
-49.0,39.0,17.0
-46.0,41.0,17.0
-46.0,42.0,15.0
-49.0,39.0,15.0
-51.0,39.0,15.0
-51.0,38.0,14.0
-48.0,40.0,15.0
-51.0,37.0,14.0
-51.0,38.0,13.0
-52.0,38.0,13.0
-54.0,38.0,12.0
-51.0,38.0,15.0
-52.0,39.0,12.0
-48.0,35.0,19.0
-50.0,37.0,15.0
-48.0,39.0,15.0
-48.0,38.0,16.0
-55.0,39.0,11.0
-48.0,38.0,14.0
-50.0,40.0,14.0
-51.0,38.0,14.0
-44.0,41.0,17.0
-51.0,41.0,13.0
-49.0,40.0,14.0
-50.0,41.0,15.0
-49.0,41.0,14.0
-47.0,38.0,18.0
-48.0,40.0,18.0
-47.0,40.0,16.0
-47.0,38.0,19.0
-48.0,40.0,14.0
-51.0,38.0,13.0
-51.0,38.0,15.0
-49.0,39.0,16.0
-52.0,38.0,12.0
-53.0,37.0,13.0
-52.0,39.0,13.0
-54.0,39.0,11.0
-48.0,36.0,19.0
-50.0,40.0,15.0
-50.0,35.0,16.0
-47.0,38.0,17.0
-51.0,40.0,14.0
-51.0,39.0,12.0
-47.0,41.0,15.0
-45.0,42.0,15.0
-48.0,42.0,16.0
-45.0,42.0,18.0
-50.0,40.0,17.0
-49.0,41.0,14.0
-51.0,41.0,13.0
-49.0,42.0,14.0
-44.0,43.0,16.0
-44.0,37.0,19.0
-50.0,39.0,18.0
-53.0,39.0,13.0
-51.0,35.0,18.0
-53.0,40.0,14.0
-50.0,39.0,13.0
-51.0,37.0,15.0
-49.0,40.0,14.0
-49.0,37.0,18.0
-47.0,38.0,16.0
-51.0,39.0,14.0
-53.0,38.0,16.0
-52.0,38.0,14.0
-51.0,38.0,16.0
-47.0,42.0,15.0
-47.0,39.0,14.0
-46.0,39.0,17.0
-46.0,41.0,16.0
-49.0,39.0,16.0
-47.0,40.0,17.0
-50.0,38.0,14.0
-46.0,40.0,14.0
-48.0,42.0,15.0
-48.0,40.0,14.0
-51.0,38.0,15.0
-50.0,38.0,13.0
-45.0,37.0,19.0
-50.0,37.0,15.0
-54.0,37.0,12.0
-53.0,38.0,13.0
-55.0,38.0,12.0
-56.0,35.0,12.0
-55.0,37.0,14.0
-48.0,39.0,15.0
-48.0,36.0,16.0
-49.0,37.0,17.0
-52.0,36.0,13.0
-52.0,38.0,14.0
-49.0,39.0,16.0
-50.0,41.0,12.0
-47.0,40.0,17.0
-51.0,41.0,14.0
-48.0,41.0,16.0
-50.0,38.0,15.0
-49.0,39.0,18.0
-49.0,40.0,18.0
-50.0,39.0,14.0
-48.0,39.0,18.0
-49.0,41.0,15.0
-46.0,39.0,18.0
-44.0,44.0,20.0
-51.0,42.0,13.0
-46.0,40.0,12.0
-50.0,39.0,15.0
-49.0,40.0,16.0
-50.0,37.0,16.0
-53.0,37.0,14.0
-51.0,39.0,12.0
-47.0,39.0,16.0
-49.0,39.0,15.0
-50.0,35.0,17.0
-48.0,37.0,18.0
-52.0,39.0,12.0
-51.0,38.0,13.0
-47.0,41.0,13.0
-51.0,41.0,12.0
-48.0,38.0,17.0
-51.0,41.0,14.0
-44.0,38.0,17.0
-52.0,38.0,15.0
-48.0,39.0,15.0
-51.0,38.0,14.0
-51.0,39.0,14.0
-46.0,39.0,15.0
-49.0,38.0,15.0
-52.0,37.0,15.0
-47.0,38.0,17.0
-54.0,38.0,11.0
-50.0,39.0,14.0
-51.0,40.0,12.0
-50.0,37.0,13.0
-52.0,38.0,13.0
-51.0,39.0,11.0
-51.0,38.0,11.0
-51.0,39.0,14.0
-52.0,37.0,13.0
-48.0,36.0,16.0
-46.0,39.0,14.0
-50.0,38.0,13.0
-52.0,38.0,11.0
-52.0,39.0,13.0
-49.0,39.0,14.0
-47.0,42.0,13.0
-48.0,37.0,15.0
-50.0,42.0,14.0
-45.0,40.0,17.0
-48.0,41.0,13.0
-50.0,39.0,16.0
-48.0,41.0,16.0
-47.0,41.0,14.0
-47.0,39.0,16.0
-47.0,42.0,15.0
-46.0,39.0,18.0
-50.0,38.0,16.0
-51.0,38.0,16.0
-52.0,38.0,14.0
-51.0,38.0,13.0
-50.0,40.0,14.0
-48.0,39.0,14.0
-52.0,40.0,13.0
-50.0,39.0,13.0
-48.0,39.0,14.0
-52.0,38.0,14.0
-46.0,39.0,16.0
-51.0,38.0,15.0
-52.0,37.0,13.0
-54.0,38.0,13.0
-51.0,38.0,13.0
-46.0,38.0,17.0
-46.0,42.0,16.0
-50.0,40.0,14.0
-50.0,41.0,13.0
-46.0,41.0,17.0
-45.0,39.0,16.0
-50.0,41.0,13.0
-49.0,37.0,17.0
-47.0,41.0,16.0
-48.0,39.0,15.0
-50.0,39.0,15.0
-49.0,39.0,15.0
-49.0,40.0,14.0
-51.0,37.0,13.0
-48.0,39.0,16.0
-48.0,40.0,15.0
-59.0,39.0,9.0
-50.0,36.0,14.0
-49.0,43.0,9.0
-50.0,42.0,12.0
-51.0,38.0,13.0
-49.0,41.0,12.0
-50.0,38.0,9.0
-53.0,35.0,15.0
-46.0,39.0,15.0
-50.0,39.0,10.0
-53.0,35.0,15.0
-49.0,39.0,14.0
-51.0,38.0,11.0
-50.0,35.0,18.0
-62.0,45.0,-2.0
-52.0,36.0,14.0
-48.0,35.0,19.0
-50.0,37.0,14.0
-48.0,37.0,16.0
-51.0,37.0,13.0
-56.0,33.0,15.0
-49.0,40.0,13.0
-50.0,39.0,14.0
-51.0,34.0,18.0
-50.0,40.0,14.0
-50.0,34.0,17.0
-54.0,34.0,18.0
-48.0,37.0,17.0
-52.0,36.0,17.0
-54.0,42.0,11.0
-56.0,41.0,10.0
-40.0,40.0,22.0
-39.0,41.0,22.0
-49.0,35.0,19.0
-51.0,34.0,21.0
-48.0,36.0,19.0
-51.0,37.0,18.0
-51.0,40.0,13.0
-48.0,42.0,12.0
-51.0,39.0,16.0
-47.0,40.0,19.0
-50.0,38.0,16.0
-52.0,41.0,14.0
-50.0,39.0,16.0
-51.0,38.0,17.0
-52.0,38.0,16.0
-46.0,38.0,20.0
-49.0,39.0,19.0
-50.0,37.0,19.0
-49.0,42.0,17.0
-50.0,38.0,16.0
-53.0,35.0,20.0
-40.0,42.0,19.0
-42.0,43.0,16.0
-45.0,38.0,22.0
-46.0,38.0,22.0
-52.0,36.0,19.0
-52.0,37.0,19.0
-48.0,37.0,21.0
-50.0,38.0,16.0
-47.0,39.0,17.0
-50.0,40.0,16.0
-49.0,38.0,17.0
-45.0,36.0,21.0
-56.0,43.0,8.0
-53.0,37.0,13.0
-50.0,39.0,16.0
-54.0,40.0,11.0
-47.0,38.0,17.0
-49.0,40.0,18.0
-51.0,39.0,12.0
-46.0,37.0,17.0
-52.0,40.0,15.0
-49.0,40.0,14.0
-50.0,39.0,17.0
-48.0,39.0,17.0
-47.0,40.0,17.0
-51.0,40.0,12.0
-49.0,39.0,16.0
-47.0,39.0,17.0
-51.0,41.0,15.0
-50.0,36.0,17.0
-52.0,36.0,18.0
-52.0,37.0,15.0
-51.0,36.0,16.0
-51.0,42.0,13.0
-50.0,38.0,14.0
-46.0,35.0,22.0
-52.0,37.0,21.0
-49.0,38.0,17.0
-43.0,36.0,24.0
-51.0,39.0,17.0
-46.0,38.0,18.0
-51.0,37.0,17.0
-51.0,37.0,18.0
-49.0,37.0,19.0
-52.0,39.0,14.0
-50.0,39.0,18.0
-47.0,40.0,19.0
-50.0,39.0,17.0
-47.0,39.0,19.0
-48.0,42.0,16.0
-48.0,37.0,19.0
-46.0,41.0,20.0
-48.0,39.0,18.0
-48.0,41.0,17.0
-45.0,41.0,19.0
-47.0,40.0,20.0
-46.0,39.0,21.0
-46.0,38.0,22.0
-46.0,39.0,22.0
-45.0,40.0,21.0
-47.0,39.0,21.0
-45.0,40.0,21.0
-46.0,39.0,21.0
-49.0,41.0,18.0
-44.0,40.0,19.0
-49.0,40.0,17.0
-50.0,40.0,16.0
-47.0,38.0,19.0
-50.0,37.0,19.0
-50.0,38.0,18.0
-53.0,36.0,18.0
-52.0,39.0,18.0
-46.0,40.0,18.0
-45.0,38.0,20.0
-45.0,38.0,21.0
-46.0,42.0,20.0
-50.0,40.0,19.0
-50.0,41.0,17.0
-45.0,40.0,21.0
-45.0,40.0,21.0
-47.0,41.0,18.0
-45.0,39.0,22.0
-46.0,43.0,17.0
-46.0,39.0,20.0
-45.0,41.0,21.0
-46.0,41.0,19.0
-45.0,38.0,20.0
-45.0,40.0,22.0
-46.0,38.0,22.0
-47.0,41.0,19.0
-46.0,40.0,20.0
-46.0,39.0,20.0
-48.0,40.0,17.0
-48.0,41.0,17.0
-50.0,40.0,15.0
-45.0,40.0,20.0
-46.0,39.0,19.0
-46.0,37.0,20.0
-45.0,36.0,21.0
-58.0,36.0,14.0
-52.0,36.0,19.0
-52.0,37.0,14.0
-51.0,37.0,15.0
-48.0,40.0,18.0
-48.0,40.0,16.0
-47.0,40.0,19.0
-46.0,41.0,17.0
-44.0,42.0,16.0
-44.0,41.0,19.0
-48.0,42.0,14.0
-47.0,42.0,15.0
-48.0,41.0,15.0
-47.0,39.0,17.0
-49.0,37.0,16.0
-50.0,35.0,19.0
-53.0,39.0,15.0
-45.0,36.0,19.0
-54.0,32.0,19.0
-44.0,42.0,16.0
-46.0,40.0,16.0
-50.0,39.0,15.0
-50.0,41.0,12.0
-52.0,37.0,15.0
-47.0,40.0,16.0
-50.0,38.0,15.0
-52.0,37.0,15.0
-52.0,39.0,12.0
-53.0,35.0,14.0
-49.0,37.0,19.0
-52.0,39.0,13.0
-45.0,38.0,19.0
-42.0,41.0,18.0
-46.0,43.0,15.0
-49.0,42.0,13.0
-48.0,41.0,17.0
-51.0,40.0,13.0
-48.0,40.0,18.0
-50.0,41.0,14.0
-47.0,40.0,16.0
-42.0,39.0,21.0
-49.0,41.0,16.0
-47.0,39.0,18.0
-51.0,41.0,14.0
-44.0,36.0,22.0
-52.0,38.0,16.0
-48.0,35.0,23.0
-41.0,41.0,20.0
-52.0,40.0,15.0
-48.0,41.0,17.0
-49.0,41.0,16.0
-48.0,40.0,19.0
-47.0,36.0,19.0
-49.0,35.0,23.0
-51.0,38.0,18.0
-50.0,40.0,16.0
-49.0,40.0,17.0
-48.0,43.0,15.0
-47.0,41.0,18.0
-46.0,41.0,17.0
-44.0,43.0,17.0
-43.0,41.0,18.0
-45.0,38.0,17.0
-48.0,40.0,16.0
-54.0,44.0,9.0
-55.0,41.0,11.0
-52.0,36.0,19.0
-52.0,42.0,11.0
-42.0,40.0,21.0
-49.0,38.0,16.0
-52.0,39.0,15.0
-49.0,40.0,16.0
-48.0,41.0,15.0
-52.0,39.0,13.0
-53.0,40.0,16.0
-41.0,44.0,15.0
-43.0,44.0,14.0
-48.0,43.0,20.0
-56.0,40.0,22.0
-54.0,35.0,10.0
-43.0,37.0,-1.0
-40.0,35.0,2.0
-45.0,39.0,6.0
-57.0,34.0,-1.0
-45.0,31.0,2.0
-66.0,29.0,8.0
-54.0,33.0,4.0
-51.0,34.0,-1.0
-63.0,36.0,-5.0
-69.0,46.0,-16.0
-38.0,52.0,-10.0
-29.0,50.0,16.0
-38.0,48.0,14.0
-46.0,43.0,6.0
-43.0,44.0,5.0
-46.0,39.0,10.0
-57.0,37.0,4.0
-51.0,42.0,2.0
-49.0,40.0,3.0
-63.0,40.0,-6.0
-61.0,40.0,-7.0
-60.0,36.0,9.0
-51.0,45.0,1.0
-40.0,48.0,0.0
-31.0,43.0,14.0
-38.0,43.0,10.0
-48.0,38.0,13.0
-55.0,42.0,10.0
-48.0,40.0,10.0
-56.0,43.0,7.0
-45.0,43.0,9.0
-47.0,43.0,5.0
-38.0,39.0,16.0
-50.0,44.0,11.0
-51.0,40.0,9.0
-49.0,40.0,10.0
-53.0,41.0,5.0
-51.0,42.0,8.0
-50.0,40.0,9.0
-49.0,41.0,11.0
-44.0,42.0,9.0
-43.0,41.0,14.0
-49.0,39.0,10.0
-49.0,40.0,9.0
-48.0,40.0,9.0
-52.0,39.0,7.0
-59.0,40.0,1.0
-54.0,39.0,5.0
-50.0,37.0,8.0
-50.0,38.0,10.0
-51.0,41.0,6.0
-55.0,38.0,2.0
-51.0,38.0,12.0
-50.0,42.0,8.0
-45.0,41.0,11.0
-53.0,40.0,6.0
-53.0,42.0,4.0
-45.0,43.0,9.0
-46.0,42.0,9.0
-51.0,40.0,8.0
-51.0,41.0,10.0
-51.0,41.0,7.0
-49.0,40.0,10.0
-48.0,42.0,10.0
-52.0,41.0,7.0
-51.0,39.0,11.0
-53.0,35.0,14.0
-45.0,39.0,13.0
-50.0,40.0,8.0
-52.0,41.0,6.0
-53.0,38.0,8.0
-50.0,42.0,6.0
-48.0,40.0,9.0
-47.0,38.0,13.0
-48.0,40.0,9.0
-50.0,42.0,6.0
-48.0,40.0,6.0
-56.0,40.0,-2.0
-56.0,38.0,-1.0
-54.0,39.0,4.0
-50.0,38.0,6.0
-46.0,42.0,7.0
-48.0,43.0,2.0
-49.0,40.0,5.0
-50.0,40.0,8.0
-51.0,40.0,4.0
-52.0,40.0,4.0
-49.0,39.0,8.0
-48.0,39.0,6.0
-47.0,40.0,8.0
-53.0,39.0,5.0
-49.0,38.0,7.0
-52.0,39.0,7.0
-52.0,37.0,6.0
-51.0,37.0,5.0
-52.0,39.0,3.0
-51.0,37.0,2.0
-53.0,39.0,3.0
-57.0,38.0,-1.0
-57.0,37.0,2.0
-48.0,40.0,6.0
-50.0,39.0,4.0
-55.0,35.0,5.0
-53.0,37.0,5.0
-54.0,37.0,9.0
-54.0,38.0,4.0
-49.0,42.0,6.0
-47.0,40.0,9.0
-47.0,44.0,7.0
-43.0,42.0,9.0
-54.0,40.0,4.0
-50.0,42.0,6.0
-47.0,41.0,6.0
-49.0,40.0,10.0
-52.0,40.0,8.0
-55.0,39.0,6.0
-51.0,39.0,11.0
-49.0,38.0,9.0
-46.0,39.0,11.0
-47.0,39.0,11.0
-50.0,41.0,6.0
-48.0,41.0,7.0
-55.0,43.0,3.0
-48.0,41.0,10.0
-49.0,41.0,12.0
-50.0,40.0,8.0
-48.0,44.0,7.0
-47.0,40.0,11.0
-45.0,36.0,16.0
-53.0,40.0,8.0
-60.0,39.0,6.0
-49.0,43.0,7.0
-48.0,43.0,5.0
-47.0,42.0,13.0
-47.0,41.0,11.0
-51.0,42.0,8.0
-54.0,40.0,7.0
-56.0,39.0,3.0
-58.0,41.0,1.0
-48.0,42.0,8.0
-47.0,42.0,7.0
-41.0,40.0,19.0
-44.0,42.0,13.0
-45.0,41.0,13.0
-49.0,42.0,10.0
-50.0,39.0,10.0
-50.0,42.0,5.0
-50.0,40.0,8.0
-53.0,40.0,7.0
-54.0,38.0,7.0
-51.0,40.0,11.0
-50.0,37.0,11.0
-50.0,41.0,6.0
-49.0,38.0,9.0
-52.0,41.0,6.0
-47.0,41.0,8.0
-50.0,41.0,9.0
-45.0,43.0,10.0
-48.0,41.0,10.0
-51.0,41.0,9.0
-53.0,39.0,7.0
-50.0,41.0,9.0
-51.0,41.0,7.0
-50.0,41.0,8.0
-47.0,39.0,12.0
-50.0,44.0,8.0
-51.0,39.0,10.0
-48.0,40.0,11.0
-50.0,38.0,9.0
-49.0,40.0,6.0
-52.0,38.0,7.0
-52.0,38.0,7.0
-53.0,39.0,2.0
-52.0,38.0,6.0
-56.0,39.0,3.0
-50.0,38.0,8.0
-55.0,40.0,4.0
-52.0,37.0,9.0
-48.0,37.0,10.0
-56.0,38.0,6.0
-50.0,37.0,9.0
-45.0,40.0,9.0
-47.0,40.0,9.0
-45.0,43.0,8.0
-46.0,42.0,9.0
-49.0,41.0,8.0
-53.0,40.0,6.0
-51.0,41.0,9.0
-50.0,41.0,9.0
-48.0,40.0,9.0
-50.0,41.0,7.0
-49.0,41.0,6.0
-48.0,37.0,11.0
-54.0,38.0,8.0
-52.0,39.0,6.0
-50.0,38.0,8.0
-52.0,38.0,7.0
-52.0,38.0,5.0
-52.0,37.0,5.0
-53.0,40.0,5.0
-53.0,37.0,7.0
-52.0,39.0,7.0
-52.0,39.0,5.0
-52.0,38.0,5.0
-53.0,37.0,5.0
-53.0,37.0,7.0
-51.0,35.0,8.0
-55.0,38.0,5.0
-45.0,41.0,9.0
-46.0,41.0,11.0
-50.0,41.0,7.0
-52.0,41.0,5.0
-53.0,39.0,6.0
-51.0,40.0,7.0
-49.0,40.0,6.0
-49.0,39.0,8.0
-50.0,40.0,6.0
-49.0,41.0,7.0
-53.0,38.0,5.0
-53.0,39.0,6.0
-51.0,41.0,3.0
-51.0,38.0,4.0
-50.0,40.0,5.0
-53.0,38.0,1.0
-55.0,38.0,1.0
-53.0,37.0,5.0
-54.0,35.0,7.0
-51.0,32.0,13.0
-53.0,37.0,5.0
-57.0,37.0,0.0
-52.0,36.0,11.0
-55.0,40.0,4.0
-47.0,43.0,5.0
-47.0,43.0,8.0
-47.0,42.0,6.0
-48.0,41.0,11.0
-49.0,42.0,9.0
-52.0,39.0,4.0
-52.0,38.0,9.0
-51.0,41.0,6.0
-54.0,41.0,6.0
-48.0,43.0,9.0
-48.0,42.0,9.0
-45.0,40.0,13.0
-46.0,40.0,12.0
-53.0,38.0,9.0
-50.0,38.0,12.0
-54.0,38.0,8.0
-53.0,39.0,7.0
-49.0,37.0,14.0
-51.0,38.0,13.0
-49.0,40.0,11.0
-52.0,42.0,3.0
-50.0,40.0,8.0
-52.0,38.0,10.0
-48.0,41.0,10.0
-47.0,43.0,11.0
-43.0,42.0,12.0
-48.0,41.0,12.0
-45.0,43.0,10.0
-51.0,41.0,10.0
-52.0,39.0,11.0
-54.0,39.0,8.0
-51.0,40.0,8.0
-44.0,40.0,13.0
-51.0,41.0,9.0
-47.0,42.0,9.0
-44.0,42.0,12.0
-52.0,39.0,8.0
-51.0,40.0,7.0
-55.0,39.0,6.0
-54.0,39.0,5.0
-48.0,39.0,9.0
-54.0,39.0,7.0
-53.0,36.0,10.0
-50.0,36.0,14.0
-53.0,39.0,1.0
-54.0,37.0,5.0
-50.0,39.0,9.0
-58.0,38.0,5.0
-52.0,38.0,11.0
-46.0,41.0,12.0
-49.0,41.0,11.0
-51.0,41.0,7.0
-45.0,42.0,11.0
-48.0,42.0,9.0
-49.0,42.0,6.0
-50.0,42.0,8.0
-50.0,40.0,9.0
-51.0,40.0,8.0
-49.0,39.0,10.0
-53.0,37.0,11.0
-50.0,38.0,9.0
-54.0,37.0,7.0
-53.0,37.0,6.0
-52.0,37.0,7.0
-54.0,36.0,7.0
-51.0,38.0,8.0
-50.0,38.0,7.0
-47.0,37.0,9.0
-49.0,39.0,8.0
-53.0,39.0,2.0
-55.0,34.0,5.0
-57.0,40.0,-3.0
-52.0,38.0,3.0
-52.0,41.0,3.0
-49.0,40.0,5.0
-50.0,38.0,8.0
-50.0,41.0,4.0
-52.0,38.0,3.0
-55.0,42.0,1.0
-51.0,37.0,8.0
-51.0,39.0,5.0
-52.0,35.0,10.0
-49.0,35.0,11.0
-53.0,35.0,11.0
-51.0,36.0,9.0
-51.0,36.0,7.0
-52.0,39.0,6.0
-46.0,38.0,10.0
-58.0,38.0,1.0
-58.0,37.0,3.0
-51.0,36.0,7.0
-54.0,39.0,4.0
-52.0,38.0,7.0
-56.0,36.0,5.0
-50.0,37.0,8.0
-55.0,35.0,9.0
-50.0,40.0,10.0
-39.0,40.0,14.0
-53.0,39.0,8.0
-44.0,44.0,11.0
-47.0,41.0,12.0
-52.0,41.0,6.0
-54.0,38.0,6.0
-52.0,39.0,7.0
-55.0,38.0,7.0
-55.0,40.0,7.0
-50.0,40.0,9.0
-45.0,39.0,14.0
-45.0,40.0,13.0
-49.0,39.0,10.0
-51.0,39.0,10.0
-50.0,39.0,10.0
-51.0,40.0,5.0
-53.0,38.0,7.0
-51.0,38.0,10.0
-54.0,39.0,8.0
-52.0,38.0,11.0
-51.0,39.0,7.0
-55.0,35.0,8.0
-52.0,39.0,10.0
-47.0,40.0,13.0
-45.0,42.0,9.0
-45.0,43.0,10.0
-47.0,42.0,12.0
-49.0,40.0,9.0
-51.0,39.0,11.0
-51.0,39.0,10.0
-53.0,38.0,6.0
-52.0,39.0,8.0
-50.0,39.0,11.0
-52.0,40.0,7.0
-53.0,38.0,9.0
-48.0,38.0,11.0
-48.0,38.0,11.0
-49.0,40.0,10.0
-56.0,38.0,7.0
-53.0,35.0,8.0
-53.0,38.0,7.0
-54.0,39.0,7.0
-50.0,39.0,10.0
-50.0,38.0,12.0
-49.0,37.0,12.0
-52.0,38.0,11.0
-53.0,38.0,7.0
-49.0,39.0,11.0
-50.0,42.0,8.0
-45.0,40.0,11.0
-47.0,39.0,12.0
-50.0,40.0,9.0
-50.0,39.0,12.0
-51.0,40.0,10.0
-49.0,37.0,11.0
-52.0,39.0,6.0
-54.0,39.0,8.0
-45.0,41.0,14.0
-50.0,41.0,9.0
-50.0,39.0,12.0
-48.0,41.0,10.0
-51.0,39.0,9.0
-53.0,39.0,7.0
-51.0,38.0,8.0
-52.0,40.0,6.0
-52.0,37.0,9.0
-54.0,38.0,7.0
-52.0,36.0,12.0
-50.0,36.0,14.0
-52.0,39.0,4.0
-53.0,39.0,3.0
-49.0,39.0,10.0
-51.0,39.0,7.0
-50.0,38.0,8.0
-48.0,41.0,10.0
-48.0,38.0,12.0
-51.0,41.0,8.0
-50.0,40.0,8.0
-50.0,41.0,6.0
-52.0,41.0,6.0
-51.0,40.0,7.0
-52.0,39.0,8.0
-49.0,38.0,10.0
-50.0,40.0,10.0
-55.0,38.0,6.0
-48.0,37.0,12.0
-52.0,41.0,4.0
-52.0,37.0,8.0
-51.0,41.0,5.0
-49.0,41.0,5.0
-47.0,38.0,8.0
-50.0,38.0,6.0
-72.0,36.0,-4.0
-54.0,34.0,6.0
-48.0,38.0,9.0
-45.0,36.0,13.0
-53.0,37.0,6.0
-51.0,38.0,7.0
-58.0,39.0,2.0
-53.0,38.0,4.0
-45.0,43.0,9.0
-53.0,39.0,5.0
-51.0,40.0,8.0
-48.0,39.0,10.0
-49.0,39.0,8.0
-46.0,38.0,11.0
-51.0,41.0,8.0
-50.0,37.0,10.0
-51.0,40.0,6.0
-50.0,41.0,9.0
-50.0,39.0,8.0
-55.0,37.0,7.0
-52.0,38.0,7.0
-54.0,41.0,2.0
-55.0,37.0,5.0
-51.0,41.0,4.0
-54.0,39.0,5.0
-48.0,37.0,13.0
-49.0,37.0,11.0
-50.0,36.0,12.0
-50.0,37.0,11.0
-56.0,37.0,6.0
-53.0,37.0,10.0
-50.0,41.0,6.0
-50.0,41.0,5.0
-48.0,42.0,9.0
-47.0,41.0,8.0
-52.0,38.0,9.0
-48.0,41.0,10.0
-52.0,39.0,2.0
-52.0,40.0,7.0
-49.0,40.0,7.0
-51.0,40.0,6.0
-50.0,36.0,13.0
-52.0,39.0,8.0
-50.0,36.0,9.0
-54.0,37.0,8.0
-54.0,39.0,4.0
-49.0,36.0,9.0
-52.0,38.0,5.0
-54.0,37.0,6.0
-55.0,38.0,5.0
-50.0,37.0,10.0
-50.0,36.0,11.0
-53.0,37.0,6.0
-56.0,34.0,7.0
-51.0,38.0,8.0
-54.0,41.0,5.0
-52.0,37.0,8.0
-54.0,40.0,5.0
-48.0,38.0,8.0
-47.0,40.0,11.0
-51.0,40.0,4.0
-53.0,40.0,4.0
-51.0,39.0,7.0
-49.0,38.0,7.0
-49.0,39.0,8.0
-51.0,39.0,6.0
-45.0,34.0,13.0
-50.0,38.0,8.0
-53.0,36.0,6.0
-53.0,36.0,6.0
-58.0,35.0,2.0
-57.0,35.0,2.0
-53.0,34.0,6.0
-54.0,34.0,3.0
-56.0,35.0,6.0
-53.0,33.0,10.0
-54.0,36.0,2.0
-54.0,33.0,5.0
-56.0,36.0,7.0
-54.0,36.0,5.0
-55.0,36.0,4.0
-52.0,38.0,6.0
-48.0,38.0,8.0
-51.0,39.0,7.0
-53.0,38.0,3.0
-52.0,39.0,5.0
-50.0,36.0,7.0
-54.0,37.0,8.0
-49.0,38.0,10.0
-52.0,39.0,7.0
-49.0,36.0,9.0
-49.0,39.0,7.0
-51.0,38.0,4.0
-55.0,36.0,5.0
-54.0,37.0,3.0
-56.0,35.0,5.0
-54.0,35.0,6.0
-55.0,35.0,4.0
-53.0,33.0,10.0
-52.0,38.0,6.0
-52.0,35.0,5.0
-52.0,38.0,5.0
-54.0,38.0,3.0
-55.0,32.0,8.0
-56.0,39.0,6.0
-50.0,35.0,10.0
-51.0,41.0,5.0
-50.0,39.0,4.0
-53.0,39.0,3.0
-53.0,41.0,2.0
-52.0,38.0,5.0
-50.0,39.0,7.0
-51.0,37.0,6.0
-53.0,38.0,5.0
-56.0,36.0,3.0
-54.0,36.0,4.0
-52.0,31.0,8.0
-61.0,35.0,1.0
-61.0,33.0,-1.0
-59.0,33.0,2.0
-54.0,34.0,2.0
-56.0,34.0,2.0
-55.0,36.0,5.0
-50.0,37.0,5.0
-52.0,36.0,2.0
-55.0,37.0,3.0
-54.0,34.0,5.0
-55.0,38.0,2.0
-54.0,38.0,4.0
-53.0,37.0,4.0
-51.0,39.0,6.0
-57.0,37.0,3.0
-55.0,38.0,1.0
-52.0,38.0,3.0
-54.0,36.0,7.0
-55.0,35.0,5.0
-49.0,37.0,9.0
-56.0,35.0,6.0
-53.0,37.0,5.0
-50.0,36.0,8.0
-54.0,35.0,6.0
-56.0,36.0,5.0
-51.0,35.0,4.0
-54.0,35.0,3.0
-55.0,36.0,4.0
-57.0,34.0,3.0
-53.0,36.0,7.0
-53.0,35.0,8.0
-55.0,40.0,1.0
-55.0,38.0,4.0
-54.0,37.0,6.0
-50.0,38.0,5.0
-51.0,38.0,10.0
-46.0,39.0,10.0
-53.0,43.0,4.0
-48.0,37.0,10.0
-48.0,39.0,10.0
-57.0,42.0,-1.0
-50.0,43.0,4.0
-51.0,41.0,8.0
-52.0,37.0,6.0
-50.0,39.0,8.0
-54.0,38.0,8.0
-50.0,38.0,9.0
-50.0,39.0,7.0
-50.0,37.0,6.0
-51.0,36.0,8.0
-55.0,36.0,2.0
-58.0,39.0,5.0
-50.0,36.0,8.0
-49.0,38.0,8.0
-49.0,39.0,7.0
-46.0,34.0,9.0
-58.0,37.0,5.0
-52.0,37.0,6.0
-55.0,37.0,3.0
-49.0,37.0,8.0
-48.0,38.0,10.0
-51.0,37.0,9.0
-50.0,39.0,9.0
-49.0,35.0,7.0
-57.0,39.0,1.0
-51.0,38.0,7.0
-52.0,36.0,8.0
-51.0,37.0,7.0
-50.0,37.0,10.0
-51.0,38.0,4.0
-51.0,36.0,10.0
-55.0,38.0,2.0
-52.0,38.0,3.0
-52.0,37.0,5.0
-53.0,38.0,3.0
-55.0,36.0,3.0
-56.0,36.0,5.0
-52.0,35.0,8.0
-57.0,36.0,4.0
-56.0,35.0,6.0
-57.0,34.0,4.0
-53.0,37.0,7.0
-47.0,38.0,10.0
-48.0,38.0,9.0
-51.0,38.0,8.0
-49.0,39.0,10.0
-51.0,40.0,7.0
-50.0,38.0,12.0
-53.0,40.0,7.0
-50.0,38.0,7.0
-50.0,38.0,10.0
-51.0,38.0,10.0
-52.0,40.0,7.0
-51.0,38.0,10.0
-53.0,37.0,5.0
-47.0,40.0,8.0
-53.0,36.0,6.0
-60.0,38.0,2.0
-53.0,38.0,6.0
-51.0,36.0,5.0
-56.0,37.0,5.0
-50.0,36.0,12.0
-55.0,35.0,8.0
-53.0,38.0,5.0
-53.0,39.0,7.0
-53.0,37.0,7.0
-52.0,36.0,10.0
-47.0,40.0,12.0
-48.0,41.0,9.0
-49.0,41.0,8.0
-49.0,43.0,6.0
-51.0,40.0,11.0
-54.0,40.0,3.0
-51.0,37.0,7.0
-48.0,36.0,10.0
-52.0,35.0,8.0
-53.0,38.0,9.0
-54.0,38.0,7.0
-52.0,37.0,6.0
-48.0,39.0,9.0
-49.0,40.0,6.0
-55.0,36.0,3.0
-53.0,37.0,5.0
-52.0,38.0,3.0
-54.0,35.0,6.0
-54.0,39.0,3.0
-54.0,36.0,6.0
-50.0,37.0,10.0
-53.0,39.0,1.0
-60.0,34.0,4.0
-55.0,37.0,7.0
-52.0,39.0,5.0
-51.0,36.0,6.0
-49.0,40.0,5.0
-49.0,42.0,8.0
-49.0,42.0,5.0
-51.0,38.0,6.0
-54.0,40.0,5.0
-53.0,35.0,8.0
-53.0,40.0,6.0
-52.0,37.0,5.0
-50.0,38.0,8.0
-52.0,38.0,5.0
-53.0,36.0,7.0
-53.0,39.0,4.0
-55.0,38.0,3.0
-53.0,36.0,6.0
-54.0,40.0,2.0
-53.0,36.0,7.0
-53.0,40.0,6.0
-50.0,39.0,3.0
-49.0,37.0,11.0
-52.0,37.0,6.0
-57.0,35.0,5.0
-57.0,38.0,6.0
-53.0,36.0,7.0
-51.0,38.0,6.0
-51.0,38.0,7.0
-52.0,38.0,8.0
-51.0,35.0,11.0
-51.0,39.0,5.0
-56.0,37.0,0.0
-45.0,40.0,11.0
-52.0,40.0,9.0
-50.0,39.0,6.0
-44.0,36.0,15.0
-56.0,35.0,4.0
-56.0,35.0,6.0
-54.0,38.0,6.0
-54.0,35.0,6.0
-52.0,39.0,7.0
-57.0,34.0,6.0
-57.0,35.0,5.0
-51.0,36.0,7.0
-51.0,37.0,7.0
-50.0,35.0,8.0
-58.0,39.0,2.0
-55.0,37.0,7.0
-55.0,40.0,2.0
-49.0,37.0,11.0
-48.0,39.0,9.0
-50.0,39.0,7.0
-47.0,37.0,13.0
-57.0,37.0,3.0
-55.0,42.0,0.0
-56.0,38.0,4.0
-46.0,39.0,9.0
-50.0,37.0,7.0
-52.0,36.0,7.0
-54.0,36.0,7.0
-54.0,35.0,7.0
-55.0,35.0,7.0
-52.0,37.0,7.0
-58.0,36.0,3.0
-53.0,37.0,4.0
-52.0,35.0,7.0
-55.0,37.0,4.0
-49.0,37.0,10.0
-53.0,37.0,6.0
-54.0,34.0,7.0
-52.0,40.0,4.0
-56.0,36.0,2.0
-50.0,42.0,5.0
-47.0,39.0,7.0
-50.0,39.0,8.0
-52.0,38.0,11.0
-51.0,38.0,7.0
-59.0,37.0,0.0
-50.0,37.0,10.0
-51.0,38.0,6.0
-50.0,36.0,11.0
-53.0,40.0,7.0
-55.0,38.0,4.0
-46.0,40.0,10.0
-51.0,36.0,9.0
-54.0,39.0,7.0
-51.0,40.0,6.0
-55.0,37.0,3.0
-56.0,36.0,7.0
-53.0,38.0,6.0
-50.0,34.0,11.0
-54.0,35.0,11.0
-50.0,38.0,7.0
-54.0,37.0,4.0
-52.0,40.0,8.0
-54.0,36.0,8.0
-49.0,40.0,11.0
-50.0,40.0,7.0
-51.0,39.0,11.0
-50.0,40.0,7.0
-53.0,39.0,8.0
-49.0,40.0,10.0
-49.0,40.0,9.0
-51.0,40.0,8.0
-51.0,41.0,9.0
-47.0,40.0,12.0
-47.0,40.0,10.0
-53.0,37.0,9.0
-53.0,37.0,8.0
-52.0,39.0,7.0
-54.0,35.0,8.0
-51.0,40.0,9.0
-49.0,39.0,9.0
-54.0,35.0,7.0
-55.0,36.0,7.0
-53.0,36.0,8.0
-52.0,35.0,9.0
-52.0,39.0,7.0
-49.0,38.0,8.0
-52.0,40.0,9.0
-53.0,37.0,6.0
-53.0,39.0,10.0
-50.0,40.0,7.0
-53.0,37.0,8.0
-49.0,40.0,9.0
-52.0,38.0,9.0
-51.0,37.0,10.0
-51.0,40.0,6.0
-50.0,39.0,10.0
-50.0,39.0,10.0
-50.0,40.0,7.0
-49.0,39.0,10.0
-50.0,37.0,11.0
-53.0,35.0,11.0
-53.0,37.0,10.0
-52.0,35.0,11.0
-57.0,34.0,9.0
-48.0,39.0,10.0
-52.0,33.0,9.0
-57.0,39.0,7.0
-45.0,39.0,10.0
-51.0,42.0,6.0
-51.0,39.0,11.0
-49.0,38.0,13.0
-54.0,35.0,9.0
-53.0,39.0,8.0
-53.0,36.0,9.0
-54.0,38.0,9.0
-51.0,40.0,8.0
-49.0,36.0,15.0
-51.0,41.0,8.0
-51.0,39.0,8.0
-50.0,41.0,10.0
-50.0,39.0,9.0
-49.0,39.0,11.0
-48.0,40.0,12.0
-55.0,36.0,11.0
-56.0,37.0,10.0
-50.0,36.0,13.0
-49.0,39.0,14.0
-51.0,39.0,7.0
-50.0,38.0,10.0
-52.0,39.0,9.0
-49.0,38.0,14.0
-49.0,40.0,11.0
-57.0,41.0,5.0
-48.0,40.0,11.0
-49.0,38.0,13.0
-47.0,35.0,15.0
-54.0,40.0,7.0
-48.0,39.0,13.0
-51.0,39.0,10.0
-53.0,40.0,6.0
-50.0,39.0,12.0
-52.0,40.0,8.0
-44.0,41.0,12.0
-45.0,41.0,14.0
-51.0,39.0,8.0
-52.0,40.0,9.0
-49.0,36.0,13.0
-52.0,33.0,12.0
-54.0,36.0,11.0
-54.0,37.0,7.0
-51.0,35.0,12.0
-52.0,37.0,9.0
-53.0,38.0,6.0
-53.0,37.0,9.0
-52.0,38.0,8.0
-55.0,38.0,7.0
-52.0,39.0,9.0
-52.0,35.0,11.0
-52.0,38.0,9.0
-54.0,36.0,9.0
-50.0,35.0,12.0
-53.0,41.0,6.0
-53.0,41.0,3.0
-52.0,37.0,12.0
-52.0,39.0,8.0
-50.0,38.0,12.0
-51.0,39.0,10.0
-48.0,39.0,10.0
-51.0,38.0,11.0
-51.0,39.0,12.0
-50.0,38.0,9.0
-51.0,40.0,10.0
-52.0,35.0,10.0
-52.0,35.0,13.0
-54.0,35.0,8.0
-51.0,36.0,13.0
-51.0,35.0,11.0
-50.0,38.0,9.0
-53.0,37.0,8.0
-56.0,40.0,5.0
-50.0,39.0,9.0
-53.0,38.0,9.0
-51.0,39.0,8.0
-50.0,36.0,13.0
-53.0,38.0,8.0
-54.0,39.0,9.0
-50.0,37.0,11.0
-50.0,40.0,10.0
-52.0,40.0,7.0
-47.0,39.0,13.0
-52.0,39.0,11.0
-50.0,39.0,12.0
-51.0,41.0,10.0
-49.0,41.0,9.0
-49.0,39.0,12.0
-49.0,41.0,10.0
-51.0,37.0,10.0
-51.0,38.0,13.0
-50.0,40.0,9.0
-50.0,40.0,9.0
-48.0,37.0,12.0
-49.0,36.0,15.0
-50.0,37.0,11.0
-55.0,38.0,6.0
-54.0,35.0,9.0
-58.0,34.0,9.0
-52.0,41.0,8.0
-50.0,38.0,10.0
-50.0,37.0,12.0
-49.0,40.0,9.0
-54.0,38.0,8.0
-54.0,41.0,5.0
-47.0,39.0,6.0
-47.0,39.0,12.0
-51.0,37.0,7.0
-51.0,36.0,16.0
-51.0,37.0,11.0
-47.0,35.0,8.0
-55.0,38.0,6.0
-55.0,40.0,1.0
-54.0,33.0,6.0
-51.0,38.0,6.0
-45.0,38.0,18.0
-56.0,39.0,6.0
-53.0,36.0,3.0
-62.0,37.0,2.0
-55.0,32.0,4.0
-55.0,31.0,5.0
-49.0,35.0,11.0
-60.0,34.0,2.0
-61.0,36.0,0.0
-52.0,37.0,6.0
-49.0,38.0,10.0
-48.0,38.0,5.0
-53.0,37.0,8.0
-46.0,35.0,18.0
-55.0,34.0,11.0
-56.0,43.0,5.0
-61.0,52.0,2.0
-43.0,39.0,6.0
-48.0,36.0,8.0
-53.0,35.0,6.0
-55.0,34.0,5.0
-55.0,35.0,8.0
-56.0,31.0,10.0
-60.0,31.0,4.0
-57.0,33.0,1.0
-49.0,35.0,6.0
-53.0,36.0,6.0
-54.0,37.0,3.0
-49.0,37.0,9.0
-54.0,37.0,7.0
-52.0,38.0,7.0
-49.0,36.0,11.0
-51.0,39.0,9.0
-52.0,36.0,9.0
-51.0,33.0,11.0
-52.0,39.0,7.0
-57.0,38.0,2.0
-53.0,37.0,8.0
-51.0,35.0,9.0
-49.0,32.0,14.0
-58.0,38.0,5.0
-54.0,34.0,7.0
-55.0,27.0,9.0
-60.0,31.0,7.0
-52.0,39.0,6.0
-50.0,40.0,5.0
-49.0,37.0,7.0
-51.0,38.0,8.0
-51.0,40.0,7.0
-51.0,39.0,6.0
-53.0,38.0,10.0
-51.0,36.0,11.0
-51.0,38.0,8.0
-51.0,40.0,5.0
-53.0,35.0,9.0
-50.0,37.0,6.0
-52.0,32.0,8.0
-55.0,37.0,5.0
-54.0,37.0,7.0
-58.0,33.0,5.0
-53.0,31.0,5.0
-55.0,36.0,6.0
-52.0,40.0,8.0
-52.0,39.0,3.0
-52.0,37.0,5.0
-56.0,40.0,6.0
-50.0,37.0,8.0
-49.0,38.0,10.0
-51.0,37.0,9.0
-55.0,37.0,7.0
-53.0,37.0,6.0
-53.0,36.0,8.0
-51.0,37.0,9.0
-53.0,33.0,8.0
-54.0,31.0,10.0
-56.0,37.0,4.0
-58.0,34.0,3.0
-57.0,31.0,5.0
-59.0,33.0,2.0
-51.0,34.0,11.0
-55.0,39.0,6.0
-51.0,38.0,6.0
-50.0,37.0,10.0
-53.0,39.0,4.0
-50.0,37.0,10.0
-48.0,35.0,14.0
-55.0,36.0,6.0
-52.0,35.0,5.0
-52.0,36.0,10.0
-55.0,36.0,8.0
-53.0,35.0,9.0
-48.0,35.0,11.0
-56.0,36.0,6.0
-57.0,34.0,5.0
-56.0,32.0,3.0
-58.0,34.0,4.0
-50.0,36.0,12.0
-55.0,39.0,7.0
-50.0,41.0,3.0
-45.0,41.0,9.0
-49.0,37.0,11.0
-54.0,38.0,7.0
-53.0,36.0,9.0
-51.0,36.0,9.0
-51.0,36.0,10.0
-52.0,36.0,8.0
-53.0,36.0,7.0
-51.0,36.0,6.0
-54.0,31.0,10.0
-52.0,36.0,10.0
-56.0,37.0,6.0
-58.0,35.0,2.0
-53.0,33.0,7.0
-55.0,36.0,7.0
-49.0,35.0,12.0
-51.0,38.0,5.0
-54.0,40.0,4.0
-51.0,37.0,7.0
-52.0,34.0,9.0
-50.0,37.0,11.0
-52.0,34.0,12.0
-55.0,36.0,7.0
-56.0,36.0,4.0
-50.0,37.0,13.0
-50.0,40.0,7.0
-54.0,34.0,6.0
-57.0,34.0,5.0
-51.0,38.0,9.0
-54.0,36.0,6.0
-57.0,33.0,4.0
-56.0,31.0,4.0
-55.0,37.0,4.0
-50.0,37.0,8.0
-60.0,37.0,1.0
-54.0,36.0,4.0
-52.0,37.0,9.0
-55.0,37.0,5.0
-53.0,38.0,8.0
-51.0,38.0,8.0
-52.0,35.0,8.0
-53.0,35.0,6.0
-57.0,35.0,6.0
-52.0,35.0,9.0
-54.0,35.0,4.0
-59.0,35.0,6.0
-55.0,37.0,4.0
-58.0,33.0,2.0
-56.0,31.0,5.0
-59.0,32.0,8.0
-55.0,35.0,10.0
-54.0,39.0,2.0
-52.0,37.0,5.0
-52.0,39.0,10.0
-50.0,39.0,5.0
-51.0,40.0,9.0
-49.0,41.0,10.0
-52.0,37.0,7.0
-51.0,37.0,8.0
-53.0,35.0,11.0
-54.0,39.0,8.0
-53.0,37.0,6.0
-54.0,36.0,6.0
-53.0,37.0,7.0
-55.0,39.0,5.0
-54.0,37.0,4.0
-53.0,34.0,4.0
-59.0,29.0,7.0
-60.0,36.0,8.0
-54.0,35.0,9.0
-49.0,36.0,9.0
-46.0,41.0,6.0
-52.0,41.0,2.0
-48.0,40.0,7.0
-49.0,40.0,6.0
-51.0,39.0,2.0
-50.0,37.0,7.0
-49.0,37.0,8.0
-57.0,38.0,6.0
-55.0,37.0,3.0
-52.0,33.0,8.0
-52.0,35.0,8.0
-55.0,36.0,2.0
-58.0,35.0,5.0
-55.0,33.0,1.0
-52.0,32.0,8.0
-57.0,36.0,8.0
-58.0,38.0,0.0
-49.0,40.0,7.0
-51.0,41.0,6.0
-48.0,37.0,8.0
-48.0,37.0,13.0
-51.0,39.0,6.0
-51.0,37.0,6.0
-53.0,40.0,5.0
-52.0,38.0,7.0
-50.0,37.0,10.0
-51.0,36.0,7.0
-57.0,31.0,6.0
-57.0,35.0,6.0
-53.0,34.0,10.0
-58.0,36.0,6.0
-56.0,34.0,0.0
-55.0,33.0,8.0
-55.0,32.0,10.0
-52.0,39.0,2.0
-52.0,38.0,5.0
-50.0,39.0,8.0
-44.0,41.0,9.0
-56.0,36.0,7.0
-56.0,37.0,4.0
-55.0,33.0,10.0
-60.0,35.0,6.0
-52.0,36.0,8.0
-52.0,37.0,7.0
-59.0,33.0,5.0
-53.0,31.0,7.0
-56.0,39.0,4.0
-53.0,36.0,7.0
-54.0,33.0,7.0
-57.0,37.0,8.0
-46.0,38.0,12.0
-46.0,36.0,15.0
-60.0,37.0,5.0
-54.0,38.0,5.0
-52.0,37.0,10.0
-52.0,37.0,8.0
-51.0,36.0,11.0
-57.0,41.0,3.0
-54.0,41.0,5.0
-43.0,36.0,13.0
-56.0,38.0,8.0
-51.0,36.0,8.0
-47.0,34.0,7.0
-57.0,38.0,5.0
-51.0,32.0,11.0
-56.0,33.0,0.0
-53.0,29.0,10.0
-52.0,40.0,8.0
-51.0,41.0,-2.0
-63.0,39.0,2.0
-51.0,39.0,6.0
-49.0,39.0,3.0
-53.0,36.0,5.0
-51.0,33.0,12.0
-55.0,34.0,2.0
-55.0,33.0,0.0
-58.0,35.0,3.0
-57.0,34.0,5.0
-53.0,34.0,7.0
-55.0,34.0,6.0
-54.0,37.0,1.0
-59.0,33.0,-1.0
-56.0,32.0,0.0
-54.0,32.0,-1.0
-50.0,32.0,8.0
-63.0,36.0,3.0
-55.0,32.0,6.0
-52.0,39.0,2.0
-49.0,39.0,3.0
-47.0,40.0,2.0
-53.0,40.0,4.0
-50.0,41.0,4.0
-53.0,37.0,1.0
-51.0,37.0,8.0
-54.0,37.0,3.0
-52.0,37.0,3.0
-56.0,35.0,2.0
-53.0,33.0,1.0
-57.0,36.0,6.0
-55.0,35.0,9.0
-56.0,34.0,-1.0
-55.0,33.0,-5.0
-47.0,33.0,17.0
-51.0,40.0,9.0
-59.0,39.0,-5.0
-51.0,39.0,3.0
-50.0,36.0,5.0
-49.0,35.0,6.0
-53.0,40.0,4.0
-55.0,40.0,-1.0
-53.0,37.0,2.0
-54.0,35.0,7.0
-50.0,37.0,8.0
-53.0,36.0,5.0
-57.0,30.0,6.0
-60.0,34.0,1.0
-57.0,34.0,3.0
-53.0,34.0,6.0
-53.0,33.0,1.0
-51.0,32.0,6.0
-54.0,38.0,4.0
-54.0,38.0,0.0
-54.0,39.0,4.0
-52.0,33.0,5.0
-51.0,33.0,13.0
-56.0,38.0,1.0
-55.0,34.0,1.0
-54.0,34.0,6.0
-57.0,36.0,2.0
-53.0,36.0,6.0
-53.0,36.0,3.0
-52.0,34.0,6.0
-54.0,34.0,7.0
-62.0,29.0,3.0
-63.0,31.0,0.0
-53.0,36.0,7.0
-54.0,38.0,6.0
-44.0,39.0,9.0
-47.0,37.0,10.0
-57.0,34.0,3.0
-59.0,39.0,0.0
-43.0,36.0,12.0
-54.0,39.0,7.0
-53.0,35.0,4.0
-50.0,35.0,6.0
-56.0,36.0,5.0
-56.0,38.0,5.0
-49.0,34.0,8.0
-46.0,26.0,17.0
-57.0,38.0,0.0
-59.0,38.0,-5.0
-46.0,29.0,9.0
-67.0,32.0,0.0
-53.0,36.0,5.0
-55.0,38.0,5.0
-65.0,41.0,-7.0
-49.0,37.0,7.0
-48.0,36.0,12.0
-52.0,40.0,6.0
-55.0,38.0,1.0
-51.0,36.0,8.0
-50.0,36.0,3.0
-57.0,37.0,4.0
-54.0,38.0,8.0
-51.0,34.0,11.0
-54.0,34.0,6.0
-54.0,34.0,6.0
-51.0,34.0,7.0
-63.0,31.0,-1.0
-49.0,32.0,5.0
-55.0,38.0,10.0
-59.0,38.0,2.0
-51.0,38.0,6.0
-46.0,40.0,8.0
-52.0,35.0,5.0
-55.0,40.0,2.0
-54.0,39.0,6.0
-55.0,36.0,3.0
-47.0,36.0,9.0
-56.0,38.0,5.0
-54.0,37.0,11.0
-51.0,34.0,9.0
-52.0,38.0,-1.0
-57.0,32.0,3.0
-58.0,34.0,4.0
-51.0,31.0,6.0
-53.0,36.0,5.0
-45.0,34.0,10.0
-54.0,37.0,9.0
-55.0,39.0,5.0
-50.0,39.0,7.0
-51.0,36.0,6.0
-57.0,38.0,3.0
-51.0,36.0,11.0
-54.0,38.0,2.0
-57.0,35.0,5.0
-51.0,36.0,10.0
-50.0,37.0,8.0
-56.0,34.0,5.0
-54.0,36.0,5.0
-56.0,36.0,4.0
-59.0,32.0,4.0
-51.0,33.0,4.0
-60.0,36.0,5.0
-55.0,36.0,9.0
-53.0,38.0,-1.0
-50.0,37.0,5.0
-48.0,41.0,7.0
-52.0,36.0,7.0
-52.0,37.0,12.0
-58.0,34.0,8.0
-52.0,35.0,2.0
-49.0,33.0,13.0
-52.0,36.0,14.0
-54.0,36.0,5.0
-55.0,39.0,0.0
-55.0,29.0,11.0
-59.0,34.0,3.0
-56.0,30.0,1.0
-47.0,33.0,9.0
-54.0,40.0,2.0
-57.0,38.0,1.0
-49.0,32.0,11.0
-54.0,38.0,7.0
-53.0,40.0,6.0
-50.0,36.0,9.0
-50.0,36.0,9.0
-56.0,36.0,2.0
-53.0,34.0,8.0
-53.0,36.0,12.0
-53.0,35.0,8.0
-57.0,34.0,7.0
-53.0,35.0,5.0
-60.0,36.0,1.0
-59.0,33.0,7.0
-43.0,31.0,8.0
-67.0,37.0,7.0
-52.0,39.0,8.0
-53.0,38.0,3.0
-51.0,39.0,4.0
-52.0,36.0,9.0
-55.0,40.0,5.0
-46.0,35.0,11.0
-50.0,37.0,4.0
-55.0,37.0,3.0
-52.0,38.0,12.0
-53.0,37.0,9.0
-58.0,32.0,4.0
-53.0,35.0,8.0
-60.0,35.0,5.0
-61.0,35.0,-1.0
-55.0,32.0,6.0
-48.0,32.0,6.0
-53.0,38.0,7.0
-50.0,36.0,7.0
-57.0,34.0,3.0
-56.0,32.0,8.0
-47.0,39.0,8.0
-49.0,34.0,9.0
-49.0,38.0,9.0
-54.0,41.0,4.0
-53.0,35.0,4.0
-58.0,37.0,7.0
-56.0,32.0,8.0
-54.0,34.0,5.0
-50.0,33.0,10.0
-46.0,32.0,10.0
-59.0,34.0,0.0
-58.0,32.0,10.0
-57.0,28.0,0.0
-59.0,31.0,5.0
-54.0,40.0,4.0
-59.0,36.0,-1.0
-52.0,37.0,3.0
-50.0,34.0,8.0
-55.0,38.0,3.0
-50.0,34.0,11.0
-53.0,35.0,8.0
-59.0,37.0,-2.0
-55.0,34.0,10.0
-49.0,34.0,13.0
-54.0,34.0,5.0
-55.0,36.0,4.0
-48.0,34.0,9.0
-60.0,36.0,-2.0
-58.0,29.0,6.0
-47.0,32.0,5.0
-53.0,38.0,8.0
-60.0,37.0,0.0
-58.0,37.0,-3.0
-56.0,38.0,5.0
-48.0,39.0,5.0
-48.0,35.0,7.0
-57.0,37.0,8.0
-61.0,35.0,2.0
-51.0,35.0,-3.0
-56.0,33.0,13.0
-53.0,37.0,9.0
-53.0,32.0,6.0
-55.0,34.0,4.0
-60.0,38.0,0.0
-57.0,33.0,0.0
-60.0,31.0,2.0
-52.0,32.0,6.0
-53.0,34.0,8.0
-65.0,40.0,-4.0
-57.0,36.0,-1.0
-48.0,38.0,12.0
-53.0,38.0,9.0
-46.0,36.0,10.0
-50.0,41.0,6.0
-51.0,35.0,3.0
-52.0,36.0,5.0
-58.0,36.0,-2.0
-52.0,35.0,12.0
-55.0,32.0,11.0
-52.0,34.0,2.0
-53.0,35.0,6.0
-57.0,38.0,0.0
-51.0,32.0,7.0
-55.0,33.0,4.0
-57.0,36.0,7.0
-50.0,35.0,6.0
-54.0,41.0,4.0
-46.0,39.0,11.0
-50.0,41.0,2.0
-49.0,35.0,6.0
-53.0,40.0,12.0
-53.0,39.0,6.0
-49.0,37.0,7.0
-54.0,36.0,10.0
-52.0,37.0,10.0
-49.0,33.0,10.0
-54.0,34.0,7.0
-54.0,41.0,-2.0
-55.0,35.0,3.0
-54.0,35.0,3.0
-53.0,33.0,2.0
-52.0,34.0,11.0
-51.0,39.0,6.0
-55.0,37.0,1.0
-57.0,36.0,4.0
-48.0,40.0,9.0
-51.0,35.0,8.0
-50.0,39.0,10.0
-51.0,39.0,5.0
-51.0,34.0,3.0
-55.0,39.0,6.0
-52.0,36.0,11.0
-51.0,36.0,10.0
-49.0,32.0,8.0
-53.0,34.0,6.0
-55.0,34.0,3.0
-58.0,35.0,3.0
-51.0,33.0,7.0
-56.0,31.0,7.0
-51.0,34.0,14.0
-60.0,33.0,6.0
-63.0,37.0,-7.0
-53.0,36.0,5.0
-53.0,32.0,8.0
-51.0,37.0,10.0
-48.0,39.0,10.0
-56.0,33.0,2.0
-53.0,34.0,6.0
-57.0,35.0,10.0
-57.0,38.0,4.0
-47.0,33.0,6.0
-55.0,29.0,12.0
-58.0,37.0,2.0
-55.0,36.0,5.0
-58.0,31.0,7.0
-55.0,30.0,7.0
-50.0,32.0,10.0
-56.0,32.0,8.0
-46.0,32.0,9.0
-59.0,38.0,4.0
-56.0,40.0,6.0
-36.0,40.0,18.0
-53.0,45.0,3.0
-57.0,41.0,-4.0
-46.0,43.0,14.0
-54.0,40.0,6.0
-48.0,38.0,10.0
-49.0,40.0,15.0
-56.0,32.0,10.0
-49.0,34.0,10.0
-51.0,41.0,7.0
-54.0,39.0,1.0
-56.0,30.0,11.0
-53.0,33.0,11.0
-54.0,35.0,9.0
-60.0,43.0,0.0
-49.0,43.0,1.0
-46.0,40.0,11.0
-44.0,39.0,14.0
-49.0,39.0,9.0
-60.0,41.0,4.0
-51.0,38.0,9.0
-49.0,40.0,7.0
-54.0,38.0,7.0
-50.0,39.0,11.0
-53.0,35.0,9.0
-54.0,35.0,7.0
-50.0,39.0,11.0
-51.0,40.0,5.0
-53.0,32.0,10.0
-55.0,32.0,8.0
-58.0,33.0,7.0
-55.0,34.0,11.0
-55.0,41.0,1.0
-52.0,41.0,3.0
-45.0,42.0,11.0
-39.0,37.0,12.0
-57.0,44.0,5.0
-50.0,39.0,11.0
-54.0,40.0,3.0
-55.0,37.0,3.0
-43.0,38.0,13.0
-50.0,34.0,11.0
-52.0,34.0,6.0
-54.0,33.0,10.0
-61.0,35.0,4.0
-61.0,31.0,6.0
-56.0,33.0,7.0
-54.0,36.0,1.0
-54.0,36.0,9.0
-48.0,39.0,12.0
-56.0,43.0,2.0
-49.0,39.0,7.0
-49.0,41.0,9.0
-49.0,40.0,9.0
-45.0,37.0,11.0
-52.0,39.0,6.0
-50.0,36.0,10.0
-56.0,38.0,7.0
-51.0,37.0,10.0
-51.0,34.0,13.0
-46.0,33.0,15.0
-57.0,33.0,8.0
-59.0,38.0,-10.0
-56.0,34.0,9.0
-59.0,32.0,9.0
-58.0,29.0,7.0
-44.0,38.0,9.0
-53.0,41.0,6.0
-59.0,41.0,0.0
-50.0,42.0,6.0
-42.0,39.0,12.0
-52.0,36.0,9.0
-54.0,34.0,11.0
-55.0,37.0,6.0
-52.0,34.0,7.0
-52.0,34.0,10.0
-52.0,37.0,6.0
-59.0,33.0,4.0
-52.0,37.0,7.0
-46.0,36.0,9.0
-61.0,33.0,4.0
-55.0,33.0,6.0
-49.0,33.0,5.0
-54.0,31.0,10.0
-57.0,36.0,3.0
-63.0,37.0,-1.0
-45.0,32.0,14.0
-53.0,38.0,9.0
-49.0,40.0,5.0
-53.0,41.0,6.0
-55.0,33.0,5.0
-54.0,34.0,6.0
-55.0,31.0,12.0
-54.0,30.0,15.0
-51.0,33.0,13.0
-52.0,35.0,8.0
-56.0,36.0,6.0
-52.0,37.0,8.0
-56.0,33.0,6.0
-55.0,32.0,9.0
-50.0,33.0,8.0
-48.0,32.0,17.0
-57.0,40.0,-4.0
-50.0,38.0,11.0
-52.0,37.0,7.0
-49.0,38.0,8.0
-48.0,37.0,14.0
-54.0,36.0,6.0
-53.0,33.0,8.0
-56.0,35.0,7.0
-58.0,34.0,8.0
-50.0,38.0,8.0
-53.0,34.0,7.0
-47.0,40.0,9.0
-48.0,40.0,8.0
-58.0,35.0,3.0
-55.0,33.0,9.0
-52.0,36.0,4.0
-44.0,37.0,10.0
-61.0,38.0,3.0
-60.0,39.0,-2.0
-47.0,38.0,9.0
-47.0,40.0,9.0
-50.0,39.0,8.0
-50.0,38.0,12.0
-54.0,37.0,6.0
-54.0,37.0,4.0
-57.0,37.0,7.0
-50.0,36.0,13.0
-47.0,33.0,17.0
-56.0,34.0,13.0
-53.0,37.0,0.0
-54.0,41.0,6.0
-54.0,38.0,5.0
-55.0,33.0,3.0
-49.0,36.0,13.0
-56.0,43.0,5.0
-58.0,41.0,-5.0
-53.0,38.0,7.0
-51.0,38.0,9.0
-53.0,39.0,7.0
-50.0,38.0,8.0
-47.0,37.0,8.0
-50.0,37.0,10.0
-60.0,37.0,0.0
-54.0,34.0,9.0
-58.0,34.0,10.0
-51.0,35.0,9.0
-49.0,34.0,7.0
-51.0,36.0,6.0
-62.0,31.0,4.0
-58.0,31.0,6.0
-49.0,32.0,9.0
-53.0,34.0,10.0
-55.0,37.0,5.0
-51.0,41.0,3.0
-53.0,39.0,8.0
-48.0,41.0,8.0
-53.0,39.0,2.0
-53.0,37.0,8.0
-49.0,38.0,10.0
-50.0,36.0,7.0
-57.0,35.0,6.0
-49.0,31.0,18.0
-52.0,33.0,14.0
-59.0,35.0,-1.0
-59.0,33.0,2.0
-60.0,34.0,6.0
-59.0,35.0,3.0
-49.0,33.0,11.0
-56.0,35.0,4.0
-49.0,36.0,16.0
-47.0,35.0,15.0
-57.0,43.0,-4.0
-45.0,39.0,11.0
-50.0,39.0,11.0
-45.0,42.0,10.0
-53.0,37.0,8.0
-58.0,36.0,6.0
-51.0,40.0,5.0
-53.0,35.0,14.0
-50.0,35.0,16.0
-52.0,35.0,13.0
-51.0,33.0,13.0
-53.0,34.0,15.0
-58.0,38.0,-5.0
-60.0,34.0,4.0
-59.0,32.0,7.0
-55.0,32.0,6.0
-48.0,40.0,13.0
-52.0,43.0,-1.0
-52.0,39.0,5.0
-49.0,39.0,14.0
-50.0,42.0,9.0
-49.0,40.0,9.0
-47.0,36.0,14.0
-54.0,37.0,6.0
-57.0,36.0,4.0
-57.0,35.0,10.0
-53.0,34.0,16.0
-48.0,37.0,15.0
-46.0,45.0,0.0
-48.0,36.0,11.0
-51.0,34.0,10.0
-44.0,39.0,10.0
-52.0,39.0,2.0
-52.0,37.0,9.0
-56.0,40.0,3.0
-48.0,43.0,10.0
-40.0,44.0,13.0
-55.0,39.0,7.0
-49.0,38.0,7.0
-51.0,35.0,11.0
-54.0,37.0,11.0
-52.0,36.0,6.0
-54.0,38.0,5.0
-50.0,40.0,12.0
-52.0,38.0,9.0
-49.0,37.0,10.0
-45.0,35.0,14.0
-54.0,38.0,5.0
-54.0,32.0,11.0
-53.0,28.0,15.0
-62.0,41.0,-5.0
-48.0,41.0,6.0
-54.0,39.0,7.0
-51.0,44.0,3.0
-38.0,40.0,20.0
-41.0,40.0,14.0
-57.0,44.0,-1.0
-53.0,40.0,10.0
-53.0,37.0,8.0
-52.0,36.0,5.0
-47.0,39.0,11.0
-52.0,38.0,12.0
-53.0,36.0,4.0
-51.0,37.0,6.0
-53.0,39.0,9.0
-51.0,37.0,10.0
-50.0,35.0,11.0
-48.0,37.0,4.0
-58.0,34.0,11.0
-60.0,37.0,10.0
-54.0,45.0,-2.0
-47.0,44.0,1.0
-45.0,40.0,10.0
-49.0,36.0,12.0
-54.0,41.0,9.0
-49.0,37.0,9.0
-54.0,39.0,2.0
-51.0,36.0,7.0
-49.0,37.0,14.0
-50.0,33.0,11.0
-53.0,35.0,5.0
-55.0,33.0,11.0
-60.0,38.0,8.0
-56.0,33.0,0.0
-50.0,35.0,8.0
-43.0,33.0,11.0
-50.0,36.0,11.0
-61.0,44.0,0.0
-53.0,42.0,1.0
-46.0,38.0,11.0
-54.0,38.0,4.0
-49.0,37.0,10.0
-51.0,37.0,9.0
-51.0,38.0,3.0
-49.0,36.0,10.0
-54.0,36.0,9.0
-53.0,35.0,9.0
-54.0,35.0,10.0
-54.0,33.0,8.0
-52.0,36.0,3.0
-62.0,34.0,7.0
-51.0,32.0,0.0
-60.0,34.0,6.0
-49.0,36.0,12.0
-55.0,41.0,4.0
-57.0,39.0,2.0
-49.0,40.0,7.0
-47.0,43.0,5.0
-50.0,35.0,16.0
-48.0,36.0,17.0
-57.0,36.0,6.0
-54.0,36.0,9.0
-50.0,33.0,15.0
-50.0,34.0,13.0
-58.0,33.0,16.0
-50.0,37.0,12.0
-58.0,39.0,-1.0
-55.0,32.0,11.0
-70.0,25.0,7.0
-52.0,34.0,6.0
-52.0,38.0,13.0
-61.0,45.0,1.0
-50.0,37.0,7.0
-46.0,36.0,15.0
-52.0,40.0,9.0
-52.0,41.0,5.0
-57.0,37.0,10.0
-57.0,34.0,5.0
-48.0,37.0,4.0
-56.0,36.0,4.0
-51.0,32.0,16.0
-48.0,30.0,18.0
-55.0,36.0,11.0
-56.0,38.0,-2.0
-55.0,30.0,14.0
-58.0,32.0,7.0
-52.0,33.0,5.0
-52.0,37.0,11.0
-50.0,44.0,3.0
-49.0,38.0,8.0
-49.0,39.0,13.0
-58.0,38.0,3.0
-51.0,34.0,12.0
-53.0,35.0,9.0
-58.0,37.0,-1.0
-52.0,35.0,12.0
-47.0,33.0,17.0
-56.0,31.0,11.0
-55.0,34.0,12.0
-50.0,37.0,7.0
-60.0,32.0,2.0
-49.0,32.0,3.0
-56.0,31.0,1.0
-54.0,41.0,8.0
-49.0,47.0,4.0
-53.0,37.0,5.0
-53.0,39.0,8.0
-49.0,40.0,6.0
-51.0,32.0,11.0
-52.0,35.0,9.0
-57.0,36.0,2.0
-53.0,34.0,7.0
-54.0,31.0,13.0
-55.0,34.0,12.0
-55.0,33.0,16.0
-58.0,35.0,1.0
-61.0,33.0,5.0
-55.0,29.0,4.0
-50.0,31.0,11.0
-52.0,39.0,6.0
-45.0,48.0,-2.0
-50.0,38.0,0.0
-49.0,33.0,15.0
-59.0,26.0,13.0
-56.0,36.0,7.0
-60.0,29.0,5.0
-50.0,37.0,4.0
-57.0,37.0,0.0
-47.0,38.0,12.0
-49.0,33.0,17.0
-51.0,30.0,5.0
-59.0,34.0,4.0
-62.0,30.0,6.0
-59.0,30.0,7.0
-45.0,29.0,10.0
-60.0,35.0,-2.0
-50.0,37.0,11.0
-52.0,40.0,1.0
-48.0,40.0,5.0
-58.0,33.0,-1.0
-49.0,38.0,15.0
-52.0,34.0,11.0
-52.0,33.0,6.0
-52.0,34.0,11.0
-54.0,34.0,7.0
-50.0,31.0,13.0
-52.0,32.0,13.0
-58.0,34.0,2.0
-56.0,37.0,6.0
-57.0,32.0,3.0
-55.0,29.0,11.0
-59.0,34.0,-3.0
-58.0,38.0,0.0
-57.0,38.0,6.0
-52.0,39.0,3.0
-46.0,38.0,12.0
-57.0,35.0,10.0
-54.0,41.0,-1.0
-41.0,38.0,12.0
-59.0,36.0,2.0
-59.0,37.0,-5.0
-52.0,37.0,11.0
-51.0,35.0,11.0
-52.0,29.0,14.0
-54.0,28.0,16.0
-51.0,36.0,8.0
-57.0,38.0,-4.0
-69.0,30.0,7.0
-54.0,25.0,13.0
-49.0,36.0,13.0
-48.0,45.0,-1.0
-47.0,39.0,-2.0
-53.0,40.0,4.0
-54.0,41.0,5.0
-50.0,39.0,6.0
-52.0,38.0,10.0
-51.0,35.0,7.0
-49.0,36.0,6.0
-53.0,34.0,10.0
-51.0,33.0,14.0
-52.0,34.0,12.0
-49.0,33.0,9.0
-55.0,35.0,8.0
-62.0,37.0,1.0
-59.0,32.0,3.0
-50.0,32.0,8.0
-52.0,35.0,11.0
-52.0,36.0,7.0
-54.0,36.0,1.0
-52.0,38.0,8.0
-49.0,40.0,8.0
-50.0,34.0,7.0
-55.0,42.0,3.0
-50.0,41.0,6.0
-53.0,38.0,3.0
-46.0,35.0,6.0
-53.0,34.0,10.0
-53.0,36.0,13.0
-47.0,34.0,21.0
-48.0,36.0,17.0
-73.0,38.0,-13.0
-49.0,32.0,12.0
-60.0,38.0,1.0
-52.0,32.0,5.0
-49.0,36.0,11.0
-52.0,37.0,8.0
-51.0,39.0,11.0
-49.0,40.0,5.0
-56.0,40.0,5.0
-47.0,45.0,5.0
-49.0,42.0,6.0
-48.0,38.0,13.0
-45.0,39.0,10.0
-50.0,37.0,9.0
-54.0,35.0,11.0
-53.0,37.0,13.0
-52.0,37.0,11.0
-53.0,37.0,3.0
-55.0,37.0,4.0
-50.0,35.0,10.0
-58.0,38.0,4.0
-55.0,34.0,8.0
-48.0,34.0,12.0
-52.0,36.0,5.0
-56.0,36.0,5.0
-58.0,36.0,4.0
-54.0,35.0,6.0
-52.0,39.0,8.0
-48.0,38.0,8.0
-54.0,37.0,7.0
-49.0,39.0,8.0
-53.0,38.0,7.0
-53.0,38.0,2.0
-51.0,37.0,9.0
-58.0,36.0,3.0
-58.0,33.0,4.0
-54.0,36.0,5.0
-56.0,34.0,3.0
-54.0,29.0,12.0
-52.0,33.0,8.0
-59.0,31.0,2.0
-53.0,35.0,6.0
-51.0,35.0,6.0
-58.0,29.0,5.0
-55.0,36.0,6.0
-48.0,35.0,11.0
-61.0,34.0,4.0
-59.0,34.0,4.0
-51.0,33.0,13.0
-52.0,35.0,12.0
-53.0,31.0,9.0
-51.0,32.0,13.0
-52.0,33.0,14.0
-56.0,33.0,14.0
-52.0,37.0,12.0
-51.0,39.0,7.0
-49.0,15.0,3.0
-58.0,52.0,15.0
-51.0,37.0,7.0
-47.0,35.0,13.0
-55.0,34.0,8.0
-56.0,36.0,5.0
-52.0,35.0,11.0
-54.0,37.0,7.0
-58.0,36.0,3.0
-52.0,36.0,9.0
-52.0,35.0,10.0
-48.0,37.0,7.0
-54.0,36.0,8.0
-51.0,39.0,10.0
-50.0,38.0,9.0
-49.0,41.0,7.0
-51.0,38.0,10.0
-52.0,39.0,7.0
-48.0,41.0,9.0
-53.0,39.0,9.0
-51.0,38.0,8.0
-50.0,38.0,13.0
-51.0,40.0,12.0
-52.0,36.0,8.0
-48.0,36.0,15.0
-53.0,38.0,6.0
-53.0,36.0,8.0
-50.0,39.0,8.0
-53.0,39.0,8.0
-53.0,38.0,7.0
-53.0,37.0,9.0
-53.0,38.0,7.0
-51.0,35.0,12.0
-53.0,37.0,10.0
-54.0,37.0,6.0
-54.0,38.0,7.0
-51.0,40.0,9.0
-50.0,41.0,9.0
-51.0,41.0,7.0
-48.0,40.0,10.0
-50.0,40.0,8.0
-49.0,40.0,12.0
-49.0,42.0,10.0
-51.0,39.0,8.0
-50.0,41.0,9.0
-51.0,39.0,8.0
-48.0,38.0,12.0
-50.0,40.0,10.0
-48.0,37.0,12.0
-53.0,38.0,10.0
-52.0,39.0,7.0
-54.0,36.0,9.0
-54.0,40.0,7.0
-51.0,37.0,8.0
-54.0,38.0,8.0
-50.0,40.0,11.0
-51.0,34.0,11.0
-52.0,39.0,9.0
-53.0,36.0,11.0
-53.0,39.0,10.0
-49.0,42.0,8.0
-47.0,39.0,11.0
-48.0,42.0,11.0
-49.0,40.0,10.0
-53.0,41.0,8.0
-51.0,38.0,11.0
-51.0,39.0,9.0
-53.0,40.0,9.0
-49.0,40.0,11.0
-50.0,38.0,10.0
-50.0,39.0,12.0
-50.0,38.0,13.0
-48.0,39.0,13.0
-52.0,40.0,8.0
-51.0,38.0,10.0
-49.0,38.0,9.0
-51.0,38.0,8.0
-57.0,36.0,6.0
-54.0,35.0,9.0
-49.0,37.0,12.0
-49.0,38.0,14.0
-52.0,37.0,6.0
-54.0,36.0,8.0
-53.0,39.0,7.0
-55.0,36.0,7.0
-49.0,38.0,12.0
-46.0,41.0,10.0
-50.0,39.0,9.0
-52.0,42.0,6.0
-46.0,39.0,12.0
-49.0,42.0,10.0
-57.0,46.0,-2.0
-54.0,44.0,2.0
-42.0,37.0,15.0
-50.0,39.0,7.0
-51.0,36.0,13.0
-54.0,37.0,10.0
-48.0,39.0,9.0
-46.0,38.0,11.0
-55.0,37.0,6.0
-51.0,39.0,7.0
-52.0,37.0,8.0
-53.0,39.0,3.0
-51.0,38.0,7.0
-50.0,40.0,9.0
-51.0,40.0,7.0
-50.0,37.0,9.0
-51.0,39.0,8.0
-54.0,41.0,4.0
-51.0,42.0,5.0
-48.0,40.0,9.0
-49.0,43.0,8.0
-45.0,39.0,11.0
-50.0,40.0,10.0
-53.0,40.0,8.0
-53.0,40.0,7.0
-51.0,37.0,12.0
-49.0,39.0,11.0
-49.0,39.0,9.0
-50.0,39.0,9.0
-47.0,38.0,14.0
-51.0,40.0,8.0
-48.0,40.0,9.0
-48.0,39.0,8.0
-52.0,40.0,6.0
-53.0,42.0,5.0
-54.0,35.0,12.0
-52.0,37.0,14.0
-49.0,40.0,6.0
-52.0,37.0,5.0
-50.0,36.0,14.0
-55.0,41.0,4.0
-50.0,43.0,4.0
-43.0,41.0,11.0
-44.0,41.0,11.0
-52.0,41.0,9.0
-45.0,40.0,12.0
-52.0,41.0,5.0
-57.0,39.0,3.0
-52.0,40.0,9.0
-53.0,38.0,9.0
-44.0,38.0,16.0
-42.0,40.0,14.0
-52.0,35.0,12.0
-53.0,41.0,4.0
-52.0,40.0,5.0
-53.0,38.0,7.0
-52.0,41.0,5.0
-50.0,39.0,6.0
-49.0,35.0,12.0
-52.0,39.0,9.0
-53.0,37.0,9.0
-53.0,35.0,8.0
-56.0,40.0,6.0
-54.0,41.0,7.0
-51.0,43.0,5.0
-48.0,40.0,8.0
-47.0,39.0,9.0
-47.0,43.0,9.0
-48.0,41.0,11.0
-52.0,41.0,5.0
-48.0,40.0,10.0
-50.0,38.0,9.0
-52.0,36.0,10.0
-50.0,39.0,13.0
-53.0,38.0,7.0
-47.0,37.0,16.0
-51.0,42.0,8.0
-48.0,37.0,12.0
-50.0,40.0,11.0
-56.0,38.0,7.0
-50.0,38.0,10.0
-53.0,40.0,8.0
-51.0,37.0,9.0
-49.0,39.0,13.0
-50.0,38.0,11.0
-52.0,36.0,9.0
-54.0,40.0,9.0
-56.0,36.0,8.0
-52.0,43.0,7.0
-48.0,39.0,11.0
-52.0,39.0,10.0
-43.0,42.0,13.0
-43.0,41.0,13.0
-53.0,40.0,7.0
-50.0,39.0,8.0
-54.0,40.0,7.0
-52.0,39.0,9.0
-51.0,38.0,11.0
-49.0,39.0,8.0
-51.0,34.0,11.0
-50.0,41.0,9.0
-50.0,39.0,8.0
-53.0,38.0,7.0
-50.0,40.0,7.0
-52.0,38.0,7.0
-55.0,39.0,4.0
-49.0,38.0,11.0
-53.0,38.0,11.0
-50.0,38.0,11.0
-50.0,36.0,10.0
-54.0,38.0,7.0
-55.0,39.0,6.0
-52.0,39.0,8.0
-49.0,38.0,10.0
-52.0,40.0,9.0
-49.0,40.0,11.0
-50.0,42.0,8.0
-47.0,40.0,11.0
-46.0,40.0,11.0
-48.0,41.0,11.0
-53.0,38.0,8.0
-54.0,39.0,7.0
-51.0,40.0,11.0
-49.0,40.0,9.0
-48.0,41.0,8.0
-47.0,38.0,10.0
-51.0,38.0,10.0
-53.0,39.0,6.0
-55.0,38.0,5.0
-51.0,39.0,6.0
-50.0,39.0,7.0
-53.0,38.0,8.0
-51.0,40.0,7.0
-51.0,37.0,9.0
-52.0,37.0,9.0
-53.0,36.0,8.0
-51.0,38.0,8.0
-49.0,39.0,9.0
-53.0,39.0,6.0
-50.0,39.0,7.0
-50.0,41.0,7.0
-52.0,39.0,8.0
-48.0,39.0,9.0
-50.0,40.0,8.0
-54.0,37.0,7.0
-52.0,41.0,7.0
-51.0,39.0,7.0
-52.0,38.0,9.0
-48.0,40.0,10.0
-53.0,37.0,8.0
-52.0,38.0,7.0
-54.0,37.0,8.0
-52.0,37.0,8.0
-52.0,38.0,8.0
-52.0,39.0,9.0
-50.0,38.0,6.0
-50.0,39.0,7.0
-54.0,39.0,5.0
-55.0,36.0,5.0
-49.0,39.0,10.0
-55.0,37.0,6.0
-53.0,37.0,7.0
-52.0,37.0,9.0
-52.0,37.0,8.0
-53.0,37.0,9.0
-52.0,39.0,8.0
-52.0,37.0,7.0
-50.0,38.0,10.0
-51.0,40.0,7.0
-51.0,39.0,8.0
-50.0,41.0,7.0
-51.0,40.0,7.0
-51.0,42.0,7.0
-52.0,40.0,5.0
-51.0,38.0,10.0
-49.0,40.0,9.0
-52.0,37.0,8.0
-51.0,41.0,8.0
-47.0,39.0,10.0
-50.0,40.0,8.0
-50.0,39.0,9.0
-51.0,40.0,8.0
-54.0,38.0,7.0
-51.0,38.0,7.0
-51.0,39.0,7.0
-49.0,39.0,9.0
-54.0,36.0,6.0
-50.0,39.0,8.0
-51.0,36.0,8.0
-53.0,39.0,3.0
-56.0,38.0,4.0
-55.0,36.0,5.0
-54.0,37.0,5.0
-52.0,37.0,7.0
-53.0,38.0,5.0
-53.0,35.0,8.0
-53.0,37.0,8.0
-56.0,37.0,4.0
-54.0,36.0,8.0
-50.0,38.0,7.0
-52.0,39.0,6.0
-51.0,41.0,8.0
-46.0,40.0,9.0
-49.0,41.0,8.0
-50.0,40.0,7.0
-47.0,39.0,12.0
-51.0,41.0,7.0
-52.0,40.0,9.0
-51.0,41.0,9.0
-52.0,40.0,8.0
-48.0,42.0,8.0
-46.0,40.0,13.0
-48.0,40.0,11.0
-49.0,39.0,13.0
-49.0,40.0,10.0
-50.0,39.0,12.0
-52.0,40.0,6.0
-50.0,40.0,6.0
-49.0,40.0,9.0
-54.0,39.0,5.0
-50.0,37.0,11.0
-50.0,37.0,10.0
-53.0,39.0,6.0
-50.0,38.0,10.0
-52.0,39.0,7.0
-52.0,37.0,7.0
-53.0,37.0,7.0
-53.0,38.0,8.0
-53.0,34.0,9.0
-53.0,37.0,8.0
-53.0,39.0,7.0
-52.0,39.0,7.0
-53.0,42.0,5.0
-50.0,41.0,5.0
-49.0,40.0,10.0
-49.0,40.0,9.0
-49.0,37.0,11.0
-55.0,38.0,8.0
-51.0,35.0,12.0
-51.0,40.0,8.0
-50.0,40.0,8.0
-48.0,38.0,11.0
-49.0,42.0,7.0
-50.0,38.0,8.0
-51.0,37.0,9.0
-53.0,38.0,8.0
-53.0,37.0,7.0
-50.0,40.0,7.0
-52.0,39.0,5.0
-53.0,38.0,7.0
-52.0,39.0,7.0
-57.0,35.0,7.0
-55.0,39.0,8.0
-84.0,44.0,-6.0
-57.0,35.0,15.0
-50.0,42.0,15.0
-54.0,47.0,15.0
-35.0,39.0,34.0
-34.0,46.0,28.0
-21.0,23.0,22.0
-21.0,29.0,9.0
-58.0,48.0,8.0
-58.0,43.0,2.0
-60.0,43.0,13.0
-75.0,45.0,0.0
-26.0,46.0,-23.0
-15.0,50.0,-15.0
-29.0,43.0,-12.0
-56.0,42.0,-7.0
-68.0,39.0,3.0
-71.0,40.0,-15.0
-51.0,40.0,8.0
-44.0,40.0,21.0
-50.0,50.0,-7.0
-55.0,44.0,-12.0
-59.0,37.0,2.0
-51.0,39.0,3.0
-43.0,44.0,-3.0
-38.0,49.0,16.0
-44.0,44.0,12.0
-48.0,37.0,20.0
-45.0,39.0,18.0
-51.0,43.0,7.0
-45.0,45.0,11.0
-51.0,43.0,10.0
-52.0,46.0,5.0
-45.0,41.0,17.0
-48.0,44.0,10.0
-45.0,43.0,12.0
-46.0,41.0,15.0
-39.0,42.0,18.0
-47.0,47.0,7.0
-51.0,43.0,8.0
-47.0,42.0,11.0
-45.0,41.0,13.0
-51.0,44.0,9.0
-49.0,41.0,10.0
-42.0,41.0,16.0
-46.0,45.0,9.0
-52.0,43.0,7.0
-48.0,41.0,11.0
-57.0,41.0,5.0
-47.0,41.0,12.0
-45.0,42.0,11.0
-51.0,43.0,6.0
-48.0,39.0,13.0
-51.0,40.0,12.0
-52.0,39.0,9.0
-52.0,39.0,9.0
-52.0,42.0,7.0
-52.0,39.0,12.0
-47.0,43.0,10.0
-44.0,42.0,13.0
-50.0,43.0,10.0
-49.0,46.0,8.0
-43.0,44.0,11.0
-46.0,44.0,14.0
-44.0,45.0,11.0
-45.0,42.0,16.0
-46.0,43.0,12.0
-48.0,44.0,12.0
-47.0,42.0,15.0
-49.0,44.0,12.0
-43.0,42.0,15.0
-45.0,46.0,15.0
-44.0,41.0,16.0
-44.0,44.0,14.0
-46.0,45.0,11.0
-49.0,42.0,11.0
-47.0,41.0,12.0
-51.0,43.0,8.0
-50.0,38.0,13.0
-50.0,41.0,12.0
-47.0,43.0,10.0
-51.0,41.0,13.0
-52.0,44.0,7.0
-49.0,38.0,14.0
-43.0,44.0,15.0
-44.0,43.0,13.0
-46.0,43.0,14.0
-45.0,46.0,10.0
-41.0,44.0,14.0
-47.0,44.0,11.0
-49.0,43.0,12.0
-45.0,45.0,12.0
-46.0,43.0,13.0
-45.0,45.0,13.0
-45.0,46.0,13.0
-42.0,44.0,15.0
-44.0,45.0,16.0
-45.0,41.0,15.0
-45.0,41.0,17.0
-44.0,44.0,14.0
-45.0,43.0,13.0
-46.0,43.0,14.0
-51.0,42.0,8.0
-48.0,42.0,10.0
-50.0,41.0,11.0
-50.0,44.0,9.0
-48.0,42.0,11.0
-49.0,45.0,9.0
-46.0,45.0,8.0
-48.0,41.0,11.0
-49.0,43.0,10.0
-47.0,42.0,10.0
-47.0,46.0,12.0
-43.0,44.0,12.0
-50.0,42.0,10.0
-46.0,42.0,12.0
-48.0,42.0,12.0
-44.0,43.0,15.0
-47.0,44.0,10.0
-48.0,45.0,11.0
-43.0,45.0,14.0
-45.0,46.0,11.0
-44.0,43.0,14.0
-44.0,44.0,11.0
-50.0,42.0,11.0
-50.0,41.0,9.0
-48.0,42.0,10.0
-48.0,41.0,11.0
-51.0,41.0,8.0
-51.0,41.0,7.0
-50.0,41.0,13.0
-47.0,41.0,11.0
-47.0,41.0,11.0
-48.0,41.0,11.0
-50.0,42.0,9.0
-47.0,43.0,9.0
-49.0,39.0,12.0
-44.0,47.0,12.0
-39.0,46.0,12.0
-49.0,45.0,9.0
-46.0,43.0,12.0
-48.0,43.0,13.0
-48.0,41.0,14.0
-48.0,42.0,10.0
-48.0,43.0,10.0
-43.0,44.0,16.0
-46.0,45.0,12.0
-44.0,45.0,14.0
-41.0,41.0,18.0
-48.0,39.0,13.0
-49.0,37.0,14.0
-56.0,38.0,8.0
-54.0,38.0,11.0
-50.0,40.0,12.0
-47.0,40.0,11.0
-48.0,43.0,10.0
-46.0,42.0,13.0
-44.0,43.0,13.0
-48.0,45.0,8.0
-49.0,40.0,12.0
-48.0,40.0,14.0
-49.0,45.0,9.0
-45.0,42.0,13.0
-43.0,47.0,12.0
-47.0,47.0,9.0
-46.0,42.0,13.0
-48.0,45.0,11.0
-49.0,41.0,12.0
-49.0,42.0,12.0
-48.0,43.0,10.0
-47.0,42.0,11.0
-46.0,41.0,13.0
-46.0,43.0,10.0
-49.0,44.0,10.0
-50.0,40.0,9.0
-49.0,40.0,11.0
-50.0,41.0,9.0
-53.0,41.0,6.0
-44.0,41.0,14.0
-49.0,43.0,8.0
-48.0,40.0,11.0
-49.0,42.0,12.0
-48.0,40.0,12.0
-49.0,39.0,13.0
-50.0,43.0,7.0
-50.0,41.0,9.0
-50.0,41.0,11.0
-51.0,42.0,8.0
-49.0,42.0,10.0
-47.0,42.0,13.0
-48.0,45.0,8.0
-47.0,41.0,13.0
-48.0,43.0,10.0
-50.0,42.0,10.0
-53.0,39.0,9.0
-53.0,43.0,5.0
-41.0,47.0,12.0
-49.0,40.0,12.0
-43.0,44.0,13.0
-42.0,43.0,13.0
-43.0,41.0,17.0
-55.0,42.0,6.0
-49.0,41.0,10.0
-53.0,41.0,8.0
-47.0,41.0,10.0
-49.0,42.0,6.0
-57.0,39.0,5.0
-44.0,43.0,13.0
-49.0,43.0,10.0
-53.0,40.0,9.0
-45.0,40.0,15.0
-46.0,42.0,12.0
-45.0,40.0,13.0
-51.0,42.0,12.0
-56.0,41.0,5.0
-40.0,43.0,17.0
-49.0,44.0,10.0
-46.0,41.0,14.0
-46.0,40.0,17.0
-49.0,40.0,12.0
-49.0,38.0,15.0
-47.0,50.0,6.0
-40.0,46.0,13.0
-47.0,45.0,11.0
-47.0,45.0,9.0
-42.0,41.0,16.0
-46.0,43.0,14.0
-50.0,43.0,8.0
-49.0,42.0,11.0
-51.0,41.0,8.0
-51.0,41.0,8.0
-48.0,41.0,9.0
-50.0,40.0,11.0
-48.0,41.0,14.0
-48.0,41.0,11.0
-51.0,42.0,8.0
-49.0,40.0,12.0
-50.0,40.0,10.0
-48.0,40.0,13.0
-50.0,41.0,9.0
-49.0,40.0,11.0
-46.0,45.0,10.0
-47.0,44.0,10.0
-46.0,42.0,12.0
-45.0,45.0,10.0
-47.0,43.0,12.0
-50.0,44.0,9.0
-48.0,43.0,10.0
-47.0,46.0,10.0
-47.0,45.0,8.0
-52.0,36.0,15.0
-47.0,39.0,15.0
-45.0,38.0,17.0
-50.0,39.0,15.0
-44.0,43.0,12.0
-46.0,43.0,13.0
-51.0,41.0,10.0
-50.0,43.0,7.0
-44.0,42.0,15.0
-46.0,40.0,8.0
-52.0,40.0,6.0
-51.0,41.0,12.0
-56.0,39.0,9.0
-50.0,42.0,9.0
-47.0,42.0,12.0
-43.0,45.0,12.0
-42.0,44.0,13.0
-48.0,45.0,10.0
-43.0,44.0,14.0
-49.0,41.0,11.0
-49.0,42.0,11.0
-48.0,43.0,12.0
-50.0,43.0,11.0
-44.0,42.0,16.0
-43.0,42.0,14.0
-45.0,45.0,12.0
-48.0,42.0,11.0
-47.0,41.0,14.0
-48.0,42.0,12.0
-48.0,43.0,11.0
-49.0,42.0,9.0
-49.0,39.0,11.0
-49.0,43.0,12.0
-49.0,40.0,14.0
-50.0,43.0,10.0
-49.0,40.0,15.0
-44.0,44.0,11.0
-49.0,41.0,12.0
-46.0,38.0,16.0
-47.0,45.0,10.0
-47.0,41.0,11.0
-49.0,40.0,12.0
-44.0,45.0,11.0
-45.0,42.0,14.0
-46.0,44.0,13.0
-47.0,43.0,10.0
-44.0,44.0,11.0
-48.0,42.0,10.0
-47.0,43.0,11.0
-48.0,42.0,10.0
-46.0,42.0,15.0
-47.0,41.0,10.0
-46.0,45.0,11.0
-44.0,43.0,11.0
-49.0,42.0,10.0
-47.0,41.0,8.0
-50.0,42.0,11.0
-45.0,41.0,10.0
-52.0,41.0,7.0
-53.0,40.0,8.0
-44.0,40.0,15.0
-48.0,39.0,15.0
-52.0,44.0,5.0
-46.0,37.0,11.0
-52.0,41.0,10.0
-52.0,42.0,8.0
-46.0,42.0,13.0
-43.0,45.0,13.0
-44.0,45.0,11.0
-47.0,44.0,11.0
-47.0,42.0,11.0
-49.0,43.0,11.0
-47.0,44.0,9.0
-46.0,43.0,11.0
-45.0,41.0,13.0
-47.0,43.0,10.0
-46.0,42.0,13.0
-50.0,41.0,10.0
-52.0,42.0,6.0
-51.0,42.0,9.0
-46.0,40.0,11.0
-44.0,42.0,9.0
-49.0,43.0,10.0
-53.0,39.0,5.0
-55.0,41.0,8.0
-50.0,40.0,12.0
-51.0,39.0,11.0
-51.0,39.0,14.0
-47.0,41.0,11.0
-50.0,39.0,14.0
-47.0,39.0,15.0
-42.0,41.0,13.0
-49.0,42.0,9.0
-51.0,44.0,6.0
-46.0,42.0,11.0
-46.0,41.0,14.0
-46.0,42.0,13.0
-48.0,41.0,10.0
-48.0,41.0,12.0
-46.0,42.0,12.0
-48.0,43.0,8.0
-46.0,42.0,12.0
-50.0,41.0,9.0
-47.0,41.0,11.0
-52.0,41.0,8.0
-49.0,41.0,10.0
-49.0,40.0,10.0
-51.0,42.0,8.0
-52.0,42.0,5.0
-53.0,41.0,7.0
-47.0,41.0,12.0
-47.0,41.0,13.0
-47.0,42.0,9.0
-49.0,40.0,11.0
-55.0,38.0,9.0
-53.0,40.0,10.0
-49.0,42.0,11.0
-48.0,42.0,10.0
-45.0,45.0,11.0
-46.0,44.0,10.0
-47.0,44.0,11.0
-46.0,44.0,13.0
-49.0,41.0,10.0
-49.0,44.0,10.0
-41.0,43.0,16.0
-45.0,44.0,13.0
-46.0,39.0,17.0
-44.0,44.0,12.0
-46.0,43.0,12.0
-46.0,43.0,12.0
-45.0,43.0,11.0
-49.0,43.0,9.0
-52.0,40.0,9.0
-48.0,43.0,12.0
-48.0,45.0,10.0
-48.0,40.0,14.0
-44.0,41.0,16.0
-45.0,43.0,12.0
-45.0,42.0,11.0
-53.0,39.0,12.0
-58.0,40.0,7.0
-45.0,41.0,13.0
-49.0,40.0,13.0
-44.0,44.0,11.0
-43.0,44.0,13.0
-49.0,41.0,10.0
-48.0,42.0,13.0
-52.0,44.0,7.0
-50.0,41.0,9.0
-44.0,45.0,12.0
-51.0,45.0,7.0
-46.0,43.0,12.0
-45.0,43.0,13.0
-50.0,44.0,9.0
-46.0,41.0,12.0
-49.0,43.0,11.0
-49.0,42.0,10.0
-50.0,41.0,10.0
-57.0,42.0,7.0
-49.0,41.0,12.0
-50.0,40.0,14.0
-52.0,37.0,16.0
-44.0,48.0,12.0
-44.0,44.0,11.0
-42.0,40.0,17.0
-46.0,43.0,14.0
-50.0,43.0,11.0
-44.0,43.0,16.0
-44.0,43.0,13.0
-47.0,44.0,13.0
-44.0,41.0,17.0
-46.0,44.0,15.0
-52.0,40.0,10.0
-46.0,43.0,15.0
-44.0,45.0,14.0
-47.0,42.0,13.0
-45.0,44.0,16.0
-45.0,42.0,16.0
-42.0,43.0,13.0
-41.0,41.0,14.0
-60.0,38.0,6.0
-52.0,38.0,11.0
-59.0,40.0,4.0
-54.0,41.0,7.0
-48.0,41.0,11.0
-50.0,42.0,9.0
-46.0,40.0,15.0
-47.0,40.0,13.0
-48.0,37.0,13.0
-53.0,42.0,9.0
-51.0,44.0,7.0
-48.0,43.0,13.0
-50.0,44.0,10.0
-42.0,43.0,14.0
-49.0,43.0,12.0
-50.0,43.0,10.0
-46.0,38.0,15.0
-53.0,42.0,10.0
-48.0,41.0,9.0
-46.0,43.0,15.0
-43.0,46.0,13.0
-47.0,41.0,15.0
-43.0,41.0,17.0
-48.0,40.0,12.0
-49.0,40.0,14.0
-49.0,41.0,12.0
-50.0,39.0,13.0
-50.0,41.0,11.0
-52.0,41.0,10.0
-54.0,40.0,12.0
-45.0,42.0,13.0
-46.0,43.0,12.0
-50.0,43.0,11.0
-48.0,40.0,12.0
-51.0,42.0,11.0
-49.0,42.0,11.0
-48.0,44.0,12.0
-47.0,41.0,11.0
-46.0,43.0,13.0
-41.0,45.0,14.0
-49.0,42.0,11.0
-46.0,44.0,13.0
-48.0,39.0,13.0
-50.0,44.0,9.0
-47.0,39.0,16.0
-50.0,44.0,11.0
-45.0,38.0,18.0
-48.0,41.0,16.0
-44.0,43.0,13.0
-50.0,39.0,14.0
-46.0,43.0,14.0
-49.0,43.0,11.0
-48.0,42.0,11.0
-50.0,44.0,10.0
-49.0,43.0,10.0
-49.0,41.0,14.0
-44.0,43.0,13.0
-44.0,43.0,13.0
-50.0,39.0,15.0
-50.0,42.0,11.0
-49.0,37.0,13.0
-50.0,43.0,14.0
-46.0,42.0,13.0
-48.0,41.0,16.0
-47.0,47.0,11.0
-43.0,41.0,12.0
-46.0,44.0,10.0
-50.0,43.0,9.0
-49.0,44.0,9.0
-44.0,44.0,15.0
-42.0,43.0,18.0
-49.0,41.0,15.0
-48.0,41.0,15.0
-47.0,41.0,13.0
-45.0,39.0,15.0
-54.0,41.0,12.0
-51.0,41.0,7.0
-47.0,41.0,17.0
-51.0,43.0,11.0
-43.0,42.0,11.0
-45.0,43.0,18.0
-45.0,43.0,11.0
-51.0,41.0,11.0
-52.0,44.0,11.0
-48.0,44.0,11.0
-51.0,42.0,13.0
-48.0,45.0,13.0
-44.0,42.0,16.0
-46.0,43.0,16.0
-47.0,44.0,11.0
-47.0,42.0,14.0
-46.0,41.0,13.0
-47.0,41.0,15.0
-48.0,44.0,14.0
-50.0,42.0,12.0
-44.0,41.0,19.0
-44.0,44.0,15.0
-50.0,42.0,10.0
-49.0,44.0,10.0
-49.0,41.0,11.0
-46.0,40.0,14.0
-49.0,40.0,12.0
-49.0,42.0,11.0
-50.0,43.0,8.0
-51.0,41.0,11.0
-48.0,41.0,14.0
-48.0,39.0,14.0
-51.0,40.0,13.0
-47.0,40.0,14.0
-52.0,44.0,7.0
-46.0,40.0,15.0
-46.0,39.0,16.0
-50.0,42.0,11.0
-49.0,41.0,11.0
-48.0,45.0,11.0
-46.0,41.0,13.0
-46.0,46.0,13.0
-44.0,43.0,13.0
-50.0,41.0,12.0
-47.0,42.0,13.0
-51.0,39.0,11.0
-50.0,41.0,14.0
-46.0,43.0,13.0
-50.0,42.0,9.0
-46.0,40.0,12.0
-50.0,42.0,10.0
-48.0,41.0,9.0
-50.0,39.0,12.0
-51.0,40.0,10.0
-49.0,40.0,13.0
-52.0,38.0,11.0
-50.0,41.0,10.0
-48.0,40.0,11.0
-45.0,42.0,14.0
-49.0,41.0,11.0
-48.0,39.0,14.0
-49.0,41.0,13.0
-46.0,43.0,14.0
-50.0,40.0,13.0
-46.0,40.0,15.0
-46.0,39.0,17.0
-52.0,41.0,10.0
-51.0,40.0,12.0
-45.0,43.0,14.0
-48.0,44.0,13.0
-44.0,40.0,18.0
-38.0,39.0,26.0
-46.0,39.0,14.0
-51.0,41.0,12.0
-50.0,41.0,11.0
-50.0,39.0,13.0
-48.0,42.0,12.0
-51.0,40.0,11.0
-51.0,38.0,13.0
-50.0,42.0,13.0
-47.0,39.0,15.0
-48.0,44.0,12.0
-49.0,37.0,14.0
-48.0,40.0,13.0
-48.0,42.0,11.0
-52.0,40.0,10.0
-49.0,42.0,13.0
-46.0,44.0,11.0
-43.0,42.0,16.0
-44.0,44.0,13.0
-48.0,43.0,13.0
-48.0,43.0,12.0
-46.0,42.0,13.0
-48.0,41.0,13.0
-50.0,42.0,11.0
-47.0,40.0,16.0
-47.0,42.0,15.0
-50.0,41.0,11.0
-44.0,37.0,17.0
-51.0,42.0,8.0
-52.0,42.0,8.0
-48.0,40.0,12.0
-51.0,41.0,12.0
-51.0,40.0,14.0
-48.0,39.0,15.0
-47.0,39.0,15.0
-51.0,40.0,14.0
-50.0,40.0,13.0
-49.0,35.0,19.0
-46.0,44.0,12.0
-50.0,43.0,11.0
-45.0,45.0,13.0
-46.0,45.0,14.0
-43.0,43.0,14.0
-45.0,42.0,16.0
-46.0,43.0,16.0
-51.0,43.0,11.0
-47.0,43.0,13.0
-46.0,42.0,15.0
-46.0,40.0,15.0
-41.0,42.0,19.0
-47.0,43.0,15.0
-47.0,41.0,15.0
-49.0,44.0,13.0
-46.0,42.0,14.0
-48.0,39.0,16.0
-50.0,43.0,10.0
-48.0,40.0,16.0
-47.0,42.0,17.0
-45.0,41.0,16.0
-49.0,42.0,15.0
-47.0,41.0,15.0
-49.0,42.0,15.0
-49.0,43.0,13.0
-43.0,44.0,15.0
-43.0,47.0,15.0
-46.0,45.0,14.0
-42.0,42.0,16.0
-47.0,44.0,14.0
-48.0,43.0,12.0
-45.0,44.0,16.0
-45.0,42.0,16.0
-44.0,43.0,16.0
-47.0,44.0,13.0
-45.0,41.0,18.0
-49.0,42.0,14.0
-49.0,42.0,11.0
-45.0,42.0,15.0
-46.0,42.0,14.0
-49.0,39.0,13.0
-49.0,39.0,16.0
-50.0,42.0,14.0
-48.0,39.0,17.0
-49.0,42.0,12.0
-45.0,46.0,11.0
-44.0,42.0,15.0
-51.0,41.0,12.0
-46.0,47.0,12.0
-39.0,46.0,16.0
-51.0,40.0,10.0
-50.0,44.0,13.0
-46.0,43.0,15.0
-49.0,43.0,9.0
-44.0,42.0,14.0
-46.0,42.0,13.0
-47.0,40.0,16.0
-47.0,40.0,19.0
-49.0,40.0,11.0
-47.0,40.0,13.0
-49.0,40.0,13.0
-56.0,43.0,7.0
-49.0,43.0,10.0
-40.0,43.0,16.0
-40.0,44.0,18.0
-40.0,40.0,22.0
-43.0,38.0,21.0
-46.0,42.0,17.0
-48.0,41.0,15.0
-50.0,44.0,10.0
-45.0,46.0,13.0
-48.0,43.0,16.0
-45.0,43.0,16.0
-43.0,42.0,17.0
-48.0,40.0,16.0
-46.0,43.0,16.0
-45.0,44.0,16.0
-44.0,42.0,17.0
-45.0,43.0,15.0
-45.0,41.0,16.0
-46.0,43.0,13.0
-46.0,42.0,16.0
-50.0,42.0,11.0
-48.0,41.0,13.0
-50.0,41.0,14.0
-50.0,42.0,9.0
-52.0,40.0,14.0
-46.0,43.0,15.0
-41.0,39.0,19.0
-46.0,43.0,13.0
-48.0,41.0,12.0
-54.0,41.0,11.0
-50.0,43.0,9.0
-46.0,43.0,15.0
-41.0,43.0,17.0
-43.0,45.0,15.0
-48.0,42.0,13.0
-48.0,43.0,15.0
-49.0,43.0,14.0
-45.0,42.0,15.0
-46.0,42.0,14.0
-47.0,43.0,14.0
-44.0,42.0,18.0
-47.0,42.0,13.0
-46.0,41.0,16.0
-49.0,45.0,12.0
-44.0,40.0,15.0
-53.0,44.0,14.0
-51.0,41.0,12.0
-46.0,42.0,18.0
-51.0,43.0,14.0
-45.0,41.0,13.0
-42.0,44.0,16.0
-50.0,43.0,11.0
-46.0,39.0,17.0
-44.0,49.0,13.0
-47.0,43.0,15.0
-45.0,46.0,13.0
-38.0,47.0,15.0
-45.0,43.0,19.0
-47.0,45.0,12.0
-43.0,43.0,16.0
-45.0,45.0,14.0
-41.0,42.0,18.0
-46.0,45.0,14.0
-42.0,44.0,16.0
-48.0,43.0,13.0
-47.0,43.0,15.0
-41.0,43.0,20.0
-48.0,38.0,10.0
-55.0,44.0,12.0
-49.0,40.0,11.0
-54.0,41.0,13.0
-44.0,43.0,19.0
-43.0,41.0,18.0
-45.0,41.0,17.0
-52.0,42.0,13.0
-45.0,46.0,14.0
-40.0,45.0,14.0
-41.0,49.0,12.0
-44.0,47.0,15.0
-44.0,46.0,16.0
-47.0,45.0,14.0
-44.0,46.0,14.0
-45.0,46.0,14.0
-43.0,43.0,18.0
-41.0,42.0,21.0
-47.0,40.0,20.0
-48.0,39.0,17.0
-44.0,43.0,15.0
-45.0,42.0,16.0
-48.0,44.0,13.0
-47.0,44.0,13.0
-48.0,41.0,15.0
-50.0,46.0,17.0
-49.0,40.0,13.0
-41.0,46.0,16.0
-36.0,44.0,22.0
-51.0,43.0,14.0
-50.0,43.0,13.0
-47.0,46.0,14.0
-46.0,47.0,11.0
-37.0,45.0,19.0
-38.0,44.0,23.0
-45.0,48.0,14.0
-43.0,47.0,16.0
-47.0,43.0,17.0
-45.0,47.0,15.0
-40.0,43.0,18.0
-41.0,46.0,18.0
-46.0,40.0,21.0
-42.0,40.0,22.0
-40.0,45.0,17.0
-44.0,46.0,15.0
-46.0,46.0,12.0
-47.0,45.0,13.0
-44.0,43.0,16.0
-45.0,43.0,14.0
-42.0,43.0,12.0
-40.0,44.0,19.0
-46.0,43.0,16.0
-48.0,42.0,15.0
-45.0,42.0,18.0
-47.0,44.0,15.0
-51.0,46.0,8.0
-46.0,46.0,14.0
-44.0,44.0,16.0
-40.0,49.0,16.0
-42.0,43.0,17.0
-40.0,50.0,14.0
-39.0,47.0,16.0
-43.0,48.0,15.0
-42.0,43.0,16.0
-43.0,44.0,18.0
-45.0,42.0,17.0
-44.0,42.0,18.0
-44.0,44.0,15.0
-45.0,43.0,16.0
-54.0,43.0,12.0
-43.0,41.0,17.0
-49.0,46.0,14.0
-43.0,37.0,18.0
-48.0,44.0,15.0
-49.0,43.0,14.0
-45.0,41.0,20.0
-46.0,43.0,14.0
-50.0,39.0,17.0
-42.0,49.0,14.0
-45.0,48.0,10.0
-49.0,43.0,14.0
-44.0,47.0,11.0
-45.0,42.0,18.0
-49.0,44.0,14.0
-47.0,42.0,13.0
-44.0,41.0,19.0
-44.0,44.0,16.0
-44.0,42.0,18.0
-45.0,46.0,13.0
-43.0,42.0,15.0
-41.0,41.0,19.0
-47.0,40.0,18.0
-54.0,42.0,11.0
-47.0,41.0,16.0
-46.0,41.0,14.0
-48.0,41.0,13.0
-49.0,41.0,16.0
-44.0,41.0,18.0
-48.0,42.0,14.0
-45.0,41.0,17.0
-47.0,43.0,16.0
-45.0,42.0,14.0
-50.0,43.0,13.0
-45.0,43.0,12.0
-46.0,42.0,17.0
-44.0,45.0,16.0
-46.0,43.0,14.0
-46.0,41.0,16.0
-49.0,45.0,12.0
-46.0,46.0,16.0
-43.0,42.0,15.0
-42.0,45.0,18.0
-43.0,40.0,18.0
-48.0,43.0,12.0
-43.0,42.0,18.0
-54.0,39.0,13.0
-52.0,38.0,14.0
-44.0,41.0,17.0
-50.0,38.0,14.0
-46.0,40.0,15.0
-48.0,41.0,14.0
-52.0,40.0,13.0
-43.0,43.0,18.0
-49.0,44.0,15.0
-52.0,41.0,13.0
-45.0,43.0,15.0
-45.0,43.0,16.0
-45.0,40.0,17.0
-41.0,45.0,15.0
-44.0,45.0,16.0
-45.0,45.0,14.0
-47.0,43.0,14.0
-45.0,41.0,17.0
-46.0,43.0,16.0
-49.0,42.0,16.0
-48.0,41.0,13.0
-49.0,43.0,13.0
-52.0,41.0,11.0
-46.0,42.0,17.0
-51.0,42.0,12.0
-46.0,39.0,17.0
-46.0,42.0,16.0
-46.0,43.0,14.0
-47.0,40.0,17.0
-47.0,44.0,15.0
-46.0,44.0,15.0
-43.0,41.0,17.0
-49.0,49.0,7.0
-40.0,44.0,19.0
-49.0,42.0,14.0
-44.0,47.0,14.0
-45.0,41.0,17.0
-49.0,45.0,11.0
-45.0,45.0,15.0
-42.0,42.0,18.0
-47.0,41.0,16.0
-44.0,39.0,19.0
-48.0,40.0,14.0
-50.0,40.0,13.0
-51.0,43.0,11.0
-50.0,43.0,12.0
-50.0,40.0,13.0
-46.0,43.0,16.0
-43.0,43.0,15.0
-46.0,42.0,14.0
-45.0,41.0,16.0
-46.0,42.0,14.0
-49.0,39.0,14.0
-54.0,44.0,9.0
-44.0,41.0,14.0
-50.0,44.0,12.0
-48.0,42.0,13.0
-43.0,43.0,15.0
-45.0,44.0,13.0
-41.0,44.0,15.0
-44.0,43.0,16.0
-46.0,42.0,14.0
-48.0,42.0,18.0
-48.0,42.0,10.0
-47.0,42.0,13.0
-50.0,41.0,13.0
-48.0,42.0,12.0
-51.0,41.0,12.0
-47.0,40.0,14.0
-47.0,41.0,14.0
-46.0,41.0,16.0
-47.0,40.0,13.0
-52.0,40.0,13.0
-48.0,43.0,14.0
-49.0,43.0,13.0
-46.0,45.0,12.0
-47.0,41.0,16.0
-42.0,42.0,17.0
-46.0,42.0,18.0
-46.0,45.0,15.0
-45.0,44.0,14.0
-46.0,42.0,16.0
-44.0,45.0,17.0
-51.0,40.0,13.0
-44.0,42.0,16.0
-48.0,43.0,12.0
-48.0,41.0,15.0
-47.0,42.0,14.0
-47.0,41.0,14.0
-49.0,41.0,14.0
-47.0,40.0,14.0
-48.0,42.0,15.0
-48.0,42.0,14.0
-45.0,43.0,15.0
-47.0,40.0,17.0
-47.0,44.0,15.0
-46.0,46.0,11.0
-45.0,43.0,15.0
-48.0,44.0,14.0
-47.0,43.0,14.0
-45.0,42.0,15.0
-46.0,45.0,15.0
-48.0,45.0,15.0
-48.0,43.0,16.0
-44.0,42.0,18.0
-42.0,42.0,18.0
-43.0,41.0,20.0
-46.0,42.0,17.0
-43.0,38.0,18.0
-55.0,43.0,14.0
-52.0,45.0,11.0
-48.0,40.0,16.0
-52.0,44.0,11.0
-43.0,41.0,19.0
-50.0,42.0,14.0
-44.0,40.0,18.0
-43.0,40.0,20.0
-50.0,48.0,10.0
-48.0,48.0,9.0
-47.0,43.0,16.0
-43.0,47.0,14.0
-41.0,42.0,17.0
-45.0,46.0,16.0
-45.0,43.0,17.0
-42.0,43.0,18.0
-48.0,43.0,12.0
-46.0,41.0,19.0
-46.0,47.0,13.0
-43.0,45.0,14.0
-48.0,40.0,19.0
-49.0,39.0,16.0
-49.0,40.0,16.0
-50.0,39.0,14.0
-48.0,42.0,12.0
-44.0,44.0,15.0
-45.0,42.0,15.0
-47.0,42.0,15.0
-46.0,40.0,18.0
-50.0,40.0,16.0
-48.0,40.0,14.0
-47.0,41.0,17.0
-45.0,42.0,15.0
-48.0,47.0,12.0
-43.0,47.0,15.0
-41.0,43.0,16.0
-43.0,44.0,18.0
-47.0,44.0,14.0
-46.0,42.0,13.0
-45.0,43.0,15.0
-43.0,44.0,15.0
-41.0,43.0,17.0
-45.0,44.0,16.0
-48.0,43.0,13.0
-46.0,41.0,18.0
-44.0,44.0,16.0
-46.0,44.0,14.0
-50.0,37.0,17.0
-47.0,38.0,18.0
-49.0,40.0,13.0
-50.0,41.0,14.0
-48.0,40.0,16.0
-45.0,41.0,19.0
-48.0,42.0,13.0
-50.0,40.0,14.0
-53.0,41.0,11.0
-48.0,45.0,11.0
-45.0,44.0,15.0
-45.0,43.0,16.0
-43.0,46.0,12.0
-43.0,44.0,14.0
-46.0,41.0,15.0
-47.0,41.0,14.0
-44.0,44.0,16.0
-42.0,45.0,13.0
-45.0,43.0,12.0
-48.0,41.0,13.0
-51.0,42.0,9.0
-51.0,39.0,14.0
-50.0,40.0,12.0
-49.0,39.0,12.0
-47.0,40.0,12.0
-52.0,40.0,9.0
-51.0,39.0,12.0
-49.0,41.0,9.0
-51.0,41.0,11.0
-48.0,39.0,15.0
-49.0,41.0,13.0
-48.0,38.0,13.0
-56.0,38.0,9.0
-47.0,44.0,8.0
-46.0,43.0,12.0
-46.0,43.0,16.0
-42.0,43.0,14.0
-48.0,44.0,10.0
-47.0,39.0,14.0
-47.0,42.0,10.0
-45.0,42.0,13.0
-50.0,46.0,9.0
-47.0,43.0,11.0
-44.0,41.0,16.0
-47.0,44.0,14.0
-51.0,40.0,13.0
-48.0,38.0,11.0
-54.0,39.0,12.0
-47.0,39.0,14.0
-51.0,38.0,15.0
-47.0,40.0,16.0
-44.0,39.0,18.0
-51.0,39.0,13.0
-49.0,40.0,14.0
-53.0,41.0,9.0
-52.0,42.0,13.0
-44.0,46.0,14.0
-42.0,43.0,14.0
-47.0,42.0,15.0
-46.0,42.0,17.0
-44.0,43.0,17.0
-48.0,44.0,11.0
-50.0,40.0,14.0
-45.0,44.0,15.0
-46.0,43.0,13.0
-47.0,41.0,15.0
-47.0,42.0,16.0
-48.0,42.0,14.0
-50.0,40.0,14.0
-52.0,41.0,11.0
-47.0,39.0,15.0
-50.0,41.0,14.0
-50.0,40.0,13.0
-50.0,40.0,13.0
-53.0,38.0,12.0
-45.0,39.0,18.0
-48.0,37.0,19.0
-53.0,42.0,9.0
-48.0,44.0,11.0
-46.0,43.0,13.0
-48.0,44.0,14.0
-46.0,43.0,12.0
-46.0,43.0,14.0
-50.0,42.0,13.0
-50.0,43.0,9.0
-48.0,40.0,12.0
-51.0,40.0,15.0
-49.0,39.0,15.0
-46.0,41.0,15.0
-51.0,37.0,14.0
-51.0,41.0,11.0
-45.0,44.0,13.0
-47.0,42.0,10.0
-51.0,41.0,10.0
-46.0,43.0,13.0
-53.0,40.0,9.0
-51.0,39.0,12.0
-47.0,41.0,14.0
-50.0,39.0,12.0
-51.0,35.0,15.0
-48.0,42.0,14.0
-52.0,40.0,9.0
-52.0,40.0,10.0
-46.0,41.0,17.0
-46.0,42.0,14.0
-48.0,41.0,14.0
-53.0,42.0,8.0
-50.0,40.0,10.0
-47.0,42.0,13.0
-47.0,42.0,14.0
-46.0,38.0,16.0
-49.0,38.0,16.0
-51.0,40.0,11.0
-51.0,40.0,10.0
-50.0,39.0,12.0
-49.0,40.0,13.0
-51.0,41.0,8.0
-52.0,39.0,12.0
-48.0,42.0,14.0
-49.0,40.0,10.0
-47.0,41.0,15.0
-49.0,45.0,9.0
-54.0,34.0,14.0
-51.0,43.0,11.0
-49.0,39.0,14.0
-48.0,42.0,15.0
-40.0,46.0,13.0
-44.0,41.0,17.0
-46.0,46.0,10.0
-46.0,44.0,11.0
-48.0,44.0,12.0
-46.0,44.0,14.0
-49.0,41.0,14.0
-48.0,41.0,14.0
-43.0,40.0,19.0
-49.0,40.0,15.0
-49.0,41.0,16.0
-47.0,42.0,13.0
-54.0,43.0,14.0
-52.0,42.0,9.0
-52.0,41.0,12.0
-42.0,43.0,17.0
-50.0,43.0,12.0
-41.0,43.0,19.0
-46.0,41.0,14.0
-52.0,43.0,9.0
-44.0,45.0,16.0
-44.0,43.0,14.0
-47.0,43.0,14.0
-47.0,42.0,17.0
-43.0,42.0,14.0
-50.0,39.0,13.0
-49.0,41.0,17.0
-41.0,46.0,15.0
-49.0,47.0,9.0
-41.0,41.0,21.0
-43.0,41.0,18.0
-49.0,39.0,15.0
-51.0,40.0,14.0
-46.0,39.0,14.0
-54.0,40.0,15.0
-49.0,42.0,13.0
-49.0,38.0,17.0
-45.0,39.0,19.0
-43.0,40.0,17.0
-48.0,46.0,12.0
-48.0,40.0,18.0
-51.0,43.0,9.0
-47.0,44.0,14.0
-46.0,43.0,17.0
-42.0,43.0,19.0
-47.0,40.0,16.0
-47.0,44.0,14.0
-47.0,40.0,18.0
-45.0,47.0,12.0
-44.0,44.0,13.0
-46.0,45.0,15.0
-51.0,41.0,11.0
-51.0,37.0,17.0
-49.0,37.0,17.0
-47.0,39.0,14.0
-54.0,41.0,9.0
-47.0,41.0,13.0
-49.0,39.0,14.0
-51.0,41.0,10.0
-49.0,40.0,14.0
-48.0,41.0,15.0
-50.0,39.0,12.0
-49.0,39.0,14.0
-52.0,39.0,13.0
-48.0,38.0,17.0
-47.0,42.0,13.0
-49.0,41.0,12.0
-49.0,43.0,13.0
-50.0,46.0,11.0
-47.0,42.0,15.0
-44.0,42.0,17.0
-48.0,40.0,16.0
-47.0,40.0,14.0
-47.0,41.0,14.0
-46.0,41.0,16.0
-49.0,42.0,14.0
-47.0,39.0,17.0
-47.0,42.0,15.0
-54.0,39.0,9.0
-53.0,39.0,12.0
-55.0,40.0,8.0
-45.0,39.0,17.0
-48.0,43.0,17.0
-38.0,37.0,22.0
-42.0,36.0,27.0
-47.0,37.0,19.0
-53.0,38.0,16.0
-50.0,39.0,15.0
-53.0,40.0,13.0
-43.0,40.0,18.0
-45.0,43.0,18.0
-48.0,39.0,19.0
-46.0,43.0,17.0
-48.0,40.0,15.0
-47.0,43.0,19.0
-46.0,40.0,16.0
-48.0,42.0,16.0
-50.0,40.0,15.0
-48.0,40.0,15.0
-44.0,42.0,19.0
-50.0,39.0,16.0
-47.0,42.0,15.0
-42.0,41.0,21.0
-40.0,40.0,23.0
-45.0,44.0,17.0
-46.0,44.0,13.0
-47.0,42.0,13.0
-46.0,44.0,16.0
-56.0,38.0,12.0
-46.0,41.0,18.0
-52.0,38.0,17.0
-50.0,38.0,16.0
-47.0,40.0,16.0
-54.0,39.0,14.0
-45.0,47.0,13.0
-45.0,41.0,16.0
-47.0,43.0,20.0
-50.0,46.0,8.0
-39.0,42.0,20.0
-47.0,43.0,17.0
-49.0,40.0,14.0
-37.0,43.0,23.0
-57.0,40.0,8.0
-53.0,41.0,10.0
-43.0,40.0,23.0
-49.0,36.0,16.0
-48.0,43.0,12.0
-41.0,44.0,18.0
-55.0,35.0,16.0
-46.0,48.0,12.0
-41.0,44.0,18.0
-52.0,39.0,12.0
-50.0,41.0,12.0
-42.0,40.0,21.0
-46.0,39.0,18.0
-54.0,42.0,11.0
-53.0,40.0,11.0
-45.0,41.0,16.0
-46.0,45.0,13.0
-42.0,41.0,20.0
-45.0,44.0,15.0
-46.0,42.0,17.0
-41.0,42.0,20.0
-47.0,43.0,17.0
-45.0,42.0,18.0
-48.0,41.0,16.0
-49.0,40.0,19.0
-44.0,40.0,21.0
-45.0,41.0,20.0
-50.0,44.0,14.0
-43.0,47.0,16.0
-40.0,41.0,22.0
-42.0,38.0,23.0
-47.0,43.0,16.0
-43.0,40.0,21.0
-50.0,45.0,15.0
-42.0,40.0,21.0
-48.0,42.0,19.0
-43.0,37.0,21.0
-44.0,38.0,25.0
-48.0,44.0,14.0
-52.0,42.0,14.0
-45.0,45.0,17.0
-47.0,45.0,14.0
-43.0,41.0,21.0
-44.0,44.0,18.0
-45.0,39.0,20.0
-47.0,43.0,20.0
-44.0,43.0,17.0
-44.0,41.0,21.0
-45.0,42.0,20.0
-42.0,41.0,20.0
-45.0,41.0,21.0
-49.0,40.0,15.0
-48.0,41.0,16.0
-49.0,42.0,17.0
-43.0,42.0,17.0
-48.0,41.0,18.0
-50.0,42.0,12.0
-47.0,41.0,16.0
-49.0,42.0,17.0
-47.0,41.0,16.0
-46.0,39.0,19.0
-50.0,40.0,17.0
-48.0,40.0,17.0
-46.0,41.0,19.0
-46.0,40.0,18.0
-47.0,42.0,17.0
-46.0,42.0,18.0
-44.0,43.0,19.0
-45.0,41.0,20.0
-46.0,40.0,17.0
-45.0,40.0,20.0
-46.0,43.0,18.0
-48.0,38.0,19.0
-43.0,42.0,22.0
-44.0,40.0,19.0
-46.0,42.0,16.0
-46.0,45.0,16.0
-48.0,43.0,14.0
-46.0,42.0,14.0
-46.0,43.0,14.0
-49.0,42.0,15.0
-47.0,41.0,16.0
-49.0,40.0,18.0
-47.0,39.0,19.0
-49.0,38.0,17.0
-48.0,41.0,17.0
-44.0,42.0,17.0
-49.0,45.0,15.0
-48.0,44.0,12.0
-46.0,44.0,15.0
-41.0,45.0,18.0
-46.0,42.0,19.0
-43.0,42.0,17.0
-48.0,40.0,16.0
-49.0,42.0,15.0
-45.0,42.0,17.0
-47.0,39.0,19.0
-46.0,41.0,19.0
-42.0,41.0,19.0
-48.0,42.0,16.0
-48.0,41.0,17.0
-45.0,42.0,18.0
-46.0,41.0,16.0
-49.0,40.0,15.0
-47.0,42.0,14.0
-46.0,41.0,21.0
-47.0,41.0,17.0
-48.0,40.0,14.0
-46.0,39.0,19.0
-48.0,39.0,19.0
-49.0,41.0,17.0
-50.0,41.0,14.0
-45.0,44.0,16.0
-45.0,45.0,17.0
-45.0,42.0,16.0
-45.0,42.0,18.0
-47.0,43.0,14.0
-47.0,41.0,16.0
-47.0,41.0,18.0
-44.0,41.0,18.0
-45.0,41.0,17.0
-47.0,42.0,14.0
-42.0,40.0,20.0
-50.0,42.0,15.0
-48.0,42.0,15.0
-49.0,40.0,14.0
-48.0,42.0,13.0
-49.0,37.0,18.0
-46.0,41.0,18.0
-52.0,41.0,13.0
-48.0,38.0,17.0
-51.0,40.0,14.0
-50.0,38.0,14.0
-48.0,41.0,14.0
-46.0,44.0,15.0
-49.0,43.0,14.0
-46.0,44.0,15.0
-47.0,41.0,15.0
-48.0,42.0,16.0
-46.0,41.0,18.0
-48.0,42.0,14.0
-44.0,40.0,17.0
-48.0,42.0,17.0
-44.0,42.0,17.0
-46.0,39.0,17.0
-45.0,42.0,16.0
-48.0,42.0,15.0
-46.0,42.0,15.0
-51.0,42.0,12.0
-48.0,39.0,16.0
-48.0,42.0,13.0
-53.0,39.0,14.0
-46.0,39.0,21.0
-48.0,41.0,15.0
-47.0,41.0,18.0
-50.0,42.0,14.0
-47.0,44.0,14.0
-43.0,42.0,17.0
-48.0,41.0,13.0
-46.0,44.0,17.0
-42.0,42.0,20.0
-49.0,42.0,16.0
-45.0,41.0,21.0
-46.0,45.0,14.0
-42.0,42.0,17.0
-46.0,45.0,16.0
-46.0,41.0,17.0
-45.0,41.0,18.0
-44.0,42.0,17.0
-48.0,40.0,17.0
-49.0,43.0,14.0
-50.0,41.0,14.0
-47.0,42.0,15.0
-48.0,42.0,15.0
-46.0,42.0,16.0
-48.0,43.0,14.0
-45.0,40.0,18.0
-48.0,40.0,16.0
-47.0,43.0,16.0
-48.0,43.0,16.0
-47.0,44.0,14.0
-44.0,44.0,16.0
-45.0,42.0,16.0
-45.0,42.0,18.0
-44.0,42.0,18.0
-47.0,45.0,15.0
-48.0,42.0,14.0
-44.0,43.0,20.0
-43.0,45.0,17.0
-47.0,39.0,17.0
-46.0,41.0,16.0
-44.0,40.0,17.0
-51.0,44.0,13.0
-48.0,45.0,11.0
-51.0,41.0,12.0
-47.0,43.0,15.0
-47.0,43.0,12.0
-46.0,40.0,17.0
-46.0,39.0,21.0
-49.0,43.0,13.0
-46.0,40.0,16.0
-48.0,40.0,17.0
-46.0,39.0,20.0
-45.0,46.0,14.0
-46.0,43.0,14.0
-44.0,42.0,17.0
-47.0,46.0,13.0
-43.0,44.0,16.0
-46.0,45.0,13.0
-45.0,43.0,16.0
-45.0,41.0,16.0
-45.0,44.0,13.0
-45.0,42.0,15.0
-43.0,42.0,18.0
-45.0,41.0,16.0
-45.0,43.0,15.0
-54.0,43.0,10.0
-47.0,41.0,12.0
-46.0,42.0,15.0
-48.0,42.0,15.0
-48.0,42.0,14.0
-44.0,40.0,17.0
-48.0,42.0,13.0
-47.0,40.0,15.0
-48.0,45.0,12.0
-53.0,45.0,10.0
-46.0,42.0,13.0
-43.0,44.0,16.0
-44.0,44.0,16.0
-46.0,44.0,13.0
-46.0,42.0,13.0
-47.0,43.0,14.0
-46.0,42.0,13.0
-47.0,42.0,15.0
-50.0,42.0,11.0
-48.0,40.0,16.0
-49.0,40.0,13.0
-49.0,41.0,12.0
-50.0,42.0,10.0
-51.0,42.0,10.0
-49.0,43.0,10.0
-49.0,42.0,12.0
-47.0,40.0,16.0
-44.0,42.0,16.0
-49.0,40.0,12.0
-48.0,37.0,19.0
-48.0,38.0,15.0
-58.0,41.0,7.0
-51.0,41.0,13.0
-45.0,41.0,16.0
-46.0,43.0,14.0
-46.0,42.0,14.0
-46.0,42.0,16.0
-48.0,42.0,11.0
-48.0,42.0,14.0
-48.0,43.0,14.0
-47.0,42.0,13.0
-47.0,40.0,13.0
-44.0,43.0,17.0
-52.0,41.0,11.0
-51.0,41.0,10.0
-47.0,38.0,16.0
-51.0,40.0,14.0
-49.0,39.0,11.0
-52.0,40.0,15.0
-48.0,39.0,20.0
-48.0,40.0,15.0
-45.0,41.0,18.0
-49.0,42.0,15.0
-51.0,38.0,15.0
-46.0,42.0,18.0
-50.0,42.0,13.0
-43.0,43.0,19.0
-44.0,41.0,18.0
-45.0,42.0,16.0
-49.0,43.0,13.0
-44.0,45.0,18.0
-43.0,44.0,16.0
-45.0,42.0,17.0
-44.0,42.0,18.0
-46.0,41.0,17.0
-48.0,41.0,15.0
-46.0,42.0,17.0
-46.0,41.0,18.0
-50.0,40.0,10.0
-55.0,43.0,17.0
-53.0,41.0,17.0
-47.0,39.0,14.0
-42.0,40.0,20.0
-44.0,40.0,22.0
-44.0,38.0,20.0
-49.0,39.0,19.0
-51.0,42.0,14.0
-54.0,41.0,14.0
-41.0,46.0,18.0
-37.0,45.0,20.0
-49.0,41.0,16.0
-44.0,44.0,16.0
-46.0,42.0,17.0
-53.0,41.0,11.0
-45.0,40.0,20.0
-45.0,44.0,20.0
-42.0,43.0,18.0
-43.0,41.0,19.0
-48.0,44.0,12.0
-49.0,40.0,17.0
-52.0,41.0,14.0
-50.0,39.0,14.0
-50.0,40.0,17.0
-48.0,41.0,16.0
-44.0,37.0,15.0
-48.0,40.0,16.0
-47.0,39.0,18.0
-42.0,39.0,20.0
-53.0,43.0,14.0
-52.0,42.0,14.0
-51.0,45.0,10.0
-46.0,42.0,13.0
-46.0,42.0,17.0
-42.0,43.0,16.0
-45.0,42.0,19.0
-46.0,42.0,16.0
-51.0,42.0,12.0
-45.0,41.0,16.0
-46.0,41.0,17.0
-46.0,42.0,17.0
-49.0,42.0,15.0
-49.0,42.0,15.0
-50.0,43.0,13.0
-49.0,38.0,14.0
-49.0,40.0,15.0
-46.0,42.0,14.0
-49.0,41.0,14.0
-50.0,39.0,16.0
-47.0,39.0,18.0
-47.0,37.0,18.0
-51.0,41.0,13.0
-47.0,39.0,17.0
-48.0,40.0,13.0
-53.0,42.0,12.0
-45.0,42.0,19.0
-44.0,44.0,16.0
-42.0,41.0,20.0
-45.0,42.0,16.0
-48.0,44.0,10.0
-44.0,42.0,15.0
-42.0,44.0,17.0
-47.0,44.0,14.0
-45.0,42.0,13.0
-43.0,42.0,20.0
-52.0,40.0,14.0
-44.0,37.0,17.0
-53.0,39.0,14.0
-52.0,37.0,15.0
-49.0,38.0,15.0
-51.0,40.0,14.0
-54.0,39.0,19.0
-53.0,36.0,18.0
-45.0,42.0,13.0
-47.0,39.0,17.0
-50.0,41.0,13.0
-45.0,43.0,16.0
-40.0,44.0,20.0
-42.0,44.0,17.0
-44.0,42.0,18.0
-49.0,43.0,13.0
-46.0,44.0,15.0
-44.0,37.0,19.0
-47.0,41.0,21.0
-44.0,41.0,18.0
-50.0,40.0,18.0
-44.0,43.0,17.0
-42.0,44.0,16.0
-47.0,43.0,14.0
-52.0,39.0,14.0
-47.0,39.0,18.0
-53.0,39.0,16.0
-50.0,37.0,19.0
-41.0,39.0,23.0
-48.0,39.0,17.0
-50.0,43.0,11.0
-51.0,41.0,20.0
-47.0,44.0,13.0
-41.0,43.0,17.0
-44.0,45.0,18.0
-45.0,42.0,16.0
-43.0,42.0,22.0
-49.0,43.0,13.0
-47.0,40.0,16.0
-46.0,43.0,18.0
-43.0,43.0,18.0
-44.0,41.0,19.0
-46.0,43.0,19.0
-46.0,41.0,16.0
-49.0,41.0,14.0
-50.0,42.0,15.0
-46.0,40.0,16.0
-49.0,41.0,15.0
-48.0,39.0,20.0
-40.0,37.0,24.0
-52.0,41.0,13.0
-52.0,39.0,13.0
-46.0,41.0,21.0
-48.0,44.0,14.0
-48.0,42.0,14.0
-45.0,43.0,18.0
-47.0,43.0,14.0
-46.0,42.0,16.0
-46.0,42.0,14.0
-51.0,42.0,10.0
-43.0,45.0,18.0
-44.0,44.0,17.0
-44.0,40.0,16.0
-42.0,41.0,21.0
-53.0,41.0,10.0
-54.0,39.0,12.0
-52.0,39.0,12.0
-51.0,38.0,14.0
-52.0,40.0,13.0
-49.0,39.0,14.0
-47.0,39.0,14.0
-49.0,40.0,13.0
-50.0,35.0,19.0
-50.0,38.0,16.0
-51.0,42.0,12.0
-51.0,41.0,10.0
-50.0,42.0,13.0
-44.0,47.0,15.0
-42.0,44.0,15.0
-44.0,44.0,12.0
-47.0,42.0,14.0
-46.0,44.0,16.0
-43.0,43.0,19.0
-46.0,40.0,18.0
-45.0,42.0,18.0
-51.0,39.0,13.0
-51.0,42.0,13.0
-49.0,38.0,15.0
-52.0,40.0,14.0
-46.0,41.0,15.0
-48.0,39.0,15.0
-50.0,40.0,16.0
-44.0,38.0,18.0
-50.0,38.0,16.0
-53.0,41.0,13.0
-45.0,40.0,19.0
-44.0,44.0,14.0
-52.0,41.0,13.0
-46.0,42.0,19.0
-47.0,40.0,17.0
-45.0,42.0,19.0
-44.0,42.0,14.0
-47.0,42.0,16.0
-46.0,43.0,18.0
-49.0,44.0,12.0
-46.0,42.0,18.0
-48.0,43.0,14.0
-47.0,42.0,14.0
-47.0,41.0,15.0
-51.0,39.0,15.0
-51.0,38.0,16.0
-47.0,39.0,20.0
-45.0,41.0,16.0
-47.0,41.0,14.0
-47.0,40.0,21.0
-49.0,44.0,11.0
-48.0,41.0,14.0
-51.0,44.0,13.0
-41.0,42.0,18.0
-47.0,42.0,16.0
-46.0,41.0,18.0
-45.0,42.0,18.0
-46.0,42.0,15.0
-44.0,41.0,19.0
-45.0,46.0,13.0
-51.0,41.0,9.0
-45.0,37.0,23.0
-50.0,43.0,13.0
-52.0,36.0,16.0
-52.0,37.0,18.0
-49.0,40.0,15.0
-47.0,42.0,12.0
-49.0,41.0,15.0
-45.0,41.0,14.0
-53.0,41.0,14.0
-49.0,39.0,18.0
-50.0,39.0,17.0
-52.0,42.0,10.0
-46.0,43.0,14.0
-46.0,41.0,15.0
-49.0,41.0,13.0
-41.0,42.0,21.0
-48.0,43.0,12.0
-46.0,43.0,18.0
-42.0,45.0,19.0
-52.0,40.0,14.0
-42.0,39.0,17.0
-48.0,41.0,13.0
-52.0,39.0,13.0
-55.0,38.0,16.0
-48.0,37.0,16.0
-46.0,40.0,17.0
-47.0,40.0,18.0
-45.0,40.0,14.0
-48.0,37.0,16.0
-50.0,41.0,15.0
-48.0,40.0,19.0
-51.0,46.0,4.0
-48.0,44.0,14.0
-47.0,41.0,15.0
-39.0,42.0,18.0
-46.0,42.0,19.0
-52.0,39.0,14.0
-45.0,44.0,18.0
-48.0,43.0,12.0
-44.0,42.0,16.0
-41.0,45.0,18.0
-43.0,41.0,17.0
-51.0,42.0,14.0
-50.0,43.0,12.0
-52.0,39.0,15.0
-53.0,42.0,12.0
-42.0,36.0,22.0
-49.0,41.0,15.0
-45.0,38.0,24.0
-46.0,38.0,20.0
-42.0,48.0,13.0
-45.0,43.0,15.0
-47.0,42.0,17.0
-48.0,41.0,16.0
-44.0,44.0,18.0
-47.0,43.0,15.0
-45.0,44.0,14.0
-47.0,45.0,15.0
-46.0,40.0,20.0
-45.0,41.0,19.0
-50.0,41.0,14.0
-51.0,36.0,14.0
-44.0,44.0,18.0
-43.0,43.0,18.0
-53.0,41.0,12.0
-45.0,41.0,17.0
-46.0,40.0,17.0
-50.0,40.0,17.0
-46.0,37.0,20.0
-48.0,43.0,17.0
-42.0,41.0,18.0
-47.0,43.0,15.0
-42.0,45.0,16.0
-48.0,41.0,17.0
-49.0,42.0,17.0
-45.0,43.0,16.0
-48.0,44.0,11.0
-43.0,43.0,20.0
-44.0,41.0,19.0
-42.0,43.0,19.0
-42.0,41.0,22.0
-52.0,40.0,11.0
-49.0,41.0,15.0
-51.0,35.0,17.0
-54.0,39.0,14.0
-53.0,39.0,12.0
-51.0,35.0,16.0
-44.0,39.0,17.0
-50.0,39.0,14.0
-50.0,38.0,17.0
-47.0,37.0,20.0
-45.0,41.0,13.0
-50.0,45.0,11.0
-44.0,43.0,17.0
-49.0,39.0,16.0
-46.0,42.0,15.0
-50.0,40.0,14.0
-51.0,41.0,12.0
-49.0,40.0,17.0
-48.0,41.0,15.0
-46.0,39.0,17.0
-43.0,40.0,21.0
-48.0,39.0,17.0
-48.0,37.0,19.0
-42.0,43.0,17.0
-49.0,45.0,10.0
-57.0,41.0,9.0
-51.0,41.0,12.0
-42.0,42.0,20.0
-46.0,37.0,17.0
-57.0,35.0,13.0
-46.0,37.0,18.0
-56.0,40.0,11.0
-51.0,41.0,13.0
-42.0,43.0,17.0
-45.0,43.0,17.0
-45.0,42.0,18.0
-41.0,42.0,20.0
-51.0,41.0,12.0
-50.0,39.0,13.0
-44.0,41.0,19.0
-47.0,41.0,17.0
-48.0,39.0,20.0
-46.0,41.0,18.0
-45.0,40.0,17.0
-46.0,42.0,16.0
-49.0,43.0,14.0
-50.0,40.0,16.0
-51.0,41.0,13.0
-49.0,39.0,17.0
-46.0,40.0,19.0
-48.0,38.0,16.0
-49.0,35.0,20.0
-49.0,41.0,15.0
-48.0,41.0,16.0
-48.0,41.0,15.0
-45.0,44.0,16.0
-43.0,43.0,16.0
-45.0,44.0,14.0
-47.0,44.0,14.0
-48.0,41.0,11.0
-46.0,41.0,18.0
-46.0,42.0,17.0
-45.0,39.0,17.0
-46.0,39.0,18.0
-48.0,41.0,13.0
-49.0,40.0,15.0
-47.0,42.0,13.0
-51.0,40.0,13.0
-50.0,40.0,13.0
-47.0,40.0,16.0
-48.0,39.0,17.0
-49.0,40.0,14.0
-48.0,38.0,17.0
-48.0,40.0,16.0
-49.0,40.0,16.0
-56.0,42.0,9.0
-46.0,41.0,16.0
-49.0,40.0,16.0
-45.0,42.0,16.0
-45.0,40.0,21.0
-50.0,42.0,12.0
-49.0,38.0,18.0
-44.0,40.0,20.0
-47.0,40.0,15.0
-47.0,40.0,18.0
-45.0,44.0,16.0
-50.0,41.0,12.0
-47.0,40.0,18.0
-47.0,41.0,19.0
-53.0,39.0,13.0
-40.0,40.0,21.0
-47.0,37.0,18.0
-53.0,41.0,12.0
-47.0,38.0,19.0
-50.0,38.0,17.0
-47.0,39.0,19.0
-51.0,43.0,14.0
-52.0,42.0,13.0
-41.0,43.0,17.0
-51.0,43.0,12.0
-47.0,41.0,15.0
-41.0,45.0,19.0
-50.0,39.0,15.0
-43.0,42.0,20.0
-45.0,42.0,18.0
-47.0,41.0,18.0
-41.0,44.0,18.0
-43.0,43.0,20.0
-51.0,38.0,17.0
-48.0,41.0,18.0
-58.0,42.0,13.0
-53.0,36.0,14.0
-37.0,48.0,16.0
-43.0,46.0,17.0
-41.0,37.0,26.0
-41.0,43.0,23.0
-50.0,39.0,19.0
-47.0,41.0,21.0
-48.0,43.0,17.0
-48.0,43.0,16.0
-42.0,44.0,21.0
-39.0,43.0,24.0
-41.0,46.0,20.0
-39.0,45.0,23.0
-42.0,46.0,19.0
-45.0,44.0,19.0
-41.0,43.0,22.0
-42.0,43.0,24.0
-42.0,43.0,25.0
-39.0,42.0,22.0
-43.0,42.0,21.0
-42.0,45.0,19.0
-48.0,41.0,17.0
-45.0,45.0,13.0
-51.0,43.0,20.0
-51.0,44.0,15.0
-45.0,42.0,16.0
-43.0,39.0,21.0
-48.0,40.0,22.0
-52.0,39.0,19.0
-45.0,36.0,23.0
-43.0,45.0,17.0
-43.0,46.0,18.0
-41.0,43.0,22.0
-43.0,45.0,18.0
-39.0,40.0,24.0
-42.0,43.0,24.0
-46.0,44.0,17.0
-43.0,47.0,18.0
-43.0,41.0,22.0
-44.0,42.0,21.0
-41.0,44.0,23.0
-45.0,38.0,22.0
-42.0,46.0,18.0
-44.0,43.0,17.0
-49.0,46.0,14.0
-41.0,41.0,17.0
-44.0,45.0,16.0
-49.0,42.0,15.0
-45.0,43.0,15.0
-49.0,43.0,16.0
-50.0,38.0,19.0
-46.0,43.0,18.0
-47.0,40.0,19.0
-43.0,46.0,18.0
-45.0,47.0,19.0
-41.0,43.0,21.0
-39.0,51.0,14.0
-54.0,45.0,12.0
-48.0,42.0,13.0
-44.0,40.0,17.0
-47.0,43.0,18.0
-46.0,41.0,18.0
-45.0,42.0,18.0
-40.0,41.0,23.0
-48.0,39.0,16.0
-45.0,36.0,20.0
-50.0,38.0,18.0
-58.0,42.0,9.0
-51.0,38.0,16.0
-49.0,43.0,14.0
-50.0,43.0,11.0
-43.0,36.0,24.0
-46.0,36.0,23.0
-47.0,37.0,20.0
-48.0,37.0,22.0
-46.0,41.0,20.0
-39.0,41.0,20.0
-46.0,46.0,14.0
-46.0,47.0,13.0
-44.0,44.0,19.0
-45.0,42.0,19.0
-45.0,44.0,16.0
-45.0,40.0,18.0
-45.0,40.0,20.0
-48.0,39.0,21.0
-48.0,41.0,17.0
-44.0,45.0,21.0
-39.0,47.0,20.0
-39.0,43.0,17.0
-43.0,38.0,20.0
-55.0,39.0,15.0
-51.0,40.0,12.0
-49.0,38.0,18.0
-52.0,42.0,16.0
-44.0,40.0,21.0
-48.0,41.0,17.0
-39.0,37.0,26.0
-41.0,39.0,24.0
-52.0,42.0,12.0
-49.0,44.0,15.0
-42.0,46.0,19.0
-43.0,46.0,18.0
-43.0,43.0,19.0
-42.0,44.0,18.0
-46.0,42.0,13.0
-43.0,41.0,20.0
-43.0,41.0,21.0
-46.0,43.0,18.0
-47.0,42.0,20.0
-50.0,39.0,16.0
-48.0,39.0,21.0
-48.0,41.0,18.0
-46.0,38.0,20.0
-37.0,40.0,23.0
-47.0,45.0,19.0
-45.0,37.0,22.0
-45.0,41.0,20.0
-46.0,39.0,21.0
-44.0,42.0,21.0
-48.0,44.0,18.0
-51.0,42.0,15.0
-41.0,45.0,20.0
-36.0,44.0,23.0
-46.0,43.0,18.0
-39.0,45.0,24.0
-45.0,45.0,18.0
-44.0,46.0,15.0
-44.0,44.0,20.0
-45.0,42.0,20.0
-42.0,42.0,18.0
-46.0,42.0,21.0
-47.0,42.0,18.0
-43.0,43.0,18.0
-51.0,40.0,16.0
-49.0,37.0,13.0
-47.0,42.0,20.0
-64.0,41.0,10.0
-54.0,40.0,13.0
-39.0,43.0,22.0
-37.0,43.0,22.0
-42.0,41.0,22.0
-42.0,39.0,25.0
-49.0,42.0,18.0
-47.0,43.0,15.0
-44.0,45.0,18.0
-46.0,46.0,16.0
-43.0,43.0,22.0
-40.0,45.0,22.0
-49.0,43.0,16.0
-43.0,43.0,18.0
-43.0,43.0,19.0
-47.0,40.0,18.0
-39.0,41.0,22.0
-41.0,44.0,23.0
-48.0,40.0,15.0
-45.0,41.0,18.0
-51.0,42.0,16.0
-48.0,40.0,13.0
-41.0,41.0,20.0
-48.0,40.0,15.0
-45.0,41.0,21.0
-49.0,40.0,20.0
-51.0,43.0,13.0
-41.0,41.0,19.0
-51.0,43.0,13.0
-48.0,45.0,14.0
-40.0,46.0,16.0
-44.0,46.0,15.0
-47.0,44.0,14.0
-44.0,43.0,20.0
-47.0,42.0,16.0
-47.0,38.0,21.0
-47.0,47.0,17.0
-45.0,46.0,13.0
-38.0,43.0,20.0
-47.0,43.0,21.0
-45.0,42.0,16.0
-44.0,41.0,20.0
-50.0,40.0,17.0
-47.0,38.0,18.0
-48.0,39.0,22.0
-53.0,41.0,13.0
-46.0,38.0,19.0
-42.0,42.0,19.0
-48.0,42.0,17.0
-50.0,42.0,15.0
-48.0,43.0,13.0
-45.0,42.0,18.0
-48.0,41.0,13.0
-42.0,42.0,18.0
-41.0,42.0,20.0
-43.0,43.0,17.0
-48.0,41.0,16.0
-47.0,43.0,14.0
-47.0,42.0,17.0
-44.0,44.0,19.0
-42.0,42.0,17.0
-40.0,41.0,21.0
-48.0,40.0,15.0
-49.0,41.0,15.0
-47.0,42.0,18.0
-48.0,40.0,15.0
-48.0,40.0,17.0
-48.0,42.0,14.0
-47.0,38.0,18.0
-50.0,40.0,18.0
-50.0,38.0,18.0
-46.0,40.0,20.0
-49.0,42.0,14.0
-50.0,37.0,16.0
-43.0,43.0,18.0
-46.0,44.0,16.0
-46.0,43.0,15.0
-45.0,42.0,18.0
-49.0,43.0,13.0
-44.0,44.0,17.0
-43.0,40.0,18.0
-57.0,41.0,11.0
-44.0,45.0,18.0
-43.0,40.0,21.0
-48.0,44.0,15.0
-44.0,44.0,14.0
-46.0,40.0,20.0
-45.0,37.0,20.0
-54.0,39.0,13.0
-50.0,39.0,19.0
-50.0,39.0,16.0
-48.0,41.0,14.0
-45.0,38.0,21.0
-49.0,38.0,18.0
-47.0,42.0,16.0
-49.0,36.0,20.0
-47.0,39.0,19.0
-47.0,44.0,10.0
-48.0,42.0,17.0
-41.0,46.0,16.0
-44.0,44.0,13.0
-44.0,42.0,21.0
-42.0,41.0,18.0
-50.0,42.0,14.0
-46.0,41.0,17.0
-48.0,41.0,16.0
-49.0,41.0,14.0
-42.0,44.0,20.0
-46.0,43.0,18.0
-50.0,40.0,12.0
-46.0,39.0,19.0
-56.0,38.0,14.0
-43.0,39.0,17.0
-49.0,40.0,19.0
-47.0,37.0,20.0
-48.0,42.0,14.0
-50.0,41.0,15.0
-46.0,41.0,20.0
-44.0,41.0,19.0
-48.0,42.0,12.0
-48.0,43.0,15.0
-44.0,44.0,17.0
-44.0,43.0,16.0
-41.0,43.0,21.0
-48.0,43.0,12.0
-50.0,44.0,13.0
-43.0,43.0,21.0
-46.0,43.0,17.0
-46.0,40.0,18.0
-40.0,40.0,25.0
-49.0,41.0,12.0
-49.0,39.0,14.0
-48.0,41.0,17.0
-47.0,39.0,14.0
-49.0,40.0,17.0
-46.0,38.0,18.0
-48.0,39.0,19.0
-50.0,38.0,15.0
-45.0,45.0,15.0
-40.0,39.0,21.0
-47.0,41.0,17.0
-46.0,44.0,14.0
-44.0,43.0,18.0
-45.0,43.0,18.0
-45.0,42.0,15.0
-45.0,43.0,18.0
-46.0,43.0,18.0
-45.0,40.0,16.0
-54.0,48.0,10.0
-49.0,42.0,14.0
-42.0,43.0,21.0
-44.0,39.0,19.0
-44.0,40.0,20.0
-48.0,41.0,16.0
-54.0,40.0,15.0
-47.0,41.0,20.0
-48.0,40.0,15.0
-49.0,41.0,17.0
-49.0,39.0,19.0
-41.0,43.0,19.0
-43.0,39.0,21.0
-44.0,38.0,21.0
-46.0,39.0,21.0
-53.0,43.0,13.0
-49.0,43.0,14.0
-40.0,45.0,21.0
-45.0,45.0,15.0
-37.0,41.0,22.0
-44.0,42.0,23.0
-51.0,42.0,13.0
-50.0,41.0,15.0
-44.0,40.0,21.0
-47.0,40.0,19.0
-46.0,40.0,20.0
-47.0,39.0,20.0
-47.0,38.0,19.0
-50.0,38.0,19.0
-45.0,41.0,19.0
-45.0,43.0,16.0
-50.0,40.0,19.0
-52.0,40.0,15.0
-47.0,41.0,18.0
-49.0,37.0,20.0
-48.0,36.0,21.0
-50.0,40.0,17.0
-49.0,40.0,16.0
-49.0,42.0,18.0
-48.0,43.0,16.0
-43.0,45.0,19.0
-39.0,43.0,19.0
-44.0,45.0,13.0
-48.0,42.0,18.0
-48.0,41.0,17.0
-46.0,38.0,20.0
-49.0,39.0,19.0
-49.0,37.0,19.0
-45.0,40.0,19.0
-48.0,39.0,18.0
-41.0,41.0,21.0
-45.0,42.0,17.0
-49.0,40.0,16.0
-50.0,42.0,14.0
-50.0,39.0,13.0
-53.0,40.0,14.0
-49.0,44.0,16.0
-46.0,40.0,18.0
-47.0,42.0,16.0
-44.0,43.0,18.0
-49.0,40.0,20.0
-45.0,41.0,18.0
-51.0,43.0,13.0
-47.0,42.0,19.0
-42.0,46.0,18.0
-44.0,40.0,20.0
-48.0,41.0,18.0
-47.0,44.0,15.0
-47.0,39.0,19.0
-48.0,45.0,16.0
-47.0,42.0,16.0
-39.0,43.0,23.0
-39.0,40.0,20.0
-50.0,42.0,15.0
-51.0,42.0,15.0
-47.0,41.0,15.0
-48.0,40.0,17.0
-52.0,41.0,15.0
-48.0,42.0,13.0
-42.0,39.0,23.0
-42.0,40.0,25.0
-42.0,38.0,22.0
-46.0,40.0,22.0
-47.0,40.0,20.0
-44.0,45.0,19.0
-51.0,43.0,10.0
-47.0,49.0,15.0
-43.0,41.0,21.0
-46.0,42.0,16.0
-41.0,43.0,22.0
-44.0,41.0,22.0
-43.0,44.0,19.0
-42.0,44.0,22.0
-41.0,43.0,21.0
-43.0,43.0,24.0
-45.0,40.0,21.0
-46.0,43.0,15.0
-47.0,42.0,20.0
-47.0,41.0,19.0
-47.0,42.0,18.0
-46.0,41.0,22.0
-47.0,41.0,20.0
-42.0,41.0,23.0
-45.0,42.0,21.0
-46.0,40.0,21.0
-47.0,43.0,21.0
-45.0,42.0,21.0
-45.0,42.0,18.0
-44.0,44.0,17.0
-40.0,44.0,22.0
-40.0,45.0,22.0
-40.0,43.0,21.0
-45.0,42.0,19.0
-51.0,40.0,18.0
-43.0,43.0,21.0
-44.0,42.0,22.0
-43.0,41.0,22.0
-42.0,41.0,21.0
-46.0,41.0,17.0
-52.0,41.0,13.0
-44.0,43.0,18.0
-58.0,44.0,9.0
-55.0,38.0,16.0
-38.0,40.0,20.0
-44.0,39.0,21.0
-46.0,39.0,21.0
-48.0,38.0,17.0
-50.0,42.0,18.0
-51.0,39.0,18.0
-47.0,43.0,15.0
-44.0,45.0,18.0
-43.0,43.0,18.0
-41.0,43.0,20.0
-46.0,42.0,19.0
-46.0,41.0,19.0
-45.0,43.0,20.0
-47.0,42.0,17.0
-44.0,42.0,19.0
-44.0,40.0,22.0
-48.0,40.0,17.0
-47.0,40.0,19.0
-46.0,39.0,21.0
-50.0,40.0,17.0
-43.0,42.0,18.0
-46.0,43.0,17.0
-47.0,43.0,15.0
-46.0,42.0,17.0
-49.0,40.0,18.0
-45.0,41.0,18.0
-47.0,38.0,22.0
-47.0,41.0,18.0
-47.0,39.0,19.0
-50.0,39.0,18.0
-45.0,43.0,18.0
-47.0,44.0,17.0
-45.0,42.0,19.0
-45.0,43.0,17.0
-47.0,43.0,18.0
-46.0,42.0,18.0
-43.0,41.0,21.0
-50.0,41.0,18.0
-46.0,44.0,17.0
-42.0,45.0,18.0
-44.0,44.0,18.0
-49.0,40.0,17.0
-49.0,41.0,16.0
-45.0,35.0,23.0
-50.0,37.0,18.0
-47.0,42.0,16.0
-48.0,42.0,16.0
-48.0,41.0,15.0
-46.0,45.0,13.0
-53.0,37.0,17.0
-47.0,38.0,18.0
-46.0,43.0,17.0
-48.0,38.0,16.0
-49.0,40.0,18.0
-47.0,41.0,19.0
-52.0,38.0,15.0
-47.0,42.0,19.0
-45.0,44.0,14.0
-44.0,44.0,18.0
-46.0,43.0,17.0
-51.0,44.0,12.0
-49.0,43.0,16.0
-50.0,40.0,15.0
-48.0,40.0,16.0
-50.0,43.0,14.0
-48.0,42.0,14.0
-46.0,33.0,23.0
-50.0,36.0,21.0
-46.0,36.0,24.0
-47.0,37.0,22.0
-44.0,44.0,18.0
-46.0,41.0,19.0
-46.0,43.0,17.0
-48.0,42.0,17.0
-51.0,43.0,14.0
-45.0,43.0,16.0
-44.0,41.0,22.0
-44.0,43.0,19.0
-41.0,45.0,16.0
-44.0,41.0,18.0
-50.0,32.0,27.0
-50.0,30.0,28.0
-56.0,37.0,16.0
-47.0,40.0,18.0
-47.0,41.0,18.0
-49.0,40.0,16.0
-43.0,46.0,16.0
-50.0,46.0,12.0
-44.0,41.0,20.0
-39.0,45.0,20.0
-47.0,46.0,14.0
-46.0,38.0,22.0
-44.0,37.0,23.0
-49.0,42.0,15.0
-49.0,40.0,17.0
-49.0,35.0,24.0
-49.0,33.0,26.0
-56.0,40.0,13.0
-42.0,45.0,17.0
-45.0,44.0,17.0
-42.0,37.0,23.0
-39.0,43.0,23.0
-47.0,42.0,18.0
-49.0,36.0,22.0
-50.0,40.0,19.0
-50.0,39.0,16.0
-49.0,38.0,23.0
-43.0,42.0,20.0
-46.0,43.0,18.0
-50.0,39.0,18.0
-47.0,40.0,19.0
-48.0,42.0,17.0
-46.0,41.0,18.0
-46.0,40.0,21.0
-48.0,43.0,18.0
-45.0,39.0,20.0
-45.0,41.0,19.0
-48.0,42.0,18.0
-47.0,41.0,18.0
-37.0,40.0,25.0
-50.0,39.0,18.0
-47.0,40.0,21.0
-49.0,42.0,17.0
-49.0,40.0,17.0
-46.0,39.0,23.0
-45.0,40.0,23.0
-42.0,42.0,19.0
-43.0,40.0,24.0
-52.0,41.0,17.0
-45.0,44.0,15.0
-47.0,40.0,19.0
-50.0,39.0,17.0
-46.0,45.0,16.0
-44.0,39.0,19.0
-49.0,39.0,20.0
-48.0,39.0,17.0
-51.0,36.0,21.0
-52.0,37.0,19.0
-44.0,37.0,23.0
-43.0,41.0,21.0
-51.0,41.0,15.0
-46.0,39.0,21.0
-48.0,44.0,17.0
-43.0,44.0,16.0
-43.0,43.0,19.0
-46.0,42.0,18.0
-48.0,42.0,19.0
-47.0,40.0,21.0
-47.0,40.0,19.0
-46.0,40.0,21.0
-44.0,44.0,17.0
-45.0,42.0,20.0
-40.0,41.0,22.0
-48.0,41.0,19.0
-49.0,40.0,20.0
-43.0,38.0,24.0
-45.0,40.0,23.0
-46.0,41.0,19.0
-44.0,40.0,22.0
-46.0,41.0,19.0
-49.0,42.0,17.0
-46.0,40.0,19.0
-46.0,42.0,18.0
-47.0,41.0,18.0
-47.0,38.0,22.0
-49.0,43.0,17.0
-46.0,41.0,17.0
-46.0,40.0,22.0
-48.0,43.0,17.0
-48.0,39.0,20.0
-45.0,42.0,21.0
-46.0,46.0,14.0
-42.0,42.0,20.0
-41.0,43.0,20.0
-44.0,45.0,18.0
-47.0,41.0,19.0
-45.0,43.0,19.0
-47.0,40.0,19.0
-47.0,44.0,17.0
-44.0,41.0,20.0
-45.0,42.0,19.0
-44.0,40.0,20.0
-48.0,40.0,19.0
-46.0,42.0,16.0
-46.0,40.0,18.0
-48.0,41.0,16.0
-47.0,41.0,18.0
-50.0,39.0,15.0
-50.0,42.0,15.0
-49.0,41.0,16.0
-48.0,42.0,16.0
-44.0,43.0,18.0
-49.0,40.0,16.0
-48.0,40.0,18.0
-50.0,40.0,15.0
-48.0,40.0,19.0
-42.0,42.0,18.0
-45.0,46.0,16.0
-50.0,44.0,16.0
-49.0,41.0,14.0
-46.0,38.0,23.0
-44.0,41.0,22.0
-45.0,42.0,18.0
-47.0,43.0,16.0
-40.0,41.0,21.0
-43.0,43.0,21.0
-46.0,39.0,21.0
-48.0,40.0,19.0
-49.0,37.0,20.0
-47.0,43.0,16.0
-46.0,44.0,17.0
-49.0,41.0,16.0
-46.0,42.0,17.0
-44.0,43.0,17.0
-46.0,41.0,17.0
-45.0,39.0,20.0
-48.0,34.0,23.0
-48.0,37.0,23.0
-47.0,37.0,22.0
-47.0,39.0,23.0
-47.0,39.0,20.0
-46.0,36.0,20.0
-48.0,39.0,20.0
-49.0,42.0,17.0
-45.0,35.0,22.0
-48.0,44.0,16.0
-48.0,46.0,12.0
-43.0,52.0,15.0
-41.0,48.0,14.0
-42.0,50.0,9.0
-40.0,47.0,15.0
-42.0,33.0,45.0
-37.0,41.0,21.0
-44.0,42.0,6.0
-64.0,42.0,15.0
-35.0,22.0,21.0
-85.0,26.0,31.0
-81.0,16.0,17.0
-52.0,37.0,1.0
-55.0,40.0,-6.0
-54.0,35.0,-12.0
-38.0,34.0,-9.0
-42.0,40.0,3.0
-46.0,37.0,16.0
-58.0,38.0,13.0
-47.0,42.0,11.0
-40.0,45.0,16.0
-44.0,40.0,15.0
-46.0,45.0,11.0
-44.0,44.0,11.0
-48.0,40.0,17.0
-48.0,43.0,17.0
-47.0,40.0,18.0
-48.0,41.0,18.0
-54.0,41.0,12.0
-50.0,46.0,12.0
-48.0,39.0,16.0
-50.0,41.0,9.0
-36.0,41.0,19.0
-41.0,41.0,20.0
-45.0,43.0,14.0
-54.0,46.0,11.0
-50.0,51.0,4.0
-61.0,38.0,8.0
-53.0,49.0,14.0
-38.0,54.0,10.0
-39.0,36.0,21.0
-42.0,38.0,25.0
-48.0,40.0,13.0
-51.0,39.0,13.0
-53.0,41.0,13.0
-47.0,42.0,12.0
-40.0,40.0,19.0
-49.0,41.0,18.0
-49.0,37.0,13.0
-53.0,42.0,13.0
-59.0,42.0,7.0
-50.0,39.0,9.0
-49.0,44.0,10.0
-49.0,39.0,12.0
-48.0,39.0,13.0
-49.0,40.0,12.0
-49.0,40.0,12.0
-51.0,38.0,11.0
-52.0,41.0,11.0
-51.0,38.0,13.0
-53.0,38.0,12.0
-53.0,38.0,8.0
-53.0,40.0,12.0
-49.0,37.0,14.0
-65.0,37.0,10.0
-42.0,43.0,19.0
-41.0,35.0,23.0
-48.0,36.0,18.0
-51.0,39.0,17.0
-48.0,42.0,17.0
-46.0,42.0,15.0
-46.0,40.0,18.0
-47.0,42.0,16.0
-46.0,39.0,18.0
-52.0,41.0,12.0
-50.0,42.0,14.0
-49.0,42.0,14.0
-46.0,41.0,12.0
-47.0,41.0,15.0
-48.0,39.0,15.0
-48.0,42.0,13.0
-47.0,41.0,15.0
-47.0,39.0,13.0
-50.0,40.0,12.0
-50.0,40.0,12.0
-54.0,40.0,10.0
-51.0,41.0,13.0
-44.0,40.0,17.0
-54.0,38.0,14.0
-48.0,42.0,14.0
-46.0,38.0,18.0
-44.0,37.0,17.0
-50.0,41.0,16.0
-45.0,40.0,16.0
-52.0,38.0,16.0
-45.0,40.0,16.0
-45.0,40.0,17.0
-47.0,42.0,15.0
-46.0,42.0,13.0
-45.0,41.0,18.0
-48.0,41.0,15.0
-43.0,40.0,17.0
-50.0,44.0,14.0
-49.0,41.0,14.0
-43.0,41.0,19.0
-50.0,40.0,14.0
-51.0,39.0,14.0
-48.0,37.0,18.0
-54.0,38.0,14.0
-48.0,40.0,14.0
-44.0,38.0,17.0
-56.0,40.0,7.0
-53.0,40.0,11.0
-54.0,39.0,13.0
-53.0,39.0,12.0
-43.0,37.0,22.0
-45.0,36.0,22.0
-49.0,38.0,15.0
-48.0,35.0,19.0
-52.0,39.0,15.0
-57.0,41.0,11.0
-46.0,39.0,16.0
-47.0,44.0,14.0
-40.0,41.0,18.0
-47.0,43.0,15.0
-47.0,39.0,19.0
-44.0,41.0,18.0
-52.0,39.0,15.0
-47.0,37.0,19.0
-52.0,41.0,12.0
-50.0,38.0,15.0
-48.0,42.0,17.0
-50.0,41.0,14.0
-41.0,40.0,19.0
-46.0,41.0,14.0
-49.0,40.0,13.0
-62.0,40.0,5.0
-56.0,37.0,11.0
-44.0,39.0,16.0
-48.0,41.0,14.0
-44.0,35.0,23.0
-45.0,38.0,20.0
-54.0,37.0,12.0
-57.0,38.0,13.0
-52.0,41.0,13.0
-51.0,40.0,12.0
-43.0,39.0,19.0
-43.0,43.0,17.0
-44.0,43.0,14.0
-44.0,43.0,19.0
-46.0,42.0,15.0
-48.0,42.0,14.0
-56.0,40.0,10.0
-61.0,41.0,7.0
-43.0,40.0,18.0
-37.0,40.0,20.0
-37.0,40.0,18.0
-44.0,39.0,16.0
-53.0,40.0,13.0
-59.0,41.0,8.0
-54.0,36.0,15.0
-56.0,39.0,14.0
-54.0,35.0,14.0
-51.0,37.0,17.0
-45.0,36.0,20.0
-47.0,37.0,17.0
-49.0,41.0,13.0
-45.0,34.0,19.0
-53.0,38.0,14.0
-54.0,40.0,10.0
-58.0,41.0,9.0
-47.0,38.0,12.0
-48.0,38.0,15.0
-44.0,39.0,19.0
-48.0,37.0,17.0
-49.0,40.0,14.0
-48.0,39.0,14.0
-47.0,39.0,16.0
-49.0,40.0,16.0
-51.0,40.0,17.0
-47.0,40.0,19.0
-52.0,39.0,14.0
-50.0,37.0,17.0
-51.0,37.0,17.0
-51.0,38.0,15.0
-49.0,37.0,17.0
-48.0,39.0,14.0
-52.0,36.0,16.0
-55.0,37.0,14.0
-50.0,35.0,18.0
-47.0,37.0,18.0
-48.0,37.0,17.0
-52.0,36.0,14.0
-53.0,37.0,16.0
-51.0,40.0,16.0
-50.0,40.0,15.0
-45.0,41.0,16.0
-46.0,43.0,14.0
-47.0,41.0,17.0
-48.0,40.0,15.0
-52.0,41.0,13.0
-52.0,40.0,14.0
-44.0,37.0,21.0
-48.0,39.0,16.0
-46.0,40.0,16.0
-44.0,37.0,20.0
-50.0,37.0,17.0
-51.0,39.0,14.0
-52.0,39.0,15.0
-48.0,39.0,14.0
-55.0,38.0,12.0
-54.0,40.0,11.0
-48.0,40.0,14.0
-46.0,40.0,18.0
-45.0,39.0,18.0
-49.0,38.0,16.0
-53.0,39.0,15.0
-51.0,38.0,19.0
-49.0,40.0,12.0
-50.0,40.0,17.0
-45.0,43.0,16.0
-42.0,42.0,17.0
-44.0,41.0,20.0
-54.0,39.0,9.0
-49.0,40.0,16.0
-48.0,40.0,17.0
-51.0,39.0,12.0
-47.0,40.0,17.0
-48.0,39.0,14.0
-45.0,39.0,18.0
-53.0,39.0,16.0
-52.0,40.0,12.0
-50.0,39.0,13.0
-47.0,40.0,14.0
-47.0,40.0,11.0
-48.0,39.0,16.0
-51.0,39.0,14.0
-46.0,37.0,17.0
-48.0,38.0,16.0
-56.0,38.0,13.0
-55.0,40.0,12.0
-52.0,39.0,12.0
-46.0,40.0,16.0
-44.0,42.0,18.0
-46.0,41.0,14.0
-47.0,41.0,15.0
-45.0,40.0,19.0
-50.0,41.0,14.0
-52.0,40.0,11.0
-44.0,41.0,18.0
-45.0,41.0,17.0
-43.0,41.0,19.0
-49.0,40.0,15.0
-52.0,37.0,14.0
-48.0,39.0,16.0
-52.0,38.0,12.0
-50.0,38.0,14.0
-48.0,39.0,14.0
-53.0,39.0,12.0
-50.0,38.0,16.0
-48.0,40.0,15.0
-50.0,42.0,10.0
-52.0,38.0,16.0
-52.0,40.0,14.0
-51.0,38.0,14.0
-50.0,39.0,16.0
-49.0,39.0,13.0
-48.0,40.0,15.0
-43.0,42.0,16.0
-45.0,40.0,15.0
-47.0,41.0,17.0
-47.0,40.0,16.0
-50.0,40.0,13.0
-51.0,41.0,15.0
-49.0,40.0,15.0
-45.0,40.0,16.0
-46.0,38.0,17.0
-50.0,40.0,15.0
-51.0,38.0,16.0
-51.0,38.0,15.0
-47.0,38.0,14.0
-58.0,38.0,12.0
-51.0,38.0,15.0
-48.0,38.0,16.0
-47.0,39.0,16.0
-49.0,38.0,15.0
-53.0,40.0,11.0
-54.0,38.0,14.0
-52.0,40.0,15.0
-44.0,40.0,16.0
-45.0,40.0,15.0
-45.0,42.0,15.0
-42.0,41.0,17.0
-47.0,41.0,15.0
-52.0,40.0,12.0
-49.0,40.0,16.0
-47.0,42.0,14.0
-49.0,39.0,15.0
-46.0,40.0,18.0
-49.0,41.0,13.0
-47.0,37.0,17.0
-51.0,39.0,11.0
-50.0,39.0,11.0
-50.0,37.0,13.0
-54.0,39.0,11.0
-54.0,38.0,8.0
-55.0,39.0,11.0
-47.0,36.0,18.0
-47.0,38.0,13.0
-47.0,39.0,13.0
-49.0,37.0,14.0
-54.0,38.0,13.0
-52.0,42.0,8.0
-52.0,39.0,13.0
-47.0,40.0,14.0
-48.0,42.0,12.0
-45.0,41.0,16.0
-49.0,40.0,14.0
-53.0,39.0,11.0
-51.0,39.0,13.0
-52.0,37.0,14.0
-48.0,39.0,15.0
-46.0,40.0,17.0
-46.0,38.0,13.0
-45.0,37.0,16.0
-47.0,40.0,17.0
-55.0,39.0,9.0
-53.0,37.0,10.0
-53.0,36.0,12.0
-53.0,38.0,8.0
-55.0,35.0,10.0
-54.0,35.0,13.0
-50.0,35.0,11.0
-51.0,35.0,12.0
-56.0,35.0,10.0
-54.0,38.0,9.0
-56.0,37.0,5.0
-52.0,35.0,11.0
-51.0,40.0,10.0
-49.0,40.0,9.0
-49.0,38.0,14.0
-49.0,38.0,11.0
-53.0,38.0,10.0
-53.0,37.0,9.0
-50.0,38.0,12.0
-54.0,36.0,10.0
-53.0,35.0,11.0
-51.0,38.0,13.0
-51.0,39.0,10.0
-55.0,35.0,7.0
-54.0,38.0,10.0
-52.0,36.0,10.0
-56.0,36.0,7.0
-51.0,37.0,11.0
-52.0,36.0,12.0
-51.0,36.0,12.0
-50.0,36.0,12.0
-55.0,33.0,13.0
-56.0,35.0,11.0
-58.0,36.0,12.0
-53.0,38.0,10.0
-49.0,39.0,9.0
-48.0,40.0,14.0
-50.0,41.0,14.0
-47.0,40.0,11.0
-47.0,40.0,13.0
-50.0,39.0,13.0
-52.0,40.0,9.0
-47.0,38.0,17.0
-52.0,39.0,11.0
-48.0,39.0,13.0
-49.0,38.0,17.0
-51.0,38.0,12.0
-50.0,37.0,11.0
-50.0,38.0,11.0
-52.0,35.0,12.0
-53.0,38.0,10.0
-52.0,37.0,12.0
-57.0,42.0,8.0
-53.0,41.0,7.0
-43.0,37.0,17.0
-46.0,34.0,19.0
-51.0,37.0,12.0
-52.0,35.0,17.0
-58.0,43.0,7.0
-51.0,45.0,6.0
-45.0,39.0,16.0
-48.0,42.0,10.0
-46.0,41.0,17.0
-48.0,44.0,16.0
-48.0,41.0,11.0
-46.0,41.0,14.0
-48.0,39.0,13.0
-48.0,39.0,14.0
-51.0,42.0,12.0
-47.0,41.0,13.0
-53.0,40.0,11.0
-49.0,40.0,12.0
-52.0,40.0,12.0
-50.0,39.0,10.0
-52.0,39.0,9.0
-50.0,42.0,10.0
-52.0,39.0,11.0
-52.0,37.0,15.0
-49.0,38.0,19.0
-49.0,39.0,14.0
-47.0,36.0,12.0
-55.0,39.0,13.0
-59.0,39.0,7.0
-49.0,36.0,15.0
-48.0,42.0,16.0
-45.0,40.0,14.0
-45.0,39.0,19.0
-49.0,40.0,12.0
-50.0,40.0,12.0
-51.0,41.0,13.0
-56.0,40.0,8.0
-46.0,39.0,17.0
-49.0,42.0,13.0
-49.0,38.0,14.0
-47.0,37.0,18.0
-51.0,39.0,10.0
-55.0,38.0,10.0
-50.0,40.0,14.0
-49.0,40.0,11.0
-55.0,39.0,10.0
-44.0,39.0,16.0
-50.0,39.0,12.0
-44.0,40.0,19.0
-44.0,37.0,18.0
-53.0,39.0,13.0
-52.0,40.0,13.0
-53.0,35.0,14.0
-53.0,42.0,11.0
-43.0,44.0,13.0
-49.0,40.0,11.0
-42.0,43.0,17.0
-44.0,40.0,17.0
-49.0,42.0,11.0
-52.0,40.0,14.0
-51.0,38.0,15.0
-51.0,41.0,12.0
-50.0,40.0,13.0
-49.0,40.0,12.0
-42.0,39.0,20.0
-49.0,41.0,13.0
-54.0,38.0,10.0
-51.0,38.0,14.0
-51.0,39.0,11.0
-51.0,38.0,12.0
-50.0,39.0,15.0
-49.0,38.0,15.0
-51.0,38.0,13.0
-52.0,38.0,11.0
-45.0,39.0,16.0
-56.0,38.0,10.0
-50.0,40.0,13.0
-46.0,45.0,12.0
-48.0,40.0,12.0
-46.0,42.0,13.0
-48.0,41.0,15.0
-50.0,40.0,14.0
-51.0,38.0,11.0
-52.0,40.0,12.0
-48.0,39.0,11.0
-47.0,41.0,13.0
-51.0,40.0,13.0
-46.0,40.0,16.0
-52.0,40.0,14.0
-49.0,40.0,12.0
-45.0,42.0,13.0
-49.0,37.0,12.0
-51.0,41.0,10.0
-54.0,40.0,10.0
-52.0,40.0,10.0
-51.0,37.0,15.0
-52.0,38.0,13.0
-48.0,38.0,14.0
-52.0,37.0,13.0
-52.0,37.0,14.0
-49.0,39.0,15.0
-50.0,40.0,11.0
-47.0,41.0,13.0
-46.0,43.0,14.0
-45.0,42.0,16.0
-48.0,41.0,16.0
-48.0,40.0,13.0
-48.0,39.0,14.0
-50.0,40.0,14.0
-46.0,40.0,15.0
-50.0,40.0,14.0
-49.0,40.0,14.0
-46.0,41.0,15.0
-48.0,41.0,16.0
-52.0,39.0,11.0
-51.0,37.0,14.0
-46.0,42.0,13.0
-53.0,41.0,9.0
-49.0,38.0,16.0
-48.0,41.0,16.0
-48.0,39.0,17.0
-46.0,40.0,14.0
-52.0,39.0,12.0
-52.0,40.0,15.0
-53.0,39.0,15.0
-49.0,42.0,14.0
-44.0,40.0,16.0
-43.0,43.0,17.0
-43.0,42.0,14.0
-45.0,40.0,18.0
-49.0,42.0,15.0
-53.0,40.0,10.0
-44.0,41.0,16.0
-45.0,40.0,17.0
-51.0,42.0,13.0
-47.0,40.0,16.0
-49.0,40.0,15.0
-47.0,40.0,15.0
-50.0,40.0,13.0
-49.0,40.0,10.0
-51.0,39.0,12.0
-54.0,41.0,11.0
-50.0,41.0,12.0
-49.0,38.0,17.0
-46.0,38.0,15.0
-50.0,39.0,10.0
-52.0,38.0,12.0
-51.0,41.0,12.0
-53.0,40.0,11.0
-50.0,43.0,14.0
-45.0,42.0,15.0
-48.0,40.0,14.0
-45.0,43.0,15.0
-47.0,40.0,13.0
-49.0,42.0,12.0
-49.0,41.0,12.0
-50.0,41.0,13.0
-48.0,41.0,14.0
-51.0,40.0,13.0
-48.0,41.0,13.0
-49.0,41.0,14.0
-48.0,40.0,14.0
-49.0,41.0,11.0
-50.0,41.0,12.0
-49.0,40.0,13.0
-51.0,40.0,10.0
-50.0,41.0,13.0
-51.0,39.0,14.0
-47.0,39.0,15.0
-48.0,38.0,16.0
-51.0,39.0,13.0
-49.0,39.0,13.0
-55.0,39.0,13.0
-52.0,41.0,13.0
-46.0,43.0,13.0
-43.0,41.0,18.0
-46.0,43.0,15.0
-45.0,43.0,13.0
-45.0,39.0,15.0
-48.0,40.0,14.0
-47.0,42.0,13.0
-50.0,41.0,14.0
-49.0,41.0,14.0
-48.0,41.0,14.0
-45.0,40.0,17.0
-50.0,41.0,13.0
-49.0,40.0,13.0
-48.0,39.0,14.0
-49.0,40.0,12.0
-53.0,40.0,10.0
-55.0,41.0,11.0
-49.0,40.0,13.0
-48.0,39.0,15.0
-47.0,40.0,16.0
-50.0,39.0,11.0
-51.0,36.0,12.0
-52.0,40.0,14.0
-51.0,42.0,11.0
-46.0,41.0,13.0
-43.0,42.0,14.0
-43.0,42.0,17.0
-47.0,41.0,15.0
-49.0,40.0,12.0
-49.0,42.0,13.0
-48.0,42.0,14.0
-49.0,42.0,12.0
-47.0,39.0,14.0
-48.0,42.0,14.0
-48.0,36.0,18.0
-49.0,40.0,12.0
-48.0,39.0,14.0
-51.0,39.0,10.0
-51.0,39.0,11.0
-52.0,39.0,10.0
-54.0,40.0,11.0
-51.0,39.0,13.0
-50.0,39.0,12.0
-50.0,37.0,13.0
-51.0,37.0,13.0
-53.0,38.0,11.0
-53.0,37.0,11.0
-51.0,39.0,11.0
-44.0,39.0,16.0
-47.0,41.0,13.0
-49.0,42.0,11.0
-48.0,38.0,15.0
-50.0,39.0,12.0
-51.0,39.0,12.0
-49.0,41.0,12.0
-51.0,39.0,11.0
-50.0,37.0,17.0
-47.0,38.0,18.0
-51.0,39.0,11.0
-50.0,37.0,12.0
-52.0,40.0,9.0
-50.0,38.0,8.0
-54.0,39.0,12.0
-51.0,37.0,18.0
-55.0,39.0,7.0
-52.0,40.0,8.0
-52.0,36.0,16.0
-48.0,38.0,12.0
-54.0,36.0,13.0
-55.0,41.0,11.0
-47.0,43.0,11.0
-43.0,41.0,12.0
-44.0,37.0,17.0
-51.0,38.0,13.0
-54.0,39.0,8.0
-49.0,36.0,15.0
-54.0,38.0,8.0
-55.0,35.0,12.0
-51.0,35.0,17.0
-49.0,34.0,14.0
-54.0,33.0,10.0
-55.0,36.0,11.0
-51.0,38.0,10.0
-55.0,38.0,9.0
-53.0,37.0,10.0
-58.0,37.0,9.0
-50.0,37.0,12.0
-49.0,36.0,11.0
-53.0,37.0,6.0
-53.0,36.0,11.0
-55.0,41.0,11.0
-53.0,41.0,5.0
-48.0,40.0,9.0
-50.0,41.0,7.0
-47.0,40.0,9.0
-49.0,40.0,11.0
-50.0,41.0,9.0
-53.0,37.0,10.0
-52.0,40.0,9.0
-53.0,37.0,9.0
-52.0,38.0,9.0
-48.0,37.0,12.0
-51.0,37.0,11.0
-50.0,38.0,10.0
-49.0,38.0,11.0
-58.0,40.0,7.0
-63.0,44.0,1.0
-45.0,41.0,12.0
-41.0,39.0,16.0
-46.0,38.0,14.0
-43.0,32.0,23.0
-54.0,37.0,8.0
-53.0,40.0,10.0
-54.0,42.0,10.0
-48.0,39.0,13.0
-47.0,37.0,15.0
-49.0,41.0,11.0
-45.0,38.0,18.0
-55.0,41.0,5.0
-53.0,36.0,8.0
-51.0,39.0,12.0
-56.0,38.0,8.0
-48.0,38.0,13.0
-46.0,39.0,14.0
-49.0,39.0,9.0
-49.0,42.0,11.0
-53.0,38.0,6.0
-61.0,39.0,3.0
-44.0,38.0,16.0
-51.0,41.0,8.0
-56.0,41.0,6.0
-50.0,39.0,14.0
-53.0,27.0,23.0
-36.0,46.0,-2.0
-56.0,34.0,15.0
-45.0,39.0,18.0
-57.0,37.0,2.0
-50.0,39.0,10.0
-45.0,40.0,15.0
-49.0,41.0,10.0
-49.0,37.0,12.0
-53.0,39.0,10.0
-53.0,36.0,12.0
-52.0,40.0,11.0
-53.0,37.0,9.0
-49.0,41.0,14.0
-47.0,39.0,13.0
-54.0,38.0,7.0
-53.0,38.0,10.0
-49.0,38.0,10.0
-45.0,36.0,14.0
-60.0,39.0,3.0
-51.0,37.0,9.0
-51.0,38.0,11.0
-49.0,36.0,9.0
-53.0,39.0,9.0
-55.0,36.0,10.0
-52.0,38.0,10.0
-51.0,37.0,11.0
-50.0,40.0,8.0
-48.0,39.0,11.0
-47.0,40.0,12.0
-50.0,41.0,9.0
-50.0,37.0,13.0
-50.0,38.0,13.0
-48.0,36.0,12.0
-50.0,37.0,10.0
-54.0,39.0,7.0
-58.0,41.0,7.0
-52.0,41.0,7.0
-44.0,39.0,11.0
-52.0,41.0,6.0
-52.0,40.0,5.0
-50.0,39.0,7.0
-56.0,36.0,8.0
-55.0,39.0,9.0
-52.0,37.0,9.0
-51.0,36.0,13.0
-52.0,40.0,8.0
-51.0,37.0,9.0
-51.0,42.0,8.0
-52.0,40.0,7.0
-47.0,44.0,8.0
-46.0,43.0,9.0
-50.0,37.0,9.0
-51.0,39.0,9.0
-51.0,38.0,9.0
-54.0,37.0,7.0
-50.0,41.0,9.0
-48.0,41.0,8.0
-48.0,40.0,11.0
-45.0,41.0,12.0
-52.0,36.0,9.0
-56.0,38.0,9.0
-49.0,37.0,11.0
-52.0,39.0,7.0
-48.0,36.0,13.0
-52.0,37.0,9.0
-53.0,37.0,9.0
-53.0,40.0,10.0
-56.0,35.0,8.0
-46.0,41.0,16.0
-47.0,39.0,12.0
-51.0,43.0,8.0
-45.0,41.0,10.0
-54.0,37.0,11.0
-48.0,37.0,15.0
-55.0,41.0,9.0
-55.0,39.0,4.0
-47.0,38.0,14.0
-53.0,39.0,8.0
-46.0,41.0,13.0
-49.0,41.0,12.0
-53.0,36.0,10.0
-49.0,38.0,11.0
-55.0,35.0,9.0
-52.0,37.0,9.0
-51.0,39.0,10.0
-47.0,39.0,11.0
-52.0,39.0,2.0
-56.0,35.0,8.0
-54.0,34.0,13.0
-51.0,35.0,12.0
-54.0,33.0,10.0
-58.0,34.0,11.0
-49.0,41.0,8.0
-53.0,34.0,11.0
-49.0,42.0,11.0
-46.0,37.0,14.0
-52.0,38.0,10.0
-48.0,38.0,13.0
-53.0,40.0,8.0
-50.0,37.0,11.0
-48.0,37.0,12.0
-55.0,35.0,8.0
-55.0,33.0,10.0
-49.0,39.0,12.0
-53.0,38.0,8.0
-50.0,34.0,13.0
-50.0,37.0,7.0
-43.0,40.0,12.0
-48.0,38.0,11.0
-58.0,37.0,3.0
-52.0,35.0,8.0
-52.0,37.0,12.0
-51.0,34.0,11.0
-54.0,35.0,11.0
-54.0,38.0,8.0
-53.0,37.0,10.0
-47.0,41.0,10.0
-51.0,39.0,9.0
-47.0,37.0,10.0
-51.0,39.0,11.0
-51.0,39.0,11.0
-48.0,37.0,11.0
-53.0,37.0,9.0
-51.0,39.0,8.0
-54.0,37.0,11.0
-50.0,40.0,8.0
-52.0,41.0,6.0
-52.0,34.0,12.0
-54.0,38.0,7.0
-53.0,36.0,7.0
-53.0,37.0,9.0
-54.0,37.0,5.0
-54.0,40.0,7.0
-50.0,38.0,9.0
-55.0,39.0,6.0
-52.0,38.0,6.0
-54.0,38.0,8.0
-52.0,37.0,8.0
-53.0,36.0,9.0
-55.0,36.0,8.0
-54.0,37.0,8.0
-51.0,37.0,9.0
-54.0,37.0,9.0
-53.0,39.0,7.0
-48.0,39.0,12.0
-51.0,39.0,10.0
-50.0,41.0,8.0
-47.0,40.0,11.0
-52.0,39.0,9.0
-52.0,39.0,7.0
-51.0,39.0,11.0
-50.0,38.0,10.0
-54.0,37.0,10.0
-47.0,38.0,14.0
-57.0,34.0,10.0
-59.0,34.0,10.0
-45.0,39.0,13.0
-47.0,37.0,14.0
-56.0,37.0,7.0
-58.0,39.0,7.0
-49.0,39.0,11.0
-41.0,44.0,10.0
-49.0,40.0,10.0
-41.0,38.0,19.0
-52.0,40.0,11.0
-52.0,36.0,12.0
-51.0,35.0,15.0
-55.0,40.0,5.0
-50.0,40.0,9.0
-47.0,39.0,15.0
-50.0,38.0,13.0
-53.0,43.0,10.0
-53.0,41.0,9.0
-53.0,39.0,10.0
-48.0,40.0,11.0
-48.0,38.0,14.0
-51.0,41.0,13.0
-50.0,37.0,12.0
-52.0,39.0,10.0
-53.0,39.0,10.0
-50.0,40.0,12.0
-48.0,39.0,13.0
-48.0,39.0,13.0
-50.0,37.0,12.0
-52.0,38.0,10.0
-50.0,37.0,12.0
-48.0,39.0,11.0
-50.0,39.0,11.0
-54.0,38.0,9.0
-51.0,39.0,9.0
-53.0,38.0,10.0
-55.0,37.0,10.0
-54.0,39.0,10.0
-48.0,36.0,13.0
-49.0,36.0,14.0
-51.0,39.0,10.0
-56.0,34.0,11.0
-50.0,36.0,12.0
-50.0,41.0,14.0
-47.0,38.0,14.0
-45.0,38.0,13.0
-49.0,41.0,14.0
-55.0,43.0,8.0
-52.0,38.0,9.0
-45.0,41.0,19.0
-43.0,41.0,20.0
-48.0,37.0,17.0
-49.0,38.0,10.0
-48.0,39.0,18.0
-49.0,37.0,15.0
-48.0,39.0,16.0
-44.0,39.0,19.0
-47.0,41.0,13.0
-56.0,36.0,9.0
-49.0,37.0,17.0
-49.0,40.0,13.0
-56.0,38.0,9.0
-56.0,42.0,9.0
-51.0,39.0,9.0
-50.0,34.0,16.0
-48.0,36.0,16.0
-56.0,39.0,10.0
-52.0,37.0,13.0
-54.0,38.0,12.0
-49.0,38.0,11.0
-48.0,39.0,14.0
-55.0,38.0,11.0
-52.0,41.0,11.0
-44.0,38.0,15.0
-42.0,38.0,20.0
-49.0,39.0,14.0
-50.0,39.0,13.0
-49.0,39.0,13.0
-51.0,38.0,14.0
-48.0,40.0,13.0
-49.0,36.0,15.0
-51.0,35.0,15.0
-52.0,37.0,13.0
-49.0,39.0,14.0
-48.0,39.0,12.0
-48.0,38.0,12.0
-48.0,42.0,10.0
-4.0,53.0,36.0
-55.0,28.0,6.0
-23.0,44.0,33.0
-55.0,32.0,9.0
-59.0,43.0,7.0
-49.0,35.0,14.0
-52.0,39.0,8.0
-53.0,38.0,11.0
-55.0,35.0,14.0
-51.0,38.0,10.0
-48.0,40.0,13.0
-49.0,40.0,10.0
-49.0,38.0,13.0
-54.0,39.0,10.0
-49.0,39.0,12.0
-51.0,36.0,13.0
-51.0,37.0,11.0
-52.0,37.0,10.0
-49.0,36.0,13.0
-50.0,37.0,12.0
-53.0,38.0,9.0
-52.0,38.0,12.0
-48.0,39.0,10.0
-49.0,40.0,9.0
-50.0,37.0,10.0
-56.0,34.0,8.0
-58.0,37.0,9.0
-52.0,38.0,8.0
-55.0,34.0,12.0
-52.0,35.0,14.0
-52.0,33.0,12.0
-47.0,35.0,15.0
-53.0,37.0,12.0
-56.0,36.0,10.0
-49.0,37.0,10.0
-50.0,37.0,13.0
-53.0,37.0,11.0
-54.0,40.0,9.0
-51.0,41.0,13.0
-48.0,35.0,14.0
-51.0,38.0,11.0
-50.0,37.0,14.0
-48.0,36.0,16.0
-47.0,37.0,12.0
-51.0,39.0,11.0
-54.0,38.0,11.0
-46.0,41.0,12.0
-56.0,38.0,10.0
-54.0,40.0,8.0
-46.0,38.0,12.0
-51.0,36.0,11.0
-48.0,37.0,11.0
-51.0,39.0,15.0
-54.0,37.0,10.0
-56.0,36.0,8.0
-53.0,33.0,12.0
-57.0,41.0,6.0
-52.0,37.0,8.0
-51.0,40.0,10.0
-51.0,39.0,8.0
-51.0,35.0,10.0
-43.0,42.0,14.0
-49.0,34.0,11.0
-53.0,39.0,6.0
-54.0,36.0,12.0
-53.0,40.0,7.0
-50.0,37.0,12.0
-53.0,39.0,11.0
-54.0,41.0,14.0
-52.0,41.0,12.0
-63.0,47.0,8.0
-59.0,48.0,14.0
-54.0,55.0,29.0
-69.0,43.0,19.0
-91.0,53.0,7.0
-75.0,37.0,0.0
-60.0,18.0,-25.0
-56.0,13.0,-30.0
-39.0,2.0,-36.0
-39.0,-2.0,-32.0
-45.0,1.0,-31.0
-53.0,0.0,-30.0
-55.0,-2.0,-21.0
-54.0,-1.0,-11.0
-44.0,4.0,5.0
-40.0,6.0,3.0
-55.0,30.0,13.0
-57.0,41.0,19.0
-60.0,44.0,15.0
-61.0,44.0,16.0
-49.0,34.0,19.0
-46.0,26.0,16.0
-50.0,29.0,3.0
-54.0,32.0,-7.0
-59.0,25.0,-13.0
-58.0,30.0,-3.0
-52.0,29.0,-10.0
-65.0,37.0,-14.0
-68.0,31.0,-14.0
-51.0,26.0,-20.0
-53.0,24.0,-23.0
-61.0,24.0,-15.0
-65.0,23.0,-5.0
-65.0,12.0,-8.0
-74.0,15.0,-12.0
-67.0,21.0,-7.0
-64.0,27.0,-6.0
-58.0,37.0,-9.0
-50.0,41.0,-15.0
-56.0,42.0,-19.0
-64.0,44.0,-10.0
-64.0,36.0,-8.0
-55.0,27.0,8.0
-54.0,34.0,18.0
-52.0,29.0,14.0
-48.0,24.0,10.0
-54.0,26.0,12.0
-60.0,23.0,4.0
-61.0,26.0,-3.0
-65.0,29.0,-3.0
-66.0,29.0,-6.0
-68.0,27.0,-15.0
-63.0,23.0,-8.0
-51.0,18.0,-7.0
-57.0,4.0,-4.0
-60.0,8.0,-6.0
-61.0,1.0,-10.0
-65.0,6.0,-7.0
-62.0,20.0,-6.0
-66.0,25.0,-9.0
-58.0,27.0,-5.0
-56.0,24.0,-7.0
-47.0,19.0,0.0
-36.0,13.0,-3.0
-30.0,26.0,-14.0
-28.0,38.0,-2.0
-39.0,17.0,-6.0
-75.0,48.0,1.0
-77.0,39.0,51.0
-61.0,46.0,22.0
-49.0,31.0,32.0
-66.0,25.0,16.0
-51.0,15.0,9.0
-64.0,21.0,-23.0
-59.0,31.0,3.0
-49.0,28.0,19.0
-59.0,26.0,10.0
-49.0,21.0,20.0
-82.0,24.0,-29.0
-81.0,23.0,-32.0
-59.0,27.0,29.0
-51.0,24.0,29.0
-52.0,26.0,18.0
-53.0,22.0,25.0
-63.0,27.0,22.0
-58.0,33.0,-2.0
-46.0,35.0,12.0
-66.0,26.0,2.0
-61.0,26.0,4.0
-56.0,27.0,18.0
-65.0,23.0,5.0
-50.0,29.0,18.0
-54.0,25.0,15.0
-61.0,29.0,9.0
-67.0,33.0,1.0
-55.0,27.0,21.0
-53.0,24.0,15.0
-53.0,29.0,1.0
-53.0,29.0,14.0
-61.0,24.0,6.0
-50.0,27.0,13.0
-59.0,24.0,11.0
-58.0,25.0,10.0
-60.0,27.0,12.0
-55.0,28.0,15.0
-58.0,39.0,3.0
-47.0,31.0,14.0
-54.0,31.0,8.0
-56.0,28.0,13.0
-61.0,29.0,7.0
-61.0,25.0,7.0
-56.0,25.0,12.0
-60.0,24.0,7.0
-53.0,29.0,11.0
-61.0,27.0,11.0
-55.0,28.0,12.0
-57.0,26.0,10.0
-59.0,26.0,14.0
-62.0,28.0,3.0
-54.0,28.0,9.0
-54.0,29.0,14.0
-64.0,25.0,5.0
-52.0,27.0,12.0
-57.0,26.0,14.0
-56.0,25.0,8.0
-52.0,27.0,11.0
-62.0,27.0,8.0
-63.0,28.0,6.0
-58.0,29.0,13.0
-58.0,30.0,11.0
-53.0,33.0,15.0
-55.0,26.0,15.0
-61.0,24.0,13.0
-56.0,26.0,15.0
-59.0,23.0,17.0
-59.0,25.0,15.0
-62.0,22.0,11.0
-59.0,22.0,14.0
-62.0,18.0,15.0
-60.0,21.0,16.0
-47.0,28.0,19.0
-58.0,26.0,9.0
-57.0,21.0,18.0
-62.0,28.0,12.0
-54.0,26.0,15.0
-65.0,23.0,8.0
-60.0,23.0,12.0
-59.0,28.0,10.0
-60.0,25.0,8.0
-63.0,22.0,10.0
-62.0,21.0,8.0
-61.0,20.0,8.0
-59.0,23.0,11.0
-57.0,20.0,10.0
-55.0,22.0,12.0
-55.0,25.0,12.0
-64.0,25.0,8.0
-67.0,25.0,8.0
-66.0,22.0,7.0
-31.0,50.0,-19.0
-42.0,-7.0,-22.0
-42.0,24.0,-26.0
-50.0,4.0,-13.0
-104.0,8.0,-8.0
-69.0,3.0,-18.0
-48.0,14.0,-26.0
-64.0,32.0,3.0
-43.0,46.0,17.0
-61.0,27.0,3.0
-63.0,26.0,8.0
-55.0,27.0,2.0
-56.0,24.0,-2.0
-57.0,22.0,8.0
-65.0,32.0,7.0
-63.0,37.0,8.0
-56.0,27.0,3.0
-58.0,29.0,10.0
-55.0,30.0,12.0
-66.0,28.0,-2.0
-60.0,24.0,9.0
-59.0,31.0,10.0
-57.0,30.0,8.0
-56.0,27.0,14.0
-59.0,28.0,8.0
-56.0,30.0,10.0
-53.0,28.0,14.0
-56.0,29.0,10.0
-57.0,29.0,11.0
-55.0,29.0,12.0
-57.0,28.0,10.0
-59.0,34.0,13.0
-45.0,20.0,16.0
-55.0,24.0,12.0
-66.0,36.0,4.0
-55.0,30.0,11.0
-54.0,26.0,11.0
-54.0,31.0,12.0
-56.0,30.0,11.0
-58.0,28.0,13.0
-55.0,30.0,13.0
-46.0,18.0,15.0
-66.0,36.0,2.0
-60.0,34.0,9.0
-59.0,29.0,12.0
-54.0,29.0,16.0
-55.0,28.0,17.0
-53.0,29.0,18.0
-55.0,25.0,13.0
-60.0,29.0,14.0
-58.0,28.0,11.0
-60.0,27.0,11.0
-54.0,28.0,17.0
-56.0,26.0,16.0
-54.0,28.0,14.0
-56.0,30.0,14.0
-61.0,28.0,10.0
-56.0,26.0,12.0
-59.0,29.0,12.0
-58.0,29.0,14.0
-52.0,26.0,20.0
-54.0,29.0,16.0
-53.0,29.0,15.0
-57.0,28.0,14.0
-57.0,32.0,9.0
-52.0,28.0,15.0
-57.0,29.0,14.0
-55.0,32.0,13.0
-55.0,29.0,14.0
-58.0,30.0,11.0
-56.0,31.0,13.0
-53.0,27.0,18.0
-58.0,29.0,11.0
-53.0,27.0,14.0
-55.0,26.0,17.0
-62.0,28.0,9.0
-56.0,27.0,12.0
-57.0,28.0,12.0
-57.0,30.0,10.0
-55.0,27.0,13.0
-60.0,28.0,10.0
-59.0,29.0,8.0
-52.0,27.0,13.0
-61.0,25.0,9.0
-57.0,21.0,10.0
-60.0,29.0,10.0
-58.0,30.0,11.0
-59.0,26.0,12.0
-60.0,26.0,11.0
-53.0,32.0,12.0
-53.0,31.0,13.0
-63.0,28.0,7.0
-57.0,32.0,8.0
-53.0,30.0,18.0
-59.0,28.0,13.0
-57.0,30.0,10.0
-51.0,29.0,17.0
-57.0,26.0,12.0
-57.0,30.0,12.0
-54.0,30.0,15.0
-58.0,27.0,12.0
-56.0,30.0,12.0
-56.0,28.0,12.0
-58.0,29.0,12.0
-59.0,30.0,12.0
-57.0,26.0,14.0
-54.0,30.0,16.0
-53.0,34.0,15.0
-56.0,27.0,14.0
-55.0,28.0,11.0
-53.0,32.0,18.0
-59.0,30.0,14.0
-58.0,31.0,10.0
-54.0,28.0,16.0
-57.0,32.0,13.0
-53.0,28.0,15.0
-58.0,32.0,12.0
-56.0,27.0,12.0
-59.0,34.0,12.0
-51.0,33.0,15.0
-53.0,32.0,14.0
-53.0,29.0,13.0
-54.0,35.0,15.0
-52.0,33.0,17.0
-55.0,32.0,14.0
-52.0,35.0,18.0
-56.0,30.0,11.0
-58.0,33.0,11.0
-53.0,30.0,16.0
-53.0,34.0,15.0
-50.0,30.0,18.0
-52.0,31.0,17.0
-58.0,29.0,15.0
-58.0,28.0,10.0
-57.0,31.0,10.0
-57.0,30.0,12.0
-55.0,27.0,13.0
-56.0,32.0,12.0
-55.0,31.0,13.0
-56.0,28.0,11.0
-58.0,31.0,8.0
-54.0,30.0,15.0
-57.0,28.0,13.0
-54.0,32.0,13.0
-51.0,28.0,14.0
-62.0,31.0,9.0
-54.0,32.0,13.0
-59.0,32.0,10.0
-58.0,32.0,8.0
-55.0,31.0,12.0
-56.0,30.0,12.0
-53.0,32.0,15.0
-55.0,32.0,12.0
-58.0,33.0,9.0
-56.0,34.0,12.0
-58.0,30.0,10.0
-57.0,28.0,11.0
-52.0,28.0,19.0
-56.0,28.0,14.0
-58.0,29.0,11.0
-56.0,29.0,14.0
-58.0,27.0,12.0
-55.0,31.0,13.0
-55.0,29.0,14.0
-58.0,29.0,10.0
-56.0,30.0,14.0
-58.0,30.0,12.0
-54.0,31.0,11.0
-55.0,30.0,13.0
-58.0,30.0,12.0
-51.0,27.0,15.0
-59.0,28.0,11.0
-53.0,33.0,15.0
-56.0,31.0,13.0
-59.0,32.0,9.0
-57.0,30.0,12.0
-52.0,31.0,15.0
-52.0,33.0,15.0
-54.0,29.0,18.0
-54.0,30.0,17.0
-54.0,29.0,15.0
-58.0,32.0,16.0
-56.0,31.0,13.0
-52.0,27.0,17.0
-57.0,29.0,15.0
-56.0,28.0,14.0
-56.0,28.0,13.0
-59.0,30.0,10.0
-57.0,28.0,14.0
-54.0,28.0,14.0
-52.0,24.0,16.0
-57.0,28.0,17.0
-55.0,32.0,11.0
-55.0,29.0,15.0
-54.0,30.0,16.0
-59.0,29.0,13.0
-56.0,31.0,12.0
-55.0,28.0,15.0
-57.0,30.0,13.0
-57.0,29.0,15.0
-55.0,27.0,15.0
-55.0,27.0,16.0
-53.0,23.0,16.0
-57.0,37.0,7.0
-53.0,33.0,13.0
-50.0,28.0,20.0
-52.0,30.0,23.0
-57.0,27.0,14.0
-56.0,27.0,13.0
-56.0,29.0,13.0
-55.0,28.0,13.0
-61.0,29.0,9.0
-54.0,25.0,16.0
-55.0,27.0,13.0
-62.0,26.0,10.0
-57.0,27.0,16.0
-58.0,28.0,12.0
-55.0,26.0,15.0
-57.0,30.0,13.0
-58.0,26.0,11.0
-62.0,29.0,10.0
-55.0,29.0,16.0
-49.0,32.0,17.0
-56.0,30.0,12.0
-57.0,28.0,15.0
-54.0,28.0,18.0
-62.0,28.0,10.0
-54.0,29.0,14.0
-62.0,28.0,9.0
-56.0,30.0,14.0
-54.0,30.0,18.0
-56.0,31.0,15.0
-59.0,29.0,10.0
-54.0,30.0,13.0
-55.0,28.0,15.0
-56.0,27.0,13.0
-56.0,27.0,11.0
-56.0,26.0,16.0
-57.0,28.0,10.0
-59.0,26.0,12.0
-56.0,26.0,15.0
-58.0,28.0,12.0
-51.0,27.0,19.0
-56.0,26.0,13.0
-58.0,29.0,11.0
-56.0,31.0,15.0
-58.0,27.0,13.0
-58.0,31.0,11.0
-52.0,27.0,17.0
-57.0,29.0,14.0
-54.0,29.0,12.0
-57.0,29.0,13.0
-56.0,26.0,14.0
-61.0,30.0,12.0
-62.0,29.0,9.0
-52.0,29.0,17.0
-52.0,30.0,15.0
-55.0,32.0,9.0
-48.0,25.0,16.0
-64.0,28.0,4.0
-64.0,23.0,3.0
-61.0,24.0,7.0
-60.0,25.0,8.0
-60.0,25.0,10.0
-58.0,25.0,7.0
-56.0,23.0,11.0
-59.0,23.0,11.0
-60.0,24.0,6.0
-58.0,21.0,9.0
-56.0,26.0,12.0
-60.0,26.0,7.0
-56.0,29.0,11.0
-59.0,30.0,10.0
-56.0,27.0,11.0
-58.0,26.0,11.0
-54.0,26.0,14.0
-55.0,26.0,12.0
-57.0,24.0,10.0
-60.0,23.0,10.0
-61.0,31.0,9.0
-59.0,29.0,14.0
-48.0,26.0,19.0
-57.0,28.0,8.0
-57.0,28.0,8.0
-62.0,26.0,8.0
-62.0,24.0,6.0
-56.0,24.0,12.0
-60.0,25.0,12.0
-61.0,25.0,8.0
-58.0,22.0,12.0
-59.0,25.0,10.0
-59.0,24.0,8.0
-62.0,30.0,8.0
-59.0,26.0,9.0
-56.0,27.0,14.0
-59.0,28.0,11.0
-54.0,28.0,13.0
-57.0,30.0,13.0
-57.0,29.0,10.0
-58.0,28.0,9.0
-53.0,27.0,16.0
-56.0,27.0,13.0
-58.0,27.0,12.0
-57.0,24.0,13.0
-57.0,25.0,11.0
-57.0,23.0,13.0
-56.0,22.0,14.0
-62.0,29.0,7.0
-56.0,26.0,11.0
-55.0,27.0,11.0
-58.0,26.0,8.0
-56.0,24.0,15.0
-60.0,29.0,8.0
-56.0,26.0,13.0
-58.0,27.0,12.0
-59.0,25.0,9.0
-55.0,27.0,16.0
-57.0,27.0,12.0
-60.0,28.0,10.0
-59.0,28.0,11.0
-57.0,29.0,11.0
-57.0,27.0,10.0
-57.0,27.0,10.0
-58.0,27.0,12.0
-56.0,26.0,13.0
-64.0,25.0,9.0
-52.0,26.0,16.0
-56.0,25.0,13.0
-57.0,26.0,13.0
-60.0,25.0,9.0
-62.0,26.0,7.0
-60.0,25.0,10.0
-56.0,26.0,9.0
-60.0,20.0,12.0
-59.0,23.0,14.0
-59.0,22.0,9.0
-61.0,21.0,11.0
-55.0,24.0,11.0
-59.0,27.0,9.0
-58.0,26.0,12.0
-59.0,29.0,9.0
-55.0,26.0,14.0
-60.0,28.0,8.0
-60.0,26.0,6.0
-59.0,28.0,11.0
-60.0,27.0,10.0
-57.0,26.0,12.0
-53.0,25.0,11.0
-57.0,25.0,12.0
-59.0,27.0,8.0
-60.0,25.0,10.0
-61.0,25.0,6.0
-60.0,27.0,9.0
-59.0,27.0,9.0
-58.0,26.0,12.0
-55.0,25.0,14.0
-61.0,26.0,8.0
-55.0,25.0,12.0
-61.0,26.0,12.0
-55.0,27.0,12.0
-58.0,30.0,12.0
-55.0,26.0,14.0
-54.0,28.0,12.0
-58.0,28.0,10.0
-56.0,30.0,12.0
-62.0,28.0,6.0
-52.0,29.0,18.0
-54.0,28.0,18.0
-58.0,25.0,13.0
-58.0,28.0,12.0
-53.0,25.0,13.0
-58.0,27.0,12.0
-57.0,26.0,10.0
-64.0,25.0,8.0
-56.0,25.0,11.0
-57.0,25.0,12.0
-57.0,24.0,14.0
-60.0,25.0,6.0
-61.0,25.0,10.0
-55.0,23.0,15.0
-57.0,27.0,11.0
-56.0,28.0,11.0
-54.0,31.0,15.0
-59.0,27.0,8.0
-57.0,28.0,9.0
-55.0,23.0,15.0
-66.0,29.0,1.0
-55.0,29.0,13.0
-47.0,25.0,22.0
-55.0,28.0,11.0
-51.0,25.0,15.0
-57.0,29.0,14.0
-59.0,25.0,7.0
-60.0,25.0,10.0
-57.0,27.0,11.0
-57.0,26.0,12.0
-57.0,27.0,10.0
-58.0,24.0,11.0
-56.0,24.0,14.0
-57.0,27.0,10.0
-62.0,24.0,13.0
-59.0,27.0,9.0
-60.0,30.0,9.0
-57.0,31.0,7.0
-57.0,32.0,10.0
-56.0,33.0,9.0
-57.0,31.0,9.0
-55.0,28.0,14.0
-57.0,27.0,11.0
-56.0,28.0,13.0
-59.0,26.0,9.0
-59.0,26.0,9.0
-57.0,24.0,13.0
-57.0,27.0,11.0
-59.0,25.0,12.0
-57.0,24.0,12.0
-57.0,27.0,12.0
-56.0,28.0,11.0
-64.0,26.0,4.0
-56.0,21.0,11.0
-56.0,30.0,11.0
-59.0,29.0,9.0
-58.0,26.0,14.0
-55.0,29.0,11.0
-60.0,25.0,11.0
-58.0,31.0,10.0
-54.0,29.0,11.0
-55.0,28.0,14.0
-61.0,25.0,4.0
-59.0,24.0,12.0
-53.0,27.0,18.0
-59.0,27.0,10.0
-54.0,28.0,14.0
-60.0,27.0,7.0
-58.0,27.0,8.0
-59.0,29.0,9.0
-60.0,26.0,7.0
-59.0,25.0,12.0
-54.0,24.0,14.0
-64.0,24.0,4.0
-57.0,22.0,14.0
-59.0,30.0,10.0
-56.0,27.0,11.0
-52.0,25.0,15.0
-59.0,29.0,9.0
-59.0,30.0,10.0
-55.0,29.0,12.0
-57.0,26.0,11.0
-57.0,26.0,11.0
-59.0,25.0,10.0
-63.0,23.0,3.0
-57.0,28.0,11.0
-54.0,23.0,15.0
-57.0,26.0,14.0
-52.0,27.0,16.0
-56.0,26.0,11.0
-63.0,24.0,3.0
-58.0,28.0,7.0
-58.0,29.0,4.0
-59.0,24.0,8.0
-63.0,24.0,7.0
-60.0,21.0,7.0
-57.0,23.0,13.0
-63.0,24.0,6.0
-55.0,21.0,12.0
-57.0,30.0,13.0
-61.0,31.0,6.0
-60.0,28.0,4.0
-58.0,26.0,10.0
-58.0,27.0,9.0
-55.0,25.0,15.0
-57.0,26.0,7.0
-60.0,24.0,11.0
-55.0,32.0,14.0
-59.0,27.0,7.0
-53.0,24.0,11.0
-55.0,28.0,13.0
-63.0,26.0,6.0
-57.0,25.0,12.0
-60.0,25.0,10.0
-63.0,24.0,9.0
-56.0,21.0,12.0
-59.0,23.0,10.0
-59.0,22.0,9.0
-58.0,32.0,6.0
-55.0,25.0,11.0
-50.0,30.0,18.0
-56.0,32.0,10.0
-57.0,24.0,9.0
-57.0,25.0,9.0
-61.0,25.0,10.0
-57.0,27.0,11.0
-58.0,25.0,8.0
-54.0,31.0,12.0
-55.0,32.0,13.0
-63.0,27.0,6.0
-53.0,26.0,12.0
-59.0,21.0,11.0
-61.0,25.0,8.0
-58.0,30.0,11.0
-57.0,28.0,8.0
-61.0,29.0,4.0
-52.0,29.0,14.0
-60.0,25.0,5.0
-64.0,26.0,4.0
-58.0,26.0,13.0
-58.0,26.0,12.0
-54.0,29.0,13.0
-58.0,30.0,8.0
-61.0,30.0,8.0
-53.0,29.0,11.0
-54.0,28.0,13.0
-56.0,29.0,11.0
-61.0,28.0,7.0
-59.0,26.0,11.0
-53.0,28.0,17.0
-55.0,25.0,12.0
-54.0,27.0,12.0
-53.0,26.0,13.0
-59.0,28.0,11.0
-58.0,26.0,14.0
-61.0,25.0,7.0
-58.0,27.0,9.0
-56.0,26.0,12.0
-57.0,28.0,8.0
-64.0,27.0,5.0
-56.0,26.0,19.0
-57.0,25.0,16.0
-56.0,30.0,12.0
-53.0,30.0,16.0
-57.0,26.0,15.0
-57.0,30.0,13.0
-52.0,28.0,15.0
-61.0,29.0,6.0
-56.0,28.0,12.0
-57.0,32.0,12.0
-55.0,26.0,18.0
-47.0,29.0,28.0
-60.0,28.0,10.0
-58.0,24.0,10.0
-58.0,29.0,11.0
-51.0,28.0,16.0
-65.0,25.0,9.0
-64.0,24.0,7.0
-57.0,22.0,11.0
-63.0,25.0,8.0
-58.0,28.0,13.0
-59.0,28.0,11.0
-56.0,28.0,15.0
-57.0,26.0,12.0
-59.0,28.0,12.0
-58.0,28.0,13.0
-56.0,28.0,12.0
-54.0,24.0,15.0
-54.0,28.0,18.0
-54.0,25.0,16.0
-61.0,28.0,10.0
-59.0,29.0,8.0
-52.0,20.0,15.0
-59.0,22.0,14.0
-57.0,26.0,14.0
-51.0,27.0,16.0
-63.0,28.0,7.0
-55.0,25.0,13.0
-55.0,29.0,13.0
-56.0,22.0,14.0
-63.0,25.0,11.0
-60.0,27.0,11.0
-58.0,25.0,11.0
-54.0,25.0,14.0
-57.0,27.0,13.0
-56.0,29.0,11.0
-59.0,30.0,8.0
-55.0,27.0,12.0
-55.0,28.0,15.0
-58.0,28.0,12.0
-59.0,26.0,12.0
-58.0,24.0,17.0
-56.0,27.0,11.0
-60.0,22.0,12.0
-61.0,24.0,10.0
-54.0,25.0,15.0
-61.0,23.0,12.0
-55.0,22.0,13.0
-60.0,27.0,10.0
-62.0,29.0,5.0
-56.0,26.0,18.0
-53.0,25.0,18.0
-56.0,30.0,9.0
-57.0,29.0,12.0
-60.0,30.0,9.0
-55.0,30.0,11.0
-58.0,27.0,8.0
-61.0,25.0,7.0
-55.0,32.0,16.0
-55.0,30.0,14.0
-57.0,28.0,13.0
-56.0,29.0,14.0
-62.0,22.0,5.0
-59.0,22.0,13.0
-59.0,23.0,11.0
-59.0,24.0,8.0
-57.0,28.0,12.0
-56.0,25.0,12.0
-60.0,26.0,6.0
-59.0,25.0,10.0
-57.0,27.0,13.0
-56.0,27.0,13.0
-59.0,30.0,9.0
-55.0,30.0,12.0
-56.0,30.0,11.0
-58.0,27.0,10.0
-54.0,27.0,14.0
-57.0,28.0,10.0
-55.0,25.0,16.0
-54.0,28.0,14.0
-61.0,26.0,7.0
-57.0,25.0,18.0
-58.0,26.0,13.0
-60.0,26.0,9.0
-56.0,26.0,13.0
-59.0,24.0,10.0
-56.0,25.0,14.0
-55.0,23.0,15.0
-58.0,24.0,14.0
-59.0,25.0,10.0
-61.0,21.0,14.0
-56.0,26.0,14.0
-57.0,27.0,12.0
-55.0,29.0,15.0
-54.0,28.0,15.0
-58.0,31.0,12.0
-54.0,30.0,15.0
-60.0,28.0,8.0
-56.0,28.0,13.0
-58.0,28.0,15.0
-56.0,27.0,15.0
-58.0,27.0,15.0
-55.0,25.0,10.0
-60.0,24.0,11.0
-59.0,27.0,13.0
-57.0,29.0,12.0
-57.0,22.0,15.0
-62.0,26.0,9.0
-61.0,24.0,8.0
-58.0,25.0,12.0
-60.0,30.0,9.0
-51.0,27.0,20.0
-59.0,28.0,12.0
-54.0,30.0,14.0
-58.0,33.0,11.0
-58.0,31.0,5.0
-51.0,33.0,13.0
-59.0,29.0,8.0
-57.0,28.0,14.0
-58.0,27.0,17.0
-55.0,28.0,18.0
-55.0,29.0,18.0
-57.0,25.0,9.0
-54.0,26.0,15.0
-52.0,34.0,14.0
-58.0,27.0,9.0
-59.0,31.0,9.0
-52.0,34.0,12.0
-55.0,27.0,13.0
-57.0,28.0,12.0
-60.0,27.0,11.0
-56.0,29.0,17.0
-54.0,32.0,15.0
-59.0,30.0,8.0
-55.0,30.0,13.0
-57.0,30.0,12.0
-55.0,30.0,12.0
-59.0,30.0,12.0
-57.0,30.0,10.0
-53.0,29.0,19.0
-54.0,30.0,16.0
-57.0,28.0,15.0
-56.0,31.0,19.0
-58.0,30.0,6.0
-58.0,27.0,9.0
-54.0,29.0,13.0
-57.0,29.0,12.0
-55.0,23.0,15.0
-60.0,28.0,11.0
-52.0,23.0,19.0
-51.0,24.0,18.0
-59.0,31.0,7.0
-54.0,31.0,16.0
-55.0,32.0,12.0
-62.0,30.0,7.0
-48.0,32.0,21.0
-53.0,32.0,15.0
-57.0,31.0,12.0
-48.0,31.0,15.0
-60.0,31.0,6.0
-55.0,30.0,13.0
-60.0,29.0,11.0
-60.0,24.0,15.0
-55.0,25.0,14.0
-55.0,24.0,11.0
-60.0,24.0,9.0
-58.0,31.0,13.0
-51.0,26.0,14.0
-61.0,29.0,6.0
-55.0,27.0,11.0
-58.0,28.0,7.0
-64.0,26.0,6.0
-55.0,30.0,16.0
-55.0,25.0,15.0
-61.0,30.0,6.0
-54.0,28.0,13.0
-60.0,29.0,11.0
-59.0,28.0,9.0
-56.0,27.0,13.0
-60.0,29.0,8.0
-57.0,29.0,13.0
-55.0,31.0,14.0
-61.0,25.0,11.0
-57.0,22.0,15.0
-60.0,24.0,11.0
-57.0,22.0,12.0
-60.0,27.0,11.0
-61.0,24.0,9.0
-55.0,26.0,12.0
-63.0,29.0,3.0
-55.0,24.0,11.0
-55.0,26.0,17.0
-59.0,26.0,7.0
-60.0,27.0,7.0
-58.0,28.0,7.0
-59.0,27.0,9.0
-57.0,28.0,12.0
-56.0,27.0,7.0
-59.0,28.0,5.0
-58.0,26.0,10.0
-55.0,31.0,11.0
-58.0,25.0,10.0
-62.0,25.0,9.0
-56.0,24.0,14.0
-56.0,26.0,13.0
-55.0,24.0,13.0
-61.0,26.0,8.0
-59.0,25.0,11.0
-54.0,25.0,13.0
-56.0,25.0,10.0
-64.0,25.0,5.0
-57.0,26.0,12.0
-57.0,24.0,11.0
-55.0,27.0,11.0
-59.0,29.0,10.0
-56.0,23.0,15.0
-57.0,28.0,14.0
-56.0,29.0,11.0
-58.0,26.0,11.0
-58.0,26.0,11.0
-57.0,26.0,11.0
-57.0,28.0,11.0
-55.0,27.0,13.0
-57.0,27.0,13.0
-54.0,25.0,15.0
-60.0,25.0,11.0
-51.0,23.0,18.0
-60.0,28.0,9.0
-60.0,27.0,10.0
-56.0,26.0,12.0
-60.0,27.0,7.0
-57.0,24.0,11.0
-59.0,26.0,11.0
-57.0,25.0,11.0
-55.0,27.0,13.0
-54.0,30.0,12.0
-54.0,24.0,14.0
-59.0,29.0,11.0
-57.0,28.0,12.0
-57.0,32.0,12.0
-55.0,27.0,11.0
-60.0,27.0,8.0
-55.0,28.0,13.0
-59.0,28.0,10.0
-59.0,24.0,12.0
-58.0,28.0,12.0
-56.0,28.0,13.0
-50.0,26.0,20.0
-58.0,27.0,11.0
-60.0,25.0,10.0
-58.0,28.0,10.0
-59.0,25.0,11.0
-59.0,24.0,11.0
-60.0,27.0,10.0
-56.0,23.0,14.0
-53.0,23.0,18.0
-59.0,28.0,12.0
-65.0,26.0,9.0
-49.0,24.0,20.0
-56.0,31.0,12.0
-52.0,28.0,17.0
-59.0,32.0,11.0
-54.0,33.0,14.0
-56.0,31.0,14.0
-58.0,31.0,11.0
-53.0,26.0,14.0
-57.0,29.0,16.0
-58.0,28.0,15.0
-57.0,28.0,15.0
-63.0,28.0,11.0
-58.0,29.0,12.0
-51.0,27.0,14.0
-55.0,26.0,14.0
-56.0,28.0,12.0
-58.0,26.0,12.0
-63.0,28.0,11.0
-55.0,25.0,16.0
-58.0,26.0,11.0
-65.0,27.0,6.0
-57.0,27.0,15.0
-55.0,26.0,16.0
-54.0,28.0,16.0
-57.0,29.0,13.0
-57.0,28.0,13.0
-55.0,31.0,14.0
-56.0,31.0,13.0
-54.0,29.0,13.0
-57.0,28.0,12.0
-61.0,29.0,12.0
-55.0,28.0,13.0
-58.0,28.0,16.0
-55.0,28.0,15.0
-59.0,24.0,14.0
-55.0,26.0,18.0
-59.0,29.0,9.0
-54.0,24.0,10.0
-56.0,27.0,15.0
-57.0,25.0,14.0
-61.0,27.0,12.0
-52.0,24.0,19.0
-58.0,27.0,11.0
-62.0,26.0,9.0
-57.0,29.0,13.0
-55.0,27.0,16.0
-51.0,26.0,25.0
-50.0,31.0,17.0
-49.0,28.0,19.0
-56.0,29.0,12.0
-60.0,34.0,3.0
-58.0,31.0,12.0
-55.0,31.0,13.0
-51.0,27.0,20.0
-54.0,27.0,17.0
-57.0,30.0,13.0
-54.0,30.0,17.0
-53.0,33.0,15.0
-54.0,32.0,13.0
-62.0,29.0,5.0
-55.0,32.0,8.0
-53.0,29.0,16.0
-60.0,28.0,10.0
-56.0,28.0,15.0
-55.0,26.0,20.0
-58.0,27.0,12.0
-58.0,28.0,12.0
-61.0,28.0,10.0
-55.0,34.0,13.0
-54.0,30.0,13.0
-57.0,30.0,11.0
-56.0,31.0,14.0
-52.0,27.0,18.0
-57.0,33.0,10.0
-56.0,29.0,14.0
-53.0,31.0,19.0
-56.0,31.0,15.0
-54.0,29.0,15.0
-50.0,31.0,20.0
-53.0,28.0,14.0
-56.0,28.0,15.0
-58.0,28.0,14.0
-58.0,29.0,13.0
-54.0,26.0,17.0
-58.0,26.0,14.0
-56.0,24.0,14.0
-57.0,27.0,17.0
-56.0,24.0,17.0
-57.0,31.0,15.0
-53.0,30.0,16.0
-57.0,33.0,12.0
-54.0,33.0,15.0
-51.0,30.0,17.0
-55.0,29.0,15.0
-51.0,31.0,17.0
-55.0,28.0,14.0
-54.0,32.0,16.0
-54.0,29.0,18.0
-56.0,29.0,15.0
-59.0,29.0,13.0
-52.0,29.0,18.0
-56.0,31.0,13.0
-58.0,30.0,13.0
-55.0,28.0,17.0
-55.0,28.0,14.0
-58.0,27.0,13.0
-55.0,25.0,19.0
-53.0,25.0,18.0
-60.0,24.0,13.0
-60.0,28.0,13.0
-55.0,29.0,17.0
-63.0,30.0,8.0
-56.0,31.0,12.0
-51.0,30.0,20.0
-53.0,32.0,16.0
-49.0,31.0,17.0
-55.0,30.0,16.0
-49.0,28.0,19.0
-57.0,28.0,17.0
-60.0,23.0,17.0
-58.0,27.0,16.0
-54.0,25.0,19.0
-53.0,25.0,15.0
-53.0,27.0,16.0
-59.0,28.0,12.0
-60.0,26.0,14.0
-61.0,25.0,12.0
-53.0,25.0,18.0
-53.0,26.0,19.0
-58.0,28.0,12.0
-55.0,27.0,16.0
-58.0,28.0,16.0
-55.0,27.0,15.0
-64.0,28.0,9.0
-59.0,29.0,12.0
-54.0,27.0,15.0
-56.0,30.0,14.0
-53.0,28.0,17.0
-56.0,30.0,15.0
-58.0,27.0,13.0
-59.0,27.0,14.0
-57.0,28.0,15.0
-54.0,28.0,16.0
-57.0,29.0,12.0
-55.0,26.0,16.0
-59.0,28.0,13.0
-60.0,26.0,13.0
-59.0,26.0,13.0
-59.0,25.0,12.0
-57.0,25.0,15.0
-53.0,27.0,18.0
-56.0,23.0,16.0
-57.0,26.0,14.0
-57.0,28.0,13.0
-61.0,30.0,9.0
-56.0,27.0,14.0
-54.0,30.0,14.0
-56.0,30.0,15.0
-58.0,31.0,11.0
-55.0,30.0,13.0
-59.0,28.0,12.0
-56.0,29.0,12.0
-55.0,27.0,18.0
-58.0,25.0,15.0
-50.0,26.0,19.0
-55.0,27.0,14.0
-59.0,25.0,10.0
-59.0,27.0,12.0
-58.0,29.0,12.0
-57.0,24.0,13.0
-58.0,28.0,13.0
-55.0,28.0,12.0
-57.0,26.0,10.0
-57.0,24.0,15.0
-57.0,28.0,14.0
-59.0,27.0,12.0
-58.0,26.0,12.0
-56.0,30.0,10.0
-55.0,28.0,15.0
-57.0,28.0,11.0
-55.0,26.0,16.0
-60.0,28.0,9.0
-59.0,25.0,10.0
-55.0,29.0,17.0
-56.0,29.0,17.0
-61.0,24.0,11.0
-59.0,25.0,14.0
-54.0,28.0,15.0
-56.0,27.0,10.0
-55.0,25.0,15.0
-58.0,27.0,12.0
-61.0,24.0,11.0
-61.0,26.0,9.0
-56.0,27.0,14.0
-54.0,27.0,15.0
-54.0,25.0,17.0
-58.0,26.0,13.0
-63.0,27.0,5.0
-60.0,26.0,9.0
-56.0,27.0,13.0
-57.0,27.0,12.0
-60.0,27.0,10.0
-56.0,28.0,12.0
-58.0,28.0,10.0
-57.0,29.0,13.0
-55.0,29.0,12.0
-56.0,26.0,13.0
-59.0,24.0,12.0
-56.0,24.0,18.0
-55.0,24.0,16.0
-62.0,26.0,6.0
-59.0,25.0,8.0
-53.0,26.0,13.0
-58.0,28.0,12.0
-56.0,25.0,15.0
-57.0,26.0,13.0
-63.0,28.0,4.0
-57.0,24.0,10.0
-59.0,24.0,13.0
-57.0,27.0,12.0
-52.0,28.0,16.0
-59.0,33.0,10.0
-53.0,27.0,10.0
-58.0,29.0,12.0
-56.0,27.0,12.0
-61.0,26.0,8.0
-55.0,29.0,15.0
-55.0,30.0,16.0
-61.0,29.0,10.0
-53.0,30.0,16.0
-55.0,25.0,14.0
-58.0,28.0,11.0
-60.0,26.0,9.0
-60.0,26.0,14.0
-57.0,25.0,14.0
-57.0,24.0,14.0
-56.0,16.0,21.0
-58.0,40.0,4.0
-55.0,36.0,6.0
-53.0,28.0,20.0
-58.0,31.0,14.0
-56.0,24.0,15.0
-59.0,29.0,16.0
-57.0,26.0,15.0
-56.0,26.0,17.0
-52.0,27.0,17.0
-56.0,27.0,16.0
-58.0,27.0,13.0
-52.0,25.0,18.0
-55.0,24.0,20.0
-59.0,26.0,17.0
-61.0,27.0,16.0
-52.0,25.0,18.0
-55.0,26.0,15.0
-56.0,30.0,14.0
-61.0,31.0,10.0
-54.0,25.0,14.0
-59.0,29.0,11.0
-59.0,28.0,16.0
-53.0,23.0,19.0
-59.0,21.0,13.0
-59.0,25.0,13.0
-56.0,26.0,17.0
-59.0,27.0,12.0
-51.0,28.0,18.0
-58.0,29.0,13.0
-57.0,26.0,13.0
-54.0,27.0,18.0
-58.0,27.0,14.0
-57.0,26.0,11.0
-54.0,25.0,15.0
-55.0,27.0,16.0
-55.0,24.0,17.0
-60.0,27.0,13.0
-57.0,27.0,16.0
-56.0,29.0,13.0
-56.0,28.0,10.0
-54.0,27.0,16.0
-61.0,26.0,11.0
-59.0,25.0,10.0
-60.0,26.0,12.0
-56.0,22.0,19.0
-58.0,28.0,11.0
-57.0,25.0,11.0
-58.0,29.0,13.0
-54.0,28.0,17.0
-56.0,28.0,12.0
-59.0,29.0,10.0
-57.0,29.0,14.0
-55.0,29.0,14.0
-57.0,30.0,12.0
-53.0,30.0,15.0
-59.0,28.0,11.0
-52.0,29.0,17.0
-52.0,30.0,22.0
-59.0,28.0,11.0
-56.0,27.0,14.0
-57.0,28.0,16.0
-59.0,29.0,8.0
-52.0,25.0,16.0
-59.0,27.0,14.0
-60.0,25.0,13.0
-56.0,23.0,17.0
-56.0,29.0,15.0
-56.0,25.0,14.0
-55.0,29.0,12.0
-55.0,30.0,14.0
-57.0,29.0,16.0
-59.0,28.0,17.0
-58.0,28.0,12.0
-56.0,30.0,14.0
-53.0,28.0,15.0
-52.0,30.0,17.0
-56.0,29.0,13.0
-58.0,30.0,11.0
-58.0,29.0,14.0
-57.0,30.0,16.0
-56.0,26.0,15.0
-58.0,27.0,14.0
-56.0,27.0,18.0
-57.0,26.0,11.0
-57.0,27.0,13.0
-57.0,28.0,12.0
-58.0,26.0,12.0
-58.0,26.0,12.0
-58.0,25.0,16.0
-56.0,25.0,14.0
-60.0,26.0,11.0
-57.0,26.0,15.0
-56.0,26.0,16.0
-55.0,30.0,13.0
-57.0,29.0,12.0
-55.0,31.0,14.0
-54.0,32.0,14.0
-56.0,31.0,12.0
-57.0,30.0,12.0
-55.0,27.0,13.0
-57.0,30.0,16.0
-55.0,30.0,17.0
-52.0,26.0,18.0
-57.0,25.0,16.0
-53.0,26.0,17.0
-56.0,26.0,15.0
-61.0,25.0,12.0
-58.0,28.0,12.0
-55.0,26.0,13.0
-58.0,25.0,13.0
-56.0,24.0,14.0
-59.0,27.0,13.0
-58.0,24.0,15.0
-56.0,26.0,17.0
-54.0,27.0,14.0
-59.0,27.0,13.0
-58.0,30.0,13.0
-52.0,28.0,16.0
-54.0,29.0,15.0
-57.0,31.0,13.0
-57.0,28.0,12.0
-58.0,28.0,10.0
-54.0,28.0,18.0
-55.0,29.0,17.0
-55.0,26.0,16.0
-58.0,29.0,14.0
-55.0,28.0,14.0
-58.0,29.0,12.0
-58.0,27.0,12.0
-58.0,27.0,11.0
-56.0,26.0,16.0
-57.0,26.0,15.0
-62.0,26.0,10.0
-54.0,22.0,20.0
-61.0,26.0,11.0
-60.0,25.0,9.0
-56.0,26.0,17.0
-56.0,29.0,14.0
-59.0,29.0,12.0
-54.0,29.0,15.0
-55.0,29.0,14.0
-53.0,30.0,16.0
-56.0,29.0,13.0
-55.0,30.0,13.0
-57.0,28.0,15.0
-55.0,29.0,18.0
-54.0,29.0,16.0
-57.0,27.0,12.0
-55.0,29.0,16.0
-55.0,26.0,16.0
-60.0,28.0,11.0
-55.0,26.0,14.0
-56.0,27.0,15.0
-59.0,27.0,13.0
-61.0,26.0,11.0
-56.0,25.0,20.0
-52.0,25.0,19.0
-59.0,22.0,13.0
-58.0,25.0,18.0
-59.0,28.0,15.0
-57.0,28.0,13.0
-59.0,30.0,12.0
-49.0,31.0,21.0
-52.0,29.0,16.0
-56.0,29.0,14.0
-50.0,30.0,18.0
-56.0,29.0,15.0
-56.0,30.0,17.0
-51.0,28.0,22.0
-56.0,28.0,16.0
-55.0,28.0,22.0
-48.0,27.0,28.0
-59.0,29.0,9.0
-57.0,28.0,8.0
-51.0,30.0,18.0
-58.0,30.0,14.0
-55.0,25.0,16.0
-60.0,25.0,15.0
-59.0,25.0,16.0
-54.0,23.0,21.0
-55.0,26.0,18.0
-58.0,27.0,10.0
-57.0,27.0,18.0
-56.0,28.0,17.0
-56.0,32.0,12.0
-55.0,35.0,14.0
-50.0,29.0,17.0
-55.0,30.0,16.0
-54.0,31.0,15.0
-55.0,28.0,14.0
-53.0,31.0,17.0
-54.0,29.0,18.0
-56.0,32.0,16.0
-56.0,30.0,14.0
-50.0,29.0,21.0
-53.0,31.0,17.0
-58.0,29.0,13.0
-56.0,28.0,15.0
-56.0,29.0,14.0
-57.0,28.0,14.0
-61.0,27.0,15.0
-56.0,24.0,18.0
-54.0,23.0,22.0
-60.0,28.0,15.0
-58.0,25.0,15.0
-61.0,27.0,17.0
-57.0,31.0,16.0
-56.0,30.0,16.0
-55.0,33.0,14.0
-51.0,32.0,17.0
-50.0,31.0,18.0
-56.0,31.0,13.0
-55.0,30.0,13.0
-55.0,30.0,15.0
-56.0,27.0,19.0
-54.0,28.0,20.0
-56.0,28.0,16.0
-49.0,26.0,22.0
-57.0,31.0,14.0
-57.0,28.0,14.0
-57.0,27.0,14.0
-57.0,25.0,16.0
-55.0,29.0,16.0
-57.0,27.0,15.0
-56.0,26.0,11.0
-60.0,26.0,12.0
-57.0,23.0,15.0
-58.0,22.0,16.0
-60.0,25.0,16.0
-58.0,26.0,16.0
-61.0,26.0,8.0
-59.0,28.0,11.0
-51.0,31.0,16.0
-56.0,30.0,12.0
-53.0,29.0,17.0
-56.0,31.0,13.0
-57.0,27.0,14.0
-55.0,30.0,17.0
-56.0,27.0,15.0
-59.0,25.0,12.0
-53.0,29.0,21.0
-57.0,29.0,13.0
-57.0,28.0,10.0
-56.0,27.0,13.0
-59.0,25.0,13.0
-56.0,25.0,16.0
-59.0,28.0,13.0
-57.0,24.0,14.0
-55.0,25.0,16.0
-61.0,26.0,8.0
-52.0,23.0,21.0
-59.0,26.0,20.0
-60.0,29.0,11.0
-54.0,27.0,17.0
-54.0,30.0,16.0
-52.0,32.0,13.0
-55.0,30.0,18.0
-55.0,30.0,14.0
-53.0,28.0,17.0
-56.0,30.0,15.0
-54.0,29.0,16.0
-53.0,28.0,17.0
-55.0,28.0,20.0
-61.0,27.0,10.0
-59.0,27.0,11.0
-52.0,25.0,18.0
-57.0,26.0,16.0
-58.0,28.0,11.0
-58.0,23.0,15.0
-56.0,25.0,16.0
-60.0,29.0,9.0
-60.0,23.0,15.0
-58.0,29.0,14.0
-53.0,29.0,15.0
-56.0,29.0,12.0
-56.0,32.0,13.0
-55.0,30.0,14.0
-52.0,30.0,18.0
-53.0,30.0,17.0
-56.0,28.0,12.0
-51.0,26.0,22.0
-63.0,33.0,10.0
-58.0,32.0,11.0
-53.0,28.0,19.0
-54.0,26.0,19.0
-58.0,28.0,13.0
-57.0,25.0,13.0
-58.0,25.0,14.0
-58.0,26.0,13.0
-52.0,27.0,18.0
-52.0,22.0,20.0
-55.0,26.0,19.0
-60.0,27.0,11.0
-61.0,25.0,14.0
-60.0,31.0,12.0
-58.0,31.0,11.0
-50.0,32.0,19.0
-56.0,31.0,16.0
-52.0,31.0,16.0
-53.0,31.0,18.0
-59.0,29.0,15.0
-58.0,29.0,12.0
-54.0,31.0,20.0
-51.0,31.0,20.0
-55.0,29.0,17.0
-53.0,30.0,17.0
-52.0,26.0,19.0
-59.0,29.0,15.0
-56.0,29.0,13.0
-56.0,25.0,17.0
-50.0,27.0,19.0
-59.0,29.0,18.0
-53.0,20.0,24.0
-58.0,27.0,17.0
-58.0,27.0,13.0
-54.0,27.0,15.0
-54.0,31.0,19.0
-58.0,30.0,14.0
-55.0,33.0,14.0
-56.0,30.0,16.0
-55.0,30.0,14.0
-50.0,29.0,19.0
-54.0,31.0,14.0
-54.0,29.0,15.0
-61.0,30.0,16.0
-56.0,32.0,16.0
-51.0,31.0,20.0
-47.0,28.0,24.0
-54.0,30.0,15.0
-57.0,26.0,15.0
-56.0,27.0,18.0
-59.0,28.0,14.0
-59.0,26.0,14.0
-55.0,25.0,18.0
-56.0,25.0,15.0
-57.0,23.0,14.0
-61.0,27.0,13.0
-57.0,29.0,17.0
-56.0,33.0,13.0
-52.0,33.0,15.0
-55.0,33.0,16.0
-56.0,32.0,12.0
-57.0,31.0,13.0
-54.0,31.0,15.0
-60.0,29.0,12.0
-51.0,28.0,21.0
-53.0,29.0,21.0
-57.0,26.0,15.0
-53.0,28.0,19.0
-54.0,27.0,18.0
-57.0,27.0,10.0
-55.0,28.0,14.0
-57.0,27.0,13.0
-60.0,26.0,12.0
-56.0,28.0,15.0
-55.0,26.0,15.0
-58.0,26.0,16.0
-58.0,27.0,15.0
-57.0,26.0,15.0
-57.0,28.0,15.0
-56.0,31.0,15.0
-52.0,29.0,16.0
-57.0,32.0,11.0
-54.0,30.0,14.0
-53.0,27.0,19.0
-53.0,28.0,17.0
-57.0,26.0,14.0
-58.0,25.0,15.0
-57.0,25.0,17.0
-60.0,25.0,15.0
-55.0,26.0,19.0
-53.0,29.0,15.0
-59.0,30.0,10.0
-55.0,30.0,12.0
-54.0,28.0,13.0
-61.0,26.0,10.0
-62.0,22.0,10.0
-56.0,24.0,20.0
-54.0,21.0,20.0
-59.0,30.0,12.0
-55.0,22.0,16.0
-54.0,32.0,14.0
-57.0,32.0,12.0
-57.0,28.0,15.0
-56.0,29.0,15.0
-53.0,25.0,18.0
-56.0,28.0,16.0
-57.0,26.0,12.0
-54.0,27.0,19.0
-56.0,27.0,14.0
-59.0,24.0,12.0
-58.0,24.0,18.0
-57.0,25.0,17.0
-54.0,27.0,13.0
-57.0,26.0,13.0
-58.0,24.0,9.0
-61.0,27.0,11.0
-57.0,25.0,13.0
-60.0,27.0,15.0
-58.0,28.0,11.0
-60.0,25.0,8.0
-55.0,27.0,16.0
-55.0,28.0,14.0
-58.0,25.0,14.0
-62.0,27.0,12.0
-53.0,27.0,20.0
-54.0,26.0,18.0
-55.0,28.0,13.0
-56.0,27.0,15.0
-57.0,28.0,11.0
-61.0,25.0,13.0
-58.0,28.0,15.0
-56.0,24.0,17.0
-61.0,22.0,14.0
-55.0,23.0,16.0
-52.0,25.0,15.0
-57.0,30.0,14.0
-53.0,28.0,17.0
-61.0,28.0,12.0
-55.0,27.0,15.0
-56.0,22.0,17.0
-64.0,28.0,10.0
-53.0,25.0,16.0
-56.0,20.0,20.0
-57.0,27.0,15.0
-55.0,24.0,19.0
-59.0,31.0,13.0
-60.0,30.0,13.0
-54.0,31.0,14.0
-53.0,30.0,14.0
-55.0,30.0,15.0
-53.0,27.0,21.0
-61.0,31.0,8.0
-60.0,24.0,11.0
-61.0,32.0,12.0
-53.0,34.0,16.0
-52.0,27.0,21.0
-55.0,30.0,9.0
-53.0,27.0,10.0
-57.0,31.0,12.0
-53.0,31.0,16.0
-57.0,26.0,13.0
-64.0,30.0,9.0
-59.0,28.0,13.0
-55.0,27.0,17.0
-57.0,24.0,15.0
-59.0,28.0,14.0
-53.0,26.0,17.0
-59.0,27.0,12.0
-51.0,28.0,18.0
-59.0,32.0,12.0
-54.0,31.0,17.0
-51.0,33.0,18.0
-59.0,29.0,10.0
-57.0,25.0,13.0
-57.0,32.0,15.0
-55.0,27.0,19.0
-52.0,31.0,18.0
-54.0,29.0,17.0
-56.0,28.0,16.0
-55.0,29.0,20.0
-58.0,27.0,13.0
-58.0,28.0,13.0
-54.0,27.0,13.0
-61.0,28.0,12.0
-57.0,29.0,16.0
-55.0,25.0,13.0
-60.0,28.0,10.0
-55.0,27.0,17.0
-57.0,30.0,13.0
-55.0,28.0,16.0
-54.0,34.0,14.0
-60.0,29.0,13.0
-54.0,28.0,15.0
-54.0,29.0,16.0
-58.0,29.0,14.0
-54.0,27.0,14.0
-58.0,28.0,10.0
-53.0,28.0,17.0
-54.0,26.0,17.0
-56.0,30.0,16.0
-56.0,26.0,15.0
-55.0,29.0,12.0
-56.0,27.0,13.0
-60.0,29.0,10.0
-57.0,27.0,14.0
-54.0,24.0,16.0
-60.0,28.0,12.0
-57.0,27.0,11.0
-62.0,32.0,5.0
-56.0,29.0,14.0
-51.0,26.0,20.0
-53.0,29.0,16.0
-61.0,30.0,10.0
-55.0,31.0,12.0
-57.0,33.0,8.0
-54.0,31.0,15.0
-56.0,34.0,11.0
-57.0,29.0,12.0
-54.0,30.0,15.0
-54.0,28.0,16.0
-53.0,23.0,15.0
-61.0,25.0,15.0
-57.0,28.0,14.0
-55.0,24.0,16.0
-66.0,29.0,9.0
-56.0,28.0,11.0
-54.0,26.0,13.0
-61.0,25.0,10.0
-58.0,24.0,11.0
-60.0,25.0,14.0
-58.0,25.0,14.0
-58.0,25.0,15.0
-57.0,30.0,10.0
-59.0,32.0,8.0
-55.0,27.0,17.0
-55.0,29.0,18.0
-55.0,27.0,14.0
-55.0,28.0,14.0
-60.0,27.0,9.0
-55.0,26.0,17.0
-55.0,28.0,16.0
-58.0,25.0,15.0
-62.0,25.0,14.0
-51.0,21.0,20.0
-56.0,26.0,13.0
-57.0,25.0,12.0
-62.0,26.0,12.0
-55.0,24.0,15.0
-58.0,28.0,12.0
-56.0,25.0,16.0
-56.0,25.0,14.0
-57.0,24.0,13.0
-58.0,22.0,15.0
-58.0,30.0,13.0
-56.0,29.0,12.0
-56.0,27.0,16.0
-55.0,28.0,15.0
-53.0,28.0,14.0
-58.0,28.0,14.0
-55.0,29.0,13.0
-57.0,28.0,13.0
-56.0,29.0,16.0
-54.0,26.0,17.0
-60.0,26.0,12.0
-56.0,24.0,17.0
-59.0,27.0,13.0
-61.0,27.0,10.0
-57.0,27.0,12.0
-59.0,24.0,10.0
-55.0,24.0,15.0
-62.0,27.0,11.0
-56.0,23.0,18.0
-56.0,25.0,15.0
-59.0,25.0,12.0
-57.0,26.0,16.0
-60.0,27.0,11.0
-53.0,26.0,16.0
-56.0,29.0,14.0
-58.0,26.0,11.0
-55.0,26.0,15.0
-58.0,28.0,11.0
-59.0,26.0,12.0
-53.0,30.0,18.0
-55.0,29.0,16.0
-60.0,23.0,14.0
-59.0,27.0,13.0
-59.0,26.0,14.0
-55.0,23.0,13.0
-58.0,26.0,12.0
-60.0,26.0,10.0
-60.0,25.0,15.0
-55.0,25.0,16.0
-60.0,22.0,13.0
-53.0,26.0,15.0
-56.0,27.0,13.0
-57.0,25.0,14.0
-55.0,26.0,16.0
-58.0,30.0,10.0
-56.0,28.0,15.0
-56.0,28.0,12.0
-55.0,28.0,16.0
-54.0,28.0,16.0
-60.0,27.0,11.0
-53.0,28.0,17.0
-55.0,28.0,17.0
-58.0,23.0,14.0
-61.0,27.0,16.0
-56.0,28.0,12.0
-55.0,24.0,15.0
-58.0,27.0,11.0
-62.0,27.0,10.0
-57.0,24.0,16.0
-59.0,25.0,13.0
-56.0,23.0,19.0
-56.0,27.0,14.0
-60.0,26.0,10.0
-53.0,26.0,21.0
-61.0,30.0,10.0
-60.0,26.0,9.0
-51.0,27.0,19.0
-57.0,28.0,14.0
-55.0,27.0,16.0
-55.0,27.0,16.0
-57.0,28.0,12.0
-54.0,27.0,18.0
-55.0,30.0,16.0
-55.0,27.0,15.0
-62.0,28.0,14.0
-53.0,26.0,17.0
-58.0,24.0,12.0
-61.0,26.0,11.0
-59.0,25.0,15.0
-59.0,25.0,14.0
-57.0,23.0,14.0
-60.0,24.0,16.0
-60.0,26.0,10.0
-55.0,24.0,20.0
-59.0,26.0,14.0
-57.0,30.0,12.0
-58.0,27.0,12.0
-51.0,30.0,17.0
-53.0,31.0,16.0
-54.0,27.0,15.0
-56.0,29.0,15.0
-58.0,28.0,11.0
-55.0,27.0,17.0
-52.0,26.0,21.0
-58.0,25.0,14.0
-55.0,25.0,18.0
-57.0,23.0,18.0
-58.0,26.0,11.0
-58.0,28.0,12.0
-58.0,25.0,13.0
-60.0,26.0,10.0
-57.0,22.0,15.0
-57.0,23.0,17.0
-60.0,22.0,10.0
-61.0,23.0,13.0
-53.0,25.0,17.0
-60.0,26.0,11.0
-59.0,29.0,13.0
-56.0,28.0,14.0
-54.0,28.0,16.0
-56.0,28.0,15.0
-59.0,29.0,11.0
-56.0,26.0,16.0
-54.0,26.0,20.0
-57.0,26.0,17.0
-59.0,26.0,15.0
-59.0,27.0,17.0
-50.0,24.0,21.0
-61.0,27.0,11.0
-52.0,23.0,16.0
-49.0,25.0,20.0
-67.0,28.0,11.0
-64.0,25.0,11.0
-51.0,24.0,19.0
-61.0,23.0,12.0
-58.0,27.0,13.0
-53.0,27.0,21.0
-53.0,25.0,22.0
-60.0,31.0,8.0
-55.0,30.0,17.0
-55.0,30.0,17.0
-54.0,28.0,16.0
-53.0,30.0,16.0
-61.0,29.0,11.0
-55.0,30.0,16.0
-49.0,29.0,24.0
-56.0,28.0,16.0
-53.0,23.0,18.0
-52.0,26.0,22.0
-62.0,31.0,14.0
-60.0,27.0,14.0
-55.0,26.0,13.0
-56.0,28.0,17.0
-57.0,26.0,13.0
-54.0,23.0,19.0
-62.0,26.0,11.0
-55.0,26.0,16.0
-56.0,27.0,20.0
-55.0,25.0,20.0
-58.0,28.0,15.0
-59.0,30.0,13.0
-54.0,29.0,17.0
-54.0,30.0,16.0
-55.0,31.0,14.0
-53.0,30.0,14.0
-56.0,30.0,14.0
-54.0,29.0,18.0
-58.0,29.0,15.0
-59.0,27.0,12.0
-56.0,26.0,18.0
-57.0,28.0,16.0
-60.0,23.0,11.0
-60.0,25.0,15.0
-56.0,26.0,16.0
-60.0,26.0,12.0
-60.0,25.0,12.0
-55.0,22.0,17.0
-60.0,25.0,11.0
-58.0,25.0,13.0
-60.0,27.0,14.0
-60.0,27.0,11.0
-55.0,26.0,14.0
-57.0,30.0,13.0
-53.0,27.0,17.0
-58.0,30.0,13.0
-57.0,27.0,12.0
-56.0,28.0,16.0
-56.0,29.0,15.0
-57.0,26.0,14.0
-58.0,27.0,13.0
-57.0,24.0,17.0
-55.0,24.0,18.0
-59.0,26.0,12.0
-58.0,24.0,11.0
-59.0,26.0,12.0
-57.0,23.0,14.0
-56.0,24.0,15.0
-58.0,24.0,16.0
-59.0,25.0,11.0
-62.0,26.0,7.0
-56.0,26.0,19.0
-53.0,27.0,19.0
-62.0,27.0,7.0
-58.0,28.0,14.0
-56.0,27.0,16.0
-58.0,27.0,14.0
-55.0,27.0,13.0
-62.0,27.0,9.0
-56.0,29.0,14.0
-53.0,27.0,19.0
-56.0,27.0,14.0
-57.0,25.0,15.0
-55.0,26.0,17.0
-59.0,26.0,11.0
-58.0,24.0,12.0
-62.0,28.0,11.0
-57.0,25.0,12.0
-53.0,23.0,18.0
-61.0,24.0,14.0
-58.0,22.0,15.0
-59.0,22.0,15.0
-56.0,23.0,16.0
-58.0,24.0,16.0
-60.0,30.0,10.0
-58.0,29.0,12.0
-52.0,27.0,15.0
-56.0,28.0,17.0
-53.0,31.0,14.0
-57.0,30.0,7.0
-56.0,30.0,15.0
-53.0,32.0,19.0
-58.0,27.0,10.0
-62.0,25.0,12.0
-55.0,22.0,19.0
-56.0,22.0,16.0
-58.0,23.0,16.0
-55.0,24.0,15.0
-57.0,25.0,13.0
-59.0,24.0,14.0
-59.0,26.0,13.0
-58.0,23.0,14.0
-63.0,25.0,9.0
-55.0,26.0,19.0
-51.0,26.0,22.0
-61.0,27.0,9.0
-57.0,25.0,18.0
-58.0,27.0,11.0
-58.0,26.0,14.0
-53.0,28.0,15.0
-60.0,22.0,10.0
-55.0,31.0,18.0
-53.0,31.0,19.0
-57.0,26.0,14.0
-56.0,27.0,16.0
-57.0,28.0,15.0
-59.0,27.0,13.0
-59.0,23.0,12.0
-58.0,24.0,15.0
-58.0,24.0,15.0
-60.0,23.0,12.0
-55.0,20.0,22.0
-54.0,20.0,19.0
-59.0,28.0,10.0
-52.0,23.0,18.0
-60.0,31.0,13.0
-57.0,29.0,11.0
-59.0,28.0,16.0
-51.0,30.0,18.0
-58.0,24.0,14.0
-57.0,27.0,16.0
-56.0,26.0,15.0
-57.0,26.0,16.0
-52.0,27.0,20.0
-56.0,27.0,17.0
-54.0,25.0,15.0
-60.0,24.0,18.0
-58.0,25.0,16.0
-56.0,24.0,11.0
-57.0,25.0,15.0
-58.0,27.0,13.0
-57.0,22.0,13.0
-54.0,24.0,19.0
-55.0,25.0,17.0
-59.0,26.0,13.0
-55.0,25.0,18.0
-58.0,24.0,14.0
-60.0,28.0,10.0
-56.0,29.0,15.0
-55.0,27.0,15.0
-60.0,26.0,13.0
-53.0,29.0,19.0
-62.0,27.0,8.0
-61.0,27.0,9.0
-53.0,28.0,18.0
-51.0,28.0,20.0
-64.0,23.0,10.0
-61.0,21.0,16.0
-58.0,22.0,14.0
-56.0,27.0,14.0
-56.0,25.0,13.0
-59.0,28.0,11.0
-58.0,29.0,12.0
-56.0,23.0,17.0
-56.0,24.0,20.0
-62.0,23.0,10.0
-58.0,19.0,14.0
-54.0,26.0,20.0
-60.0,25.0,12.0
-56.0,29.0,13.0
-56.0,28.0,16.0
-57.0,26.0,13.0
-54.0,26.0,18.0
-58.0,29.0,11.0
-59.0,27.0,11.0
-55.0,27.0,18.0
-53.0,28.0,18.0
-59.0,22.0,12.0
-61.0,23.0,17.0
-56.0,26.0,12.0
-57.0,24.0,11.0
-61.0,24.0,12.0
-60.0,26.0,11.0
-53.0,25.0,16.0
-59.0,25.0,14.0
-56.0,24.0,15.0
-57.0,24.0,15.0
-60.0,23.0,13.0
-52.0,21.0,21.0
-62.0,27.0,9.0
-55.0,25.0,14.0
-57.0,29.0,16.0
-56.0,28.0,12.0
-54.0,27.0,16.0
-59.0,24.0,10.0
-62.0,24.0,9.0
-53.0,29.0,19.0
-57.0,28.0,17.0
-59.0,23.0,11.0
-58.0,23.0,17.0
-57.0,26.0,14.0
-58.0,24.0,13.0
-58.0,24.0,13.0
-62.0,26.0,12.0
-59.0,23.0,13.0
-58.0,25.0,14.0
-59.0,23.0,14.0
-56.0,22.0,16.0
-64.0,26.0,8.0
-55.0,25.0,17.0
-56.0,27.0,14.0
-60.0,27.0,9.0
-58.0,26.0,15.0
-57.0,24.0,16.0
-55.0,25.0,16.0
-60.0,27.0,13.0
-59.0,25.0,14.0
-56.0,24.0,15.0
-55.0,33.0,16.0
-57.0,30.0,12.0
-61.0,19.0,16.0
-54.0,25.0,17.0
-59.0,27.0,10.0
-58.0,21.0,15.0
-58.0,23.0,15.0
-59.0,26.0,11.0
-59.0,25.0,15.0
-53.0,27.0,19.0
-55.0,28.0,12.0
-58.0,23.0,18.0
-54.0,21.0,23.0
-56.0,27.0,16.0
-61.0,28.0,13.0
-56.0,28.0,16.0
-54.0,27.0,18.0
-56.0,27.0,14.0
-54.0,28.0,18.0
-57.0,28.0,12.0
-57.0,28.0,12.0
-56.0,29.0,18.0
-58.0,25.0,13.0
-52.0,20.0,25.0
-58.0,23.0,18.0
-56.0,24.0,15.0
-58.0,24.0,14.0
-59.0,26.0,14.0
-57.0,22.0,14.0
-56.0,26.0,18.0
-52.0,23.0,21.0
-63.0,29.0,4.0
-51.0,24.0,20.0
-61.0,25.0,13.0
-54.0,25.0,17.0
-60.0,25.0,15.0
-56.0,26.0,15.0
-59.0,28.0,12.0
-56.0,26.0,14.0
-56.0,25.0,15.0
-63.0,29.0,6.0
-59.0,28.0,11.0
-56.0,28.0,17.0
-60.0,28.0,9.0
-50.0,22.0,27.0
-61.0,26.0,12.0
-59.0,21.0,14.0
-58.0,23.0,16.0
-49.0,29.0,18.0
-60.0,27.0,12.0
-60.0,24.0,9.0
-61.0,22.0,10.0
-56.0,25.0,18.0
-55.0,21.0,21.0
-58.0,27.0,15.0
-59.0,24.0,12.0
-52.0,28.0,16.0
-58.0,25.0,13.0
-56.0,29.0,15.0
-55.0,26.0,17.0
-58.0,26.0,13.0
-58.0,24.0,15.0
-55.0,22.0,17.0
-59.0,29.0,14.0
-59.0,23.0,15.0
-57.0,29.0,20.0
-52.0,28.0,16.0
-58.0,25.0,11.0
-57.0,27.0,13.0
-60.0,22.0,12.0
-60.0,25.0,16.0
-61.0,26.0,13.0
-59.0,25.0,13.0
-54.0,26.0,18.0
-59.0,23.0,13.0
-55.0,24.0,20.0
-56.0,24.0,19.0
-57.0,27.0,14.0
-58.0,25.0,15.0
-58.0,30.0,14.0
-55.0,31.0,14.0
-53.0,27.0,18.0
-55.0,29.0,17.0
-55.0,26.0,18.0
-54.0,29.0,21.0
-58.0,23.0,16.0
-56.0,24.0,16.0
-52.0,28.0,21.0
-55.0,25.0,18.0
-58.0,26.0,15.0
-59.0,29.0,13.0
-62.0,22.0,13.0
-55.0,26.0,16.0
-54.0,26.0,18.0
-53.0,24.0,20.0
-58.0,26.0,13.0
-57.0,27.0,16.0
-55.0,28.0,19.0
-58.0,24.0,14.0
-59.0,30.0,11.0
-53.0,26.0,19.0
-62.0,27.0,12.0
-51.0,27.0,21.0
-53.0,28.0,18.0
-57.0,26.0,13.0
-55.0,28.0,18.0
-55.0,27.0,18.0
-56.0,25.0,14.0
-53.0,26.0,21.0
-54.0,25.0,18.0
-60.0,22.0,13.0
-58.0,24.0,13.0
-56.0,26.0,16.0
-58.0,25.0,15.0
-54.0,25.0,13.0
-63.0,26.0,12.0
-62.0,27.0,12.0
-58.0,28.0,13.0
-55.0,24.0,20.0
-57.0,24.0,20.0
-56.0,29.0,13.0
-56.0,28.0,15.0
-60.0,29.0,9.0
-51.0,27.0,20.0
-56.0,29.0,16.0
-58.0,25.0,13.0
-56.0,28.0,19.0
-56.0,27.0,15.0
-60.0,25.0,13.0
-53.0,24.0,22.0
-57.0,28.0,14.0
-55.0,25.0,14.0
-55.0,26.0,16.0
-60.0,27.0,11.0
-59.0,25.0,10.0
-59.0,29.0,17.0
-48.0,27.0,18.0
-55.0,26.0,14.0
-55.0,26.0,17.0
-54.0,26.0,16.0
-57.0,23.0,14.0
-56.0,27.0,18.0
-55.0,27.0,18.0
-59.0,27.0,13.0
-56.0,28.0,17.0
-58.0,25.0,15.0
-55.0,29.0,11.0
-49.0,31.0,23.0
-66.0,26.0,5.0
-57.0,22.0,14.0
-57.0,26.0,22.0
-56.0,22.0,17.0
-60.0,22.0,15.0
-55.0,21.0,17.0
-54.0,27.0,16.0
-57.0,24.0,11.0
-53.0,22.0,22.0
-50.0,20.0,27.0
-65.0,30.0,7.0
-57.0,29.0,12.0
-61.0,23.0,13.0
-68.0,25.0,8.0
-54.0,29.0,21.0
-46.0,28.0,24.0
-59.0,26.0,12.0
-57.0,27.0,15.0
-58.0,28.0,13.0
-60.0,27.0,12.0
-54.0,25.0,24.0
-54.0,26.0,19.0
-55.0,25.0,17.0
-50.0,22.0,26.0
-59.0,24.0,12.0
-63.0,23.0,10.0
-58.0,28.0,14.0
-53.0,27.0,16.0
-55.0,26.0,17.0
-58.0,25.0,15.0
-54.0,24.0,16.0
-58.0,27.0,16.0
-56.0,27.0,15.0
-54.0,26.0,19.0
-59.0,30.0,13.0
-57.0,25.0,14.0
-57.0,26.0,15.0
-53.0,27.0,19.0
-53.0,27.0,18.0
-58.0,25.0,12.0
-53.0,22.0,23.0
-58.0,30.0,14.0
-67.0,31.0,3.0
-48.0,26.0,26.0
-52.0,28.0,19.0
-58.0,27.0,9.0
-53.0,23.0,19.0
-57.0,24.0,17.0
-63.0,22.0,14.0
-56.0,26.0,16.0
-56.0,26.0,15.0
-57.0,27.0,15.0
-60.0,33.0,7.0
-47.0,27.0,26.0
-48.0,27.0,27.0
-61.0,28.0,11.0
-54.0,24.0,19.0
-58.0,28.0,13.0
-54.0,29.0,16.0
-59.0,28.0,13.0
-68.0,30.0,5.0
-48.0,26.0,26.0
-62.0,24.0,17.0
-55.0,24.0,19.0
-52.0,27.0,20.0
-65.0,28.0,11.0
-58.0,27.0,12.0
-58.0,27.0,15.0
-63.0,25.0,12.0
-54.0,23.0,17.0
-55.0,24.0,18.0
-54.0,24.0,18.0
-57.0,27.0,13.0
-57.0,25.0,14.0
-52.0,26.0,21.0
-58.0,29.0,13.0
-59.0,27.0,14.0
-55.0,26.0,19.0
-57.0,26.0,17.0
-52.0,27.0,18.0
-56.0,27.0,15.0
-53.0,27.0,17.0
-58.0,29.0,15.0
-57.0,27.0,15.0
-60.0,25.0,18.0
-54.0,26.0,19.0
-53.0,24.0,17.0
-61.0,26.0,14.0
-57.0,26.0,15.0
-58.0,26.0,15.0
-62.0,24.0,12.0
-53.0,25.0,21.0
-56.0,24.0,16.0
-52.0,25.0,18.0
-55.0,25.0,21.0
-61.0,28.0,11.0
-58.0,28.0,14.0
-53.0,25.0,20.0
-56.0,27.0,16.0
-54.0,25.0,19.0
-55.0,29.0,16.0
-58.0,29.0,14.0
-52.0,28.0,20.0
-55.0,26.0,19.0
-58.0,26.0,14.0
-56.0,26.0,17.0
-54.0,24.0,19.0
-59.0,24.0,14.0
-58.0,27.0,15.0
-65.0,26.0,11.0
-56.0,23.0,17.0
-61.0,28.0,12.0
-57.0,27.0,13.0
-51.0,24.0,21.0
-59.0,30.0,13.0
-58.0,25.0,15.0
-55.0,24.0,17.0
-61.0,24.0,15.0
-56.0,27.0,17.0
-54.0,22.0,21.0
-56.0,25.0,16.0
-55.0,23.0,17.0
-56.0,31.0,13.0
-54.0,22.0,20.0
-54.0,24.0,21.0
-58.0,25.0,16.0
-57.0,21.0,18.0
-61.0,22.0,15.0
-50.0,23.0,23.0
-60.0,23.0,16.0
-59.0,26.0,16.0
-57.0,22.0,15.0
-62.0,26.0,14.0
-57.0,25.0,14.0
-54.0,25.0,19.0
-56.0,27.0,19.0
-55.0,24.0,15.0
-60.0,24.0,14.0
-56.0,25.0,18.0
-57.0,24.0,16.0
-56.0,24.0,17.0
-56.0,27.0,18.0
-59.0,23.0,17.0
-56.0,25.0,15.0
-49.0,25.0,21.0
-62.0,27.0,11.0
-53.0,24.0,19.0
-57.0,25.0,20.0
-59.0,26.0,14.0
-54.0,26.0,18.0
-58.0,25.0,16.0
-60.0,29.0,10.0
-52.0,24.0,19.0
-64.0,25.0,10.0
-60.0,24.0,10.0
-59.0,26.0,15.0
-56.0,25.0,14.0
-60.0,24.0,13.0
-58.0,23.0,15.0
-56.0,22.0,17.0
-60.0,22.0,16.0
-59.0,25.0,14.0
-59.0,26.0,13.0
-59.0,29.0,13.0
-55.0,29.0,16.0
-56.0,27.0,17.0
-57.0,28.0,15.0
-55.0,24.0,18.0
-58.0,28.0,13.0
-54.0,25.0,16.0
-57.0,26.0,18.0
-56.0,25.0,16.0
-58.0,24.0,15.0
-57.0,24.0,17.0
-58.0,27.0,13.0
-60.0,26.0,13.0
-54.0,26.0,15.0
-58.0,24.0,13.0
-62.0,23.0,10.0
-55.0,25.0,17.0
-58.0,25.0,14.0
-57.0,24.0,15.0
-53.0,25.0,18.0
-56.0,25.0,16.0
-58.0,25.0,17.0
-56.0,25.0,17.0
-58.0,27.0,14.0
-58.0,25.0,14.0
-55.0,28.0,16.0
-54.0,27.0,17.0
-56.0,26.0,14.0
-55.0,27.0,16.0
-54.0,27.0,16.0
-58.0,27.0,15.0
-53.0,25.0,20.0
-55.0,24.0,20.0
-60.0,25.0,15.0
-56.0,25.0,17.0
-53.0,25.0,18.0
-55.0,25.0,17.0
-62.0,25.0,11.0
-58.0,25.0,12.0
-58.0,26.0,15.0
-56.0,24.0,15.0
-56.0,26.0,14.0
-57.0,24.0,16.0
-59.0,27.0,14.0
-52.0,28.0,18.0
-58.0,24.0,13.0
-57.0,24.0,15.0
-55.0,25.0,18.0
-60.0,25.0,14.0
-58.0,24.0,15.0
-54.0,28.0,15.0
-57.0,27.0,14.0
-53.0,28.0,17.0
-53.0,26.0,18.0
-58.0,27.0,15.0
-56.0,27.0,16.0
-63.0,26.0,11.0
-57.0,26.0,14.0
-56.0,26.0,18.0
-57.0,27.0,15.0
-56.0,27.0,19.0
-56.0,23.0,18.0
-56.0,29.0,15.0
-54.0,25.0,17.0
-58.0,22.0,17.0
-57.0,22.0,18.0
-58.0,25.0,15.0
-58.0,23.0,16.0
-58.0,23.0,15.0
-57.0,25.0,16.0
-59.0,23.0,17.0
-56.0,22.0,17.0
-58.0,23.0,16.0
-58.0,20.0,17.0
-56.0,23.0,19.0
-58.0,24.0,19.0
-57.0,23.0,15.0
-53.0,28.0,18.0
-58.0,31.0,12.0
-54.0,26.0,16.0
-55.0,27.0,15.0
-58.0,26.0,16.0
-57.0,25.0,17.0
-62.0,23.0,13.0
-60.0,23.0,15.0
-52.0,26.0,20.0
-58.0,24.0,17.0
-54.0,23.0,21.0
-54.0,28.0,18.0
-58.0,23.0,14.0
-58.0,22.0,18.0
-55.0,27.0,15.0
-54.0,24.0,14.0
-58.0,27.0,16.0
-51.0,26.0,17.0
-57.0,23.0,16.0
-59.0,25.0,16.0
-56.0,25.0,17.0
-56.0,23.0,16.0
-61.0,21.0,14.0
-58.0,25.0,16.0
-60.0,26.0,14.0
-59.0,23.0,15.0
-59.0,25.0,15.0
-57.0,28.0,14.0
-54.0,27.0,15.0
-60.0,26.0,15.0
-55.0,25.0,18.0
-62.0,27.0,13.0
-60.0,30.0,13.0
-58.0,29.0,17.0
-56.0,30.0,18.0
-52.0,32.0,15.0
-53.0,32.0,17.0
-60.0,27.0,12.0
-58.0,29.0,14.0
-57.0,23.0,10.0
-59.0,26.0,0.0
-56.0,28.0,1.0
-58.0,29.0,-1.0
-48.0,34.0,-5.0
3.0,35.0,4.0
-39.0,47.0,7.0
-44.0,40.0,7.0
-69.0,47.0,8.0
-53.0,42.0,13.0
-72.0,35.0,0.0
-75.0,28.0,4.0
-80.0,25.0,12.0
-87.0,13.0,13.0
-47.0,24.0,4.0
-59.0,32.0,3.0
-42.0,47.0,-13.0
-11.0,72.0,-10.0
-37.0,45.0,23.0
-53.0,42.0,6.0
-53.0,42.0,4.0
-46.0,42.0,12.0
-53.0,43.0,10.0
-47.0,45.0,7.0
-44.0,45.0,9.0
-49.0,41.0,6.0
-53.0,44.0,4.0
-54.0,40.0,7.0
-57.0,39.0,5.0
-44.0,40.0,14.0
-45.0,41.0,14.0
-48.0,47.0,12.0
-44.0,33.0,11.0
-47.0,40.0,10.0
-49.0,43.0,10.0
-53.0,42.0,7.0
-50.0,44.0,7.0
-45.0,46.0,11.0
-44.0,45.0,9.0
-43.0,40.0,12.0
-52.0,45.0,10.0
-47.0,38.0,12.0
-52.0,45.0,8.0
-50.0,44.0,7.0
-49.0,41.0,9.0
-50.0,43.0,12.0
-48.0,42.0,12.0
-47.0,39.0,15.0
-44.0,43.0,12.0
-41.0,41.0,10.0
-47.0,41.0,9.0
-47.0,41.0,10.0
-53.0,42.0,10.0
-51.0,41.0,12.0
-54.0,37.0,9.0
-52.0,38.0,12.0
-48.0,42.0,9.0
-51.0,39.0,10.0
-52.0,40.0,12.0
-45.0,40.0,13.0
-53.0,40.0,10.0
-48.0,41.0,10.0
-48.0,43.0,9.0
-46.0,42.0,13.0
-46.0,43.0,12.0
-49.0,40.0,14.0
-48.0,44.0,12.0
-50.0,40.0,10.0
-45.0,41.0,13.0
-49.0,42.0,11.0
-51.0,40.0,11.0
-47.0,40.0,15.0
-50.0,40.0,10.0
-51.0,42.0,8.0
-49.0,41.0,9.0
-49.0,42.0,11.0
-53.0,40.0,8.0
-49.0,40.0,10.0
-50.0,40.0,11.0
-51.0,38.0,10.0
-51.0,40.0,13.0
-52.0,40.0,9.0
-49.0,37.0,10.0
-49.0,39.0,14.0
-55.0,41.0,6.0
-47.0,42.0,10.0
-45.0,45.0,11.0
-46.0,44.0,9.0
-48.0,44.0,11.0
-47.0,41.0,15.0
-47.0,43.0,12.0
-52.0,41.0,8.0
-50.0,39.0,10.0
-50.0,39.0,11.0
-48.0,39.0,13.0
-48.0,39.0,13.0
-52.0,39.0,12.0
-50.0,39.0,13.0
-50.0,43.0,9.0
-50.0,37.0,10.0
-51.0,40.0,12.0
-46.0,40.0,9.0
-55.0,38.0,11.0
-50.0,40.0,10.0
-54.0,41.0,10.0
-45.0,37.0,14.0
-49.0,39.0,13.0
-57.0,39.0,4.0
-52.0,41.0,7.0
-53.0,43.0,4.0
-44.0,39.0,12.0
-49.0,43.0,12.0
-51.0,40.0,7.0
-51.0,39.0,10.0
-53.0,37.0,8.0
-50.0,40.0,10.0
-51.0,40.0,9.0
-49.0,42.0,8.0
-49.0,39.0,12.0
-49.0,40.0,10.0
-49.0,38.0,9.0
-51.0,40.0,10.0
-52.0,39.0,9.0
-50.0,39.0,9.0
-54.0,37.0,7.0
-56.0,39.0,4.0
-53.0,39.0,10.0
-50.0,40.0,7.0
-49.0,36.0,13.0
-52.0,36.0,12.0
-52.0,38.0,9.0
-54.0,37.0,8.0
-54.0,40.0,5.0
-50.0,42.0,5.0
-47.0,43.0,9.0
-51.0,43.0,8.0
-44.0,42.0,14.0
-51.0,41.0,10.0
-51.0,43.0,6.0
-48.0,42.0,11.0
-47.0,42.0,11.0
-50.0,41.0,10.0
-48.0,41.0,12.0
-48.0,41.0,12.0
-50.0,40.0,10.0
-47.0,42.0,10.0
-47.0,40.0,11.0
-51.0,39.0,5.0
-51.0,39.0,6.0
-52.0,41.0,7.0
-49.0,40.0,7.0
-49.0,40.0,10.0
-48.0,41.0,12.0
-47.0,40.0,11.0
-43.0,43.0,12.0
-55.0,39.0,5.0
-57.0,41.0,3.0
-49.0,43.0,6.0
-50.0,43.0,7.0
-44.0,41.0,10.0
-47.0,43.0,11.0
-48.0,42.0,11.0
-50.0,40.0,9.0
-50.0,43.0,6.0
-47.0,41.0,7.0
-48.0,42.0,9.0
-47.0,40.0,12.0
-47.0,41.0,13.0
-49.0,42.0,8.0
-50.0,40.0,9.0
-50.0,39.0,10.0
-51.0,37.0,9.0
-58.0,41.0,7.0
-45.0,39.0,9.0
-53.0,39.0,5.0
-52.0,37.0,8.0
-46.0,39.0,9.0
-53.0,37.0,10.0
-51.0,41.0,9.0
-57.0,38.0,4.0
-50.0,40.0,8.0
-44.0,42.0,12.0
-51.0,39.0,10.0
-51.0,42.0,6.0
-44.0,39.0,13.0
-48.0,42.0,11.0
-53.0,41.0,5.0
-49.0,38.0,11.0
-52.0,40.0,7.0
-50.0,40.0,9.0
-50.0,38.0,10.0
-48.0,38.0,12.0
-50.0,39.0,10.0
-52.0,40.0,6.0
-51.0,40.0,10.0
-49.0,39.0,5.0
-53.0,39.0,5.0
-52.0,40.0,5.0
-59.0,36.0,2.0
-50.0,41.0,13.0
-47.0,39.0,8.0
-49.0,39.0,10.0
-46.0,35.0,15.0
-51.0,38.0,7.0
-53.0,39.0,7.0
-53.0,39.0,5.0
-50.0,39.0,10.0
-49.0,40.0,13.0
-47.0,40.0,10.0
-51.0,39.0,9.0
-52.0,39.0,7.0
-46.0,43.0,11.0
-45.0,38.0,13.0
-54.0,37.0,8.0
-51.0,40.0,11.0
-50.0,40.0,10.0
-50.0,39.0,8.0
-52.0,40.0,8.0
-53.0,41.0,3.0
-49.0,40.0,8.0
-52.0,40.0,7.0
-54.0,36.0,6.0
-53.0,38.0,8.0
-51.0,36.0,12.0
-49.0,39.0,10.0
-50.0,36.0,10.0
-57.0,42.0,6.0
-51.0,37.0,6.0
-47.0,41.0,10.0
-50.0,42.0,7.0
-48.0,42.0,11.0
-48.0,42.0,10.0
-48.0,40.0,12.0
-51.0,41.0,7.0
-48.0,41.0,9.0
-46.0,41.0,13.0
-48.0,42.0,10.0
-50.0,39.0,11.0
-52.0,38.0,10.0
-49.0,39.0,8.0
-50.0,40.0,9.0
-53.0,38.0,8.0
-49.0,40.0,7.0
-52.0,39.0,6.0
-52.0,40.0,8.0
-50.0,39.0,7.0
-49.0,41.0,9.0
-44.0,41.0,12.0
-51.0,39.0,7.0
-55.0,39.0,6.0
-49.0,39.0,10.0
-53.0,44.0,7.0
-48.0,43.0,11.0
-46.0,42.0,9.0
-47.0,40.0,10.0
-47.0,41.0,15.0
-51.0,41.0,10.0
-50.0,41.0,11.0
-47.0,40.0,13.0
-46.0,40.0,8.0
-45.0,42.0,14.0
-51.0,42.0,10.0
-50.0,41.0,9.0
-49.0,37.0,14.0
-54.0,41.0,5.0
-51.0,38.0,10.0
-53.0,37.0,8.0
-54.0,37.0,8.0
-57.0,36.0,8.0
-48.0,39.0,14.0
-44.0,39.0,15.0
-47.0,41.0,11.0
-42.0,41.0,15.0
-48.0,43.0,11.0
-53.0,44.0,2.0
-48.0,44.0,10.0
-51.0,41.0,9.0
-46.0,41.0,15.0
-45.0,42.0,15.0
-54.0,41.0,6.0
-54.0,38.0,6.0
-48.0,46.0,14.0
-44.0,42.0,12.0
-42.0,43.0,18.0
-38.0,43.0,19.0
-46.0,40.0,14.0
-48.0,39.0,15.0
-54.0,38.0,10.0
-51.0,37.0,13.0
-54.0,37.0,13.0
-54.0,39.0,12.0
-52.0,43.0,11.0
-44.0,42.0,16.0
-40.0,43.0,15.0
-39.0,39.0,21.0
-52.0,45.0,12.0
-50.0,43.0,12.0
-43.0,43.0,16.0
-43.0,44.0,13.0
-44.0,41.0,18.0
-45.0,44.0,18.0
-47.0,44.0,10.0
-51.0,40.0,14.0
-50.0,39.0,17.0
-42.0,43.0,17.0
-42.0,41.0,19.0
-47.0,43.0,13.0
-47.0,38.0,16.0
-50.0,47.0,11.0
-44.0,42.0,16.0
-43.0,44.0,15.0
-48.0,43.0,11.0
-46.0,42.0,14.0
-48.0,39.0,16.0
-50.0,44.0,11.0
-45.0,38.0,17.0
-49.0,41.0,14.0
-55.0,41.0,13.0
-50.0,40.0,13.0
-47.0,43.0,13.0
-43.0,45.0,15.0
-50.0,42.0,10.0
-43.0,41.0,16.0
-49.0,40.0,16.0
-48.0,40.0,14.0
-47.0,41.0,13.0
-47.0,41.0,14.0
-45.0,41.0,15.0
-46.0,38.0,16.0
-48.0,37.0,16.0
-47.0,35.0,19.0
-47.0,41.0,11.0
-49.0,40.0,11.0
-53.0,41.0,8.0
-53.0,40.0,10.0
-53.0,39.0,9.0
-49.0,38.0,13.0
-49.0,39.0,14.0
-49.0,39.0,14.0
-51.0,40.0,12.0
-53.0,39.0,10.0
-48.0,40.0,9.0
-47.0,41.0,12.0
-46.0,45.0,11.0
-47.0,42.0,11.0
-46.0,41.0,14.0
-53.0,41.0,7.0
-52.0,40.0,11.0
-47.0,40.0,12.0
-49.0,40.0,13.0
-40.0,38.0,20.0
-46.0,40.0,16.0
-46.0,38.0,14.0
-53.0,42.0,7.0
-49.0,41.0,9.0
-47.0,41.0,11.0
-53.0,41.0,11.0
-49.0,42.0,9.0
-55.0,40.0,4.0
-50.0,42.0,12.0
-47.0,36.0,17.0
-51.0,37.0,13.0
-46.0,39.0,14.0
-51.0,39.0,16.0
-51.0,43.0,10.0
-56.0,45.0,0.0
-38.0,42.0,20.0
-49.0,39.0,15.0
-44.0,43.0,18.0
-38.0,41.0,20.0
-49.0,43.0,7.0
-44.0,42.0,15.0
-45.0,43.0,13.0
-49.0,42.0,9.0
-49.0,42.0,14.0
-49.0,42.0,12.0
-46.0,40.0,15.0
-53.0,43.0,6.0
-55.0,41.0,5.0
-48.0,40.0,11.0
-52.0,43.0,8.0
-53.0,38.0,12.0
-48.0,40.0,15.0
-45.0,37.0,18.0
-49.0,40.0,13.0
-50.0,37.0,11.0
-56.0,38.0,11.0
-49.0,45.0,9.0
-44.0,42.0,12.0
-45.0,43.0,9.0
-42.0,43.0,16.0
-50.0,42.0,13.0
-49.0,42.0,10.0
-51.0,42.0,7.0
-51.0,42.0,9.0
-49.0,43.0,12.0
-48.0,42.0,10.0
-44.0,40.0,12.0
-47.0,44.0,17.0
-51.0,40.0,9.0
-47.0,39.0,13.0
-59.0,35.0,9.0
-56.0,32.0,10.0
-49.0,38.0,10.0
-52.0,40.0,13.0
-50.0,36.0,16.0
-55.0,44.0,2.0
-51.0,37.0,11.0
-52.0,38.0,13.0
-52.0,38.0,12.0
-48.0,41.0,15.0
-45.0,41.0,13.0
-48.0,41.0,12.0
-46.0,43.0,14.0
-50.0,43.0,14.0
-50.0,39.0,11.0
-48.0,42.0,12.0
-49.0,39.0,12.0
-47.0,43.0,14.0
-47.0,42.0,12.0
-52.0,37.0,13.0
-50.0,39.0,14.0
-46.0,41.0,14.0
-48.0,40.0,11.0
-51.0,38.0,13.0
-45.0,36.0,14.0
-58.0,37.0,6.0
-58.0,35.0,9.0
-52.0,40.0,15.0
-54.0,42.0,8.0
-45.0,37.0,15.0
-48.0,40.0,14.0
-48.0,40.0,13.0
-48.0,40.0,11.0
-50.0,43.0,8.0
-43.0,44.0,12.0
-44.0,44.0,15.0
-51.0,40.0,11.0
-50.0,40.0,13.0
-52.0,36.0,13.0
-51.0,37.0,12.0
-51.0,38.0,13.0
-54.0,40.0,9.0
-42.0,40.0,16.0
-47.0,39.0,12.0
-46.0,39.0,15.0
-54.0,41.0,11.0
-53.0,39.0,10.0
-50.0,38.0,12.0
-52.0,38.0,10.0
-53.0,39.0,6.0
-52.0,36.0,15.0
-49.0,39.0,15.0
-49.0,40.0,10.0
-49.0,45.0,10.0
-47.0,38.0,13.0
-52.0,40.0,10.0
-51.0,37.0,13.0
-52.0,41.0,11.0
-50.0,39.0,10.0
-51.0,39.0,13.0
-50.0,39.0,10.0
-52.0,36.0,11.0
-45.0,42.0,14.0
-53.0,38.0,7.0
-54.0,41.0,8.0
-54.0,38.0,10.0
-53.0,36.0,10.0
-55.0,38.0,9.0
-53.0,36.0,11.0
-62.0,39.0,7.0
-48.0,37.0,7.0
-52.0,40.0,8.0
-52.0,37.0,11.0
-49.0,36.0,15.0
-51.0,36.0,15.0
-50.0,38.0,11.0
-53.0,37.0,12.0
-52.0,39.0,11.0
-53.0,38.0,9.0
-54.0,40.0,10.0
-51.0,39.0,11.0
-49.0,37.0,15.0
-51.0,37.0,13.0
-52.0,42.0,9.0
-49.0,41.0,11.0
-48.0,42.0,13.0
-46.0,43.0,13.0
-52.0,36.0,14.0
-49.0,36.0,19.0
-49.0,38.0,13.0
-50.0,36.0,13.0
-54.0,35.0,11.0
-53.0,37.0,12.0
-50.0,38.0,11.0
-53.0,35.0,10.0
-57.0,37.0,11.0
-51.0,37.0,14.0
-53.0,41.0,8.0
-53.0,33.0,17.0
-56.0,40.0,11.0
-49.0,35.0,15.0
-44.0,38.0,20.0
-48.0,42.0,12.0
-49.0,37.0,15.0
-48.0,39.0,15.0
-50.0,40.0,15.0
-50.0,41.0,13.0
-47.0,40.0,13.0
-50.0,40.0,12.0
-49.0,37.0,16.0
-51.0,38.0,14.0
-51.0,37.0,15.0
-49.0,38.0,12.0
-50.0,38.0,11.0
-50.0,40.0,12.0
-51.0,39.0,11.0
-52.0,35.0,12.0
-53.0,37.0,11.0
-53.0,36.0,10.0
-55.0,37.0,12.0
-47.0,38.0,15.0
-53.0,39.0,9.0
-51.0,37.0,13.0
-50.0,41.0,10.0
-49.0,41.0,12.0
-51.0,40.0,12.0
-51.0,42.0,8.0
-50.0,38.0,13.0
-50.0,40.0,16.0
-55.0,41.0,10.0
-49.0,39.0,10.0
-47.0,42.0,11.0
-50.0,41.0,11.0
-50.0,39.0,12.0
-48.0,37.0,15.0
-50.0,38.0,11.0
-50.0,39.0,10.0
-52.0,38.0,11.0
-54.0,38.0,9.0
-50.0,37.0,13.0
-54.0,38.0,12.0
-57.0,35.0,9.0
-50.0,39.0,12.0
-51.0,41.0,8.0
-47.0,40.0,11.0
-49.0,37.0,14.0
-54.0,40.0,11.0
-52.0,41.0,10.0
-53.0,43.0,8.0
-48.0,40.0,13.0
-51.0,41.0,10.0
-50.0,39.0,11.0
-50.0,40.0,7.0
-49.0,41.0,13.0
-47.0,40.0,13.0
-52.0,40.0,13.0
-48.0,40.0,15.0
-50.0,39.0,9.0
-53.0,37.0,15.0
-46.0,40.0,14.0
-48.0,40.0,8.0
-48.0,40.0,11.0
-50.0,41.0,8.0
-50.0,37.0,13.0
-63.0,35.0,7.0
-56.0,35.0,8.0
-50.0,38.0,16.0
-47.0,37.0,15.0
-50.0,36.0,11.0
-52.0,38.0,11.0
-48.0,41.0,10.0
-52.0,41.0,9.0
-48.0,41.0,12.0
-48.0,42.0,10.0
-49.0,40.0,11.0
-47.0,41.0,14.0
-53.0,40.0,8.0
-53.0,38.0,7.0
-45.0,40.0,14.0
-56.0,37.0,10.0
-47.0,39.0,16.0
-52.0,39.0,10.0
-53.0,38.0,8.0
-49.0,38.0,13.0
-51.0,39.0,9.0
-52.0,37.0,10.0
-54.0,38.0,9.0
-61.0,37.0,6.0
-50.0,37.0,11.0
-51.0,36.0,12.0
-54.0,41.0,9.0
-46.0,39.0,15.0
-50.0,38.0,11.0
-57.0,40.0,7.0
-53.0,42.0,11.0
-46.0,42.0,12.0
-44.0,41.0,14.0
-47.0,42.0,13.0
-48.0,41.0,13.0
-50.0,40.0,10.0
-51.0,41.0,11.0
-49.0,40.0,14.0
-49.0,41.0,11.0
-50.0,37.0,15.0
-51.0,38.0,14.0
-48.0,41.0,10.0
-51.0,38.0,9.0
-52.0,41.0,8.0
-54.0,38.0,8.0
-56.0,38.0,9.0
-51.0,35.0,11.0
-50.0,36.0,13.0
-45.0,35.0,17.0
-50.0,38.0,13.0
-54.0,36.0,11.0
-53.0,37.0,13.0
-49.0,42.0,9.0
-47.0,41.0,11.0
-50.0,42.0,11.0
-49.0,42.0,11.0
-47.0,40.0,15.0
-48.0,39.0,13.0
-52.0,42.0,7.0
-45.0,40.0,14.0
-49.0,42.0,11.0
-47.0,40.0,13.0
-48.0,38.0,17.0
-50.0,35.0,16.0
-51.0,41.0,10.0
-49.0,41.0,10.0
-50.0,38.0,12.0
-53.0,39.0,10.0
-54.0,35.0,11.0
-53.0,36.0,12.0
-53.0,37.0,14.0
-49.0,36.0,17.0
-51.0,45.0,10.0
-52.0,44.0,5.0
-39.0,39.0,20.0
-46.0,42.0,17.0
-55.0,40.0,10.0
-46.0,41.0,16.0
-49.0,40.0,12.0
-47.0,36.0,18.0
-49.0,41.0,17.0
-50.0,37.0,15.0
-45.0,39.0,17.0
-48.0,40.0,12.0
-48.0,37.0,16.0
-51.0,42.0,11.0
-51.0,38.0,11.0
-53.0,41.0,11.0
-52.0,39.0,10.0
-52.0,36.0,13.0
-55.0,34.0,12.0
-51.0,39.0,14.0
-49.0,36.0,12.0
-53.0,39.0,9.0
-48.0,38.0,14.0
-52.0,39.0,11.0
-48.0,43.0,11.0
-52.0,38.0,10.0
-52.0,39.0,9.0
-49.0,40.0,12.0
-49.0,41.0,12.0
-47.0,40.0,12.0
-52.0,38.0,11.0
-48.0,40.0,11.0
-49.0,38.0,8.0
-49.0,39.0,11.0
-49.0,43.0,10.0
-48.0,38.0,12.0
-46.0,39.0,16.0
-46.0,40.0,11.0
-53.0,41.0,5.0
-52.0,40.0,7.0
-48.0,40.0,8.0
-54.0,39.0,6.0
-53.0,40.0,6.0
-53.0,39.0,7.0
-46.0,42.0,11.0
-48.0,39.0,9.0
-52.0,40.0,12.0
-51.0,39.0,10.0
-50.0,40.0,9.0
-47.0,44.0,9.0
-49.0,43.0,9.0
-47.0,44.0,9.0
-45.0,43.0,11.0
-48.0,41.0,12.0
-46.0,46.0,7.0
-54.0,44.0,4.0
-53.0,40.0,13.0
-40.0,40.0,21.0
-49.0,41.0,15.0
-49.0,41.0,12.0
-43.0,40.0,18.0
-42.0,40.0,18.0
-61.0,42.0,4.0
-48.0,41.0,11.0
-46.0,42.0,15.0
-46.0,41.0,13.0
-48.0,41.0,15.0
-52.0,38.0,13.0
-52.0,38.0,12.0
-52.0,38.0,13.0
-52.0,39.0,13.0
-46.0,45.0,11.0
-44.0,43.0,13.0
-46.0,42.0,14.0
-57.0,41.0,8.0
-49.0,41.0,15.0
-46.0,42.0,13.0
-49.0,39.0,11.0
-48.0,44.0,14.0
-49.0,40.0,13.0
-48.0,39.0,14.0
-45.0,40.0,17.0
-48.0,42.0,15.0
-45.0,42.0,12.0
-46.0,39.0,15.0
-56.0,41.0,6.0
-50.0,42.0,9.0
-51.0,38.0,14.0
-50.0,39.0,12.0
-50.0,39.0,12.0
-47.0,37.0,17.0
-50.0,39.0,10.0
-51.0,38.0,15.0
-50.0,42.0,12.0
-49.0,40.0,15.0
-42.0,42.0,13.0
-47.0,42.0,12.0
-47.0,42.0,13.0
-47.0,40.0,13.0
-51.0,42.0,12.0
-49.0,40.0,14.0
-52.0,37.0,13.0
-49.0,42.0,13.0
-44.0,41.0,16.0
-45.0,40.0,16.0
-47.0,42.0,13.0
-50.0,42.0,11.0
-52.0,41.0,10.0
-51.0,39.0,12.0
-53.0,39.0,9.0
-53.0,40.0,12.0
-48.0,39.0,13.0
-47.0,39.0,14.0
-45.0,40.0,15.0
-54.0,37.0,11.0
-52.0,40.0,9.0
-51.0,42.0,9.0
-48.0,41.0,13.0
-49.0,41.0,13.0
-48.0,44.0,11.0
-50.0,41.0,13.0
-46.0,43.0,12.0
-46.0,45.0,11.0
-48.0,40.0,12.0
-49.0,39.0,12.0
-49.0,34.0,18.0
-52.0,33.0,17.0
-57.0,37.0,7.0
-52.0,41.0,10.0
-54.0,40.0,8.0
-56.0,40.0,4.0
-45.0,41.0,12.0
-52.0,43.0,6.0
-47.0,38.0,17.0
-47.0,39.0,14.0
-46.0,35.0,14.0
-55.0,38.0,11.0
-55.0,37.0,8.0
-52.0,38.0,10.0
-51.0,40.0,9.0
-54.0,40.0,7.0
-49.0,40.0,9.0
-48.0,41.0,13.0
-48.0,42.0,12.0
-46.0,42.0,12.0
-49.0,42.0,8.0
-50.0,39.0,10.0
-49.0,38.0,12.0
-55.0,39.0,9.0
-52.0,38.0,14.0
-51.0,40.0,10.0
-49.0,38.0,13.0
-53.0,40.0,8.0
-54.0,39.0,7.0
-49.0,33.0,17.0
-59.0,44.0,6.0
-49.0,38.0,11.0
-47.0,37.0,16.0
-48.0,42.0,12.0
-42.0,38.0,18.0
-55.0,40.0,10.0
-54.0,42.0,9.0
-50.0,42.0,13.0
-48.0,41.0,13.0
-44.0,42.0,15.0
-47.0,41.0,13.0
-46.0,41.0,15.0
-49.0,43.0,11.0
-50.0,40.0,14.0
-46.0,42.0,13.0
-49.0,41.0,11.0
-53.0,41.0,14.0
-45.0,40.0,17.0
-46.0,40.0,15.0
-48.0,40.0,11.0
-45.0,38.0,18.0
-60.0,36.0,9.0
-57.0,37.0,10.0
-49.0,40.0,14.0
-49.0,39.0,14.0
-48.0,39.0,14.0
-51.0,41.0,11.0
-54.0,39.0,11.0
-54.0,39.0,7.0
-49.0,42.0,8.0
-43.0,44.0,12.0
-49.0,39.0,11.0
-48.0,43.0,12.0
-46.0,41.0,15.0
-52.0,44.0,11.0
-51.0,41.0,9.0
-47.0,38.0,15.0
-48.0,44.0,12.0
-51.0,36.0,11.0
-48.0,38.0,15.0
-53.0,41.0,9.0
-52.0,37.0,10.0
-48.0,39.0,14.0
-50.0,40.0,12.0
-59.0,38.0,8.0
-44.0,37.0,15.0
-50.0,39.0,11.0
-46.0,35.0,15.0
-47.0,43.0,10.0
-49.0,36.0,11.0
-50.0,41.0,8.0
-51.0,41.0,11.0
-51.0,43.0,8.0
-47.0,41.0,10.0
-47.0,40.0,15.0
-49.0,40.0,14.0
-49.0,37.0,14.0
-51.0,40.0,9.0
-47.0,41.0,13.0
-51.0,39.0,13.0
-50.0,39.0,12.0
-51.0,40.0,15.0
-46.0,38.0,15.0
-50.0,39.0,12.0
-48.0,38.0,11.0
-50.0,41.0,10.0
-51.0,38.0,10.0
-56.0,40.0,8.0
-49.0,34.0,11.0
-49.0,41.0,11.0
-52.0,39.0,9.0
-49.0,40.0,12.0
-46.0,42.0,13.0
-49.0,36.0,11.0
-57.0,41.0,7.0
-48.0,42.0,13.0
-47.0,41.0,11.0
-50.0,39.0,13.0
-48.0,40.0,13.0
-53.0,39.0,8.0
-53.0,39.0,10.0
-50.0,39.0,13.0
-49.0,41.0,13.0
-47.0,39.0,16.0
-47.0,41.0,13.0
-52.0,38.0,9.0
-54.0,38.0,9.0
-51.0,37.0,10.0
-52.0,39.0,9.0
-52.0,37.0,11.0
-51.0,38.0,11.0
-51.0,39.0,9.0
-52.0,37.0,12.0
-50.0,39.0,12.0
-51.0,37.0,12.0
-50.0,37.0,14.0
-52.0,40.0,7.0
-49.0,41.0,12.0
-47.0,39.0,12.0
-49.0,41.0,14.0
-47.0,41.0,12.0
-52.0,38.0,9.0
-47.0,40.0,14.0
-52.0,43.0,8.0
-48.0,39.0,13.0
-48.0,39.0,14.0
-50.0,39.0,11.0
-49.0,39.0,10.0
-52.0,39.0,9.0
-52.0,37.0,9.0
-52.0,36.0,11.0
-56.0,39.0,8.0
-50.0,35.0,11.0
-55.0,39.0,10.0
-51.0,38.0,9.0
-52.0,37.0,11.0
-48.0,38.0,14.0
-54.0,40.0,8.0
-52.0,37.0,9.0
-50.0,40.0,13.0
-50.0,39.0,10.0
-46.0,39.0,12.0
-48.0,42.0,11.0
-49.0,40.0,9.0
-49.0,42.0,10.0
-51.0,39.0,12.0
-52.0,36.0,15.0
-49.0,40.0,14.0
-48.0,39.0,13.0
-54.0,37.0,9.0
-47.0,36.0,12.0
-51.0,41.0,10.0
-50.0,40.0,11.0
-53.0,37.0,6.0
-55.0,36.0,9.0
-45.0,38.0,16.0
-55.0,40.0,9.0
-50.0,33.0,15.0
-56.0,37.0,9.0
-52.0,39.0,9.0
-47.0,38.0,15.0
-47.0,41.0,12.0
-45.0,41.0,15.0
-49.0,42.0,12.0
-51.0,39.0,8.0
-48.0,38.0,13.0
-50.0,40.0,9.0
-53.0,39.0,10.0
-51.0,36.0,16.0
-48.0,37.0,14.0
-56.0,36.0,8.0
-53.0,38.0,10.0
-54.0,39.0,9.0
-51.0,38.0,6.0
-51.0,39.0,9.0
-53.0,40.0,5.0
-50.0,39.0,12.0
-53.0,38.0,12.0
-51.0,39.0,10.0
-51.0,36.0,13.0
-52.0,37.0,13.0
-50.0,37.0,11.0
-44.0,37.0,18.0
-67.0,48.0,-8.0
-41.0,40.0,17.0
-47.0,41.0,13.0
-46.0,39.0,12.0
-43.0,40.0,19.0
-54.0,42.0,7.0
-47.0,41.0,10.0
-49.0,42.0,12.0
-50.0,39.0,8.0
-47.0,40.0,13.0
-53.0,37.0,13.0
-49.0,42.0,8.0
-54.0,41.0,7.0
-51.0,42.0,5.0
-49.0,37.0,11.0
-51.0,39.0,9.0
-49.0,38.0,11.0
-53.0,39.0,10.0
-47.0,36.0,13.0
-54.0,40.0,8.0
-50.0,36.0,12.0
-51.0,38.0,12.0
-53.0,37.0,8.0
-50.0,32.0,14.0
-47.0,44.0,11.0
-51.0,37.0,10.0
-48.0,43.0,10.0
-48.0,42.0,11.0
-52.0,41.0,11.0
-49.0,41.0,11.0
-51.0,39.0,10.0
-48.0,41.0,12.0
-48.0,40.0,13.0
-49.0,39.0,8.0
-55.0,39.0,6.0
-56.0,39.0,5.0
-50.0,38.0,10.0
-54.0,38.0,9.0
-51.0,38.0,11.0
-50.0,39.0,10.0
-52.0,34.0,12.0
-54.0,34.0,13.0
-49.0,42.0,7.0
-55.0,38.0,7.0
-51.0,39.0,10.0
-54.0,40.0,7.0
-52.0,38.0,11.0
-51.0,39.0,12.0
-51.0,37.0,10.0
-49.0,40.0,10.0
-53.0,41.0,9.0
-51.0,38.0,12.0
-51.0,41.0,9.0
-46.0,35.0,16.0
-50.0,37.0,18.0
-52.0,39.0,8.0
-52.0,38.0,11.0
-52.0,38.0,8.0
-52.0,39.0,5.0
-51.0,40.0,12.0
-49.0,40.0,10.0
-52.0,34.0,10.0
-49.0,39.0,15.0
-52.0,37.0,9.0
-56.0,36.0,7.0
-47.0,38.0,14.0
-53.0,39.0,12.0
-49.0,41.0,13.0
-47.0,42.0,14.0
-51.0,41.0,10.0
-44.0,40.0,16.0
-48.0,40.0,13.0
-46.0,41.0,15.0
-46.0,39.0,13.0
-51.0,45.0,8.0
-46.0,39.0,11.0
-42.0,40.0,19.0
-51.0,40.0,11.0
-52.0,37.0,12.0
-51.0,37.0,12.0
-52.0,37.0,11.0
-48.0,41.0,11.0
-47.0,40.0,12.0
-55.0,40.0,8.0
-49.0,41.0,11.0
-46.0,43.0,15.0
-55.0,38.0,8.0
-51.0,38.0,12.0
-55.0,35.0,11.0
-55.0,36.0,11.0
-45.0,44.0,14.0
-47.0,41.0,10.0
-46.0,41.0,10.0
-47.0,41.0,11.0
-49.0,37.0,12.0
-48.0,41.0,13.0
-53.0,35.0,10.0
-54.0,38.0,10.0
-54.0,38.0,11.0
-52.0,40.0,9.0
-48.0,44.0,11.0
-42.0,38.0,15.0
-53.0,42.0,9.0
-51.0,39.0,9.0
-44.0,40.0,13.0
-54.0,40.0,8.0
-52.0,38.0,8.0
-50.0,40.0,12.0
-51.0,38.0,11.0
-50.0,37.0,12.0
-52.0,40.0,11.0
-52.0,40.0,11.0
-51.0,41.0,10.0
-49.0,41.0,12.0
-47.0,41.0,10.0
-50.0,38.0,15.0
-46.0,39.0,18.0
-47.0,40.0,9.0
-50.0,42.0,12.0
-53.0,42.0,10.0
-48.0,41.0,12.0
-45.0,43.0,14.0
-44.0,40.0,11.0
-44.0,44.0,17.0
-51.0,42.0,10.0
-53.0,39.0,10.0
-55.0,40.0,10.0
-54.0,38.0,13.0
-46.0,36.0,16.0
-57.0,43.0,11.0
-42.0,45.0,15.0
-46.0,37.0,14.0
-43.0,40.0,20.0
-41.0,41.0,20.0
-51.0,43.0,8.0
-47.0,44.0,13.0
-47.0,42.0,17.0
-47.0,38.0,15.0
-45.0,42.0,17.0
-49.0,41.0,14.0
-48.0,43.0,11.0
-46.0,43.0,15.0
-47.0,37.0,20.0
-48.0,35.0,19.0
-47.0,39.0,14.0
-51.0,42.0,11.0
-47.0,41.0,14.0
-48.0,42.0,12.0
-49.0,41.0,12.0
-51.0,42.0,10.0
-50.0,41.0,12.0
-47.0,42.0,13.0
-51.0,40.0,11.0
-50.0,37.0,15.0
-48.0,36.0,18.0
-49.0,39.0,15.0
-52.0,43.0,9.0
-50.0,40.0,11.0
-45.0,40.0,17.0
-49.0,41.0,13.0
-42.0,40.0,16.0
-51.0,37.0,15.0
-51.0,35.0,13.0
-49.0,41.0,14.0
-50.0,36.0,17.0
-48.0,43.0,12.0
-45.0,41.0,14.0
-53.0,39.0,10.0
-52.0,40.0,9.0
-52.0,37.0,13.0
-53.0,35.0,13.0
-49.0,37.0,12.0
-54.0,38.0,11.0
-54.0,37.0,12.0
-48.0,37.0,18.0
-52.0,40.0,11.0
-51.0,36.0,14.0
-50.0,41.0,12.0
-51.0,42.0,10.0
-44.0,36.0,16.0
-50.0,44.0,12.0
-48.0,39.0,14.0
-48.0,41.0,14.0
-46.0,38.0,15.0
-55.0,42.0,8.0
-48.0,39.0,14.0
-47.0,41.0,14.0
-49.0,39.0,14.0
-47.0,37.0,13.0
-50.0,41.0,13.0
-48.0,37.0,14.0
-55.0,38.0,10.0
-54.0,38.0,10.0
-52.0,36.0,13.0
-52.0,37.0,11.0
-52.0,39.0,11.0
-51.0,37.0,13.0
-56.0,38.0,8.0
-50.0,37.0,12.0
-52.0,40.0,13.0
-54.0,40.0,10.0
-49.0,40.0,10.0
-50.0,39.0,12.0
-50.0,41.0,14.0
-50.0,39.0,12.0
-50.0,39.0,15.0
-51.0,40.0,9.0
-50.0,39.0,13.0
-49.0,40.0,13.0
-48.0,39.0,14.0
-50.0,38.0,11.0
-50.0,39.0,14.0
-56.0,42.0,7.0
-56.0,38.0,6.0
-48.0,38.0,10.0
-52.0,40.0,11.0
-52.0,37.0,9.0
-56.0,38.0,9.0
-53.0,34.0,14.0
-50.0,40.0,12.0
-48.0,38.0,14.0
-51.0,38.0,11.0
-50.0,40.0,13.0
-50.0,42.0,11.0
-52.0,40.0,9.0
-47.0,41.0,14.0
-50.0,40.0,13.0
-46.0,38.0,14.0
-51.0,43.0,12.0
-50.0,40.0,12.0
-47.0,43.0,13.0
-47.0,40.0,15.0
-47.0,39.0,13.0
-49.0,39.0,15.0
-51.0,38.0,11.0
-50.0,38.0,13.0
-50.0,40.0,11.0
-53.0,37.0,9.0
-52.0,40.0,11.0
-52.0,38.0,10.0
-48.0,37.0,15.0
-56.0,37.0,8.0
-55.0,34.0,10.0
-48.0,39.0,13.0
-50.0,40.0,12.0
-51.0,41.0,10.0
-52.0,39.0,10.0
-49.0,42.0,11.0
-47.0,38.0,13.0
-50.0,38.0,15.0
-51.0,38.0,10.0
-53.0,40.0,9.0
-50.0,39.0,14.0
-49.0,40.0,13.0
-52.0,39.0,10.0
-52.0,37.0,11.0
-49.0,40.0,14.0
-49.0,38.0,10.0
-48.0,40.0,14.0
-49.0,38.0,11.0
-49.0,40.0,9.0
-48.0,39.0,13.0
-52.0,37.0,12.0
-53.0,37.0,9.0
-54.0,35.0,15.0
-52.0,35.0,13.0
-52.0,35.0,13.0
-51.0,38.0,14.0
-52.0,38.0,10.0
-49.0,40.0,11.0
-47.0,41.0,14.0
-50.0,39.0,12.0
-51.0,39.0,12.0
-49.0,38.0,14.0
-49.0,39.0,10.0
-50.0,39.0,14.0
-47.0,40.0,13.0
-51.0,38.0,10.0
-49.0,36.0,16.0
-51.0,35.0,14.0
-52.0,39.0,10.0
-53.0,37.0,10.0
-52.0,38.0,9.0
-47.0,39.0,13.0
-52.0,38.0,11.0
-49.0,38.0,14.0
-47.0,36.0,20.0
-54.0,37.0,6.0
-52.0,35.0,14.0
-53.0,40.0,10.0
-52.0,35.0,12.0
-50.0,41.0,17.0
-47.0,40.0,12.0
-49.0,41.0,12.0
-49.0,41.0,11.0
-45.0,38.0,16.0
-48.0,40.0,14.0
-49.0,40.0,12.0
-48.0,39.0,15.0
-51.0,39.0,12.0
-47.0,40.0,16.0
-49.0,40.0,13.0
-49.0,39.0,13.0
-48.0,40.0,16.0
-52.0,42.0,11.0
-49.0,41.0,15.0
-49.0,37.0,17.0
-52.0,37.0,14.0
-50.0,37.0,14.0
-49.0,38.0,18.0
-50.0,37.0,17.0
-50.0,39.0,14.0
-51.0,36.0,17.0
-51.0,38.0,17.0
-48.0,38.0,17.0
-50.0,36.0,18.0
-47.0,38.0,15.0
-49.0,40.0,15.0
-48.0,41.0,12.0
-45.0,41.0,13.0
-47.0,39.0,15.0
-50.0,41.0,11.0
-52.0,45.0,8.0
-51.0,39.0,11.0
-46.0,37.0,17.0
-51.0,36.0,15.0
-49.0,35.0,15.0
-51.0,40.0,12.0
-52.0,36.0,13.0
-54.0,35.0,12.0
-52.0,36.0,9.0
-54.0,37.0,12.0
-50.0,39.0,11.0
-51.0,37.0,11.0
-53.0,39.0,12.0
-53.0,37.0,10.0
-51.0,38.0,11.0
-50.0,33.0,15.0
-54.0,36.0,11.0
-59.0,36.0,7.0
-54.0,37.0,10.0
-47.0,42.0,12.0
-47.0,39.0,12.0
-54.0,39.0,11.0
-47.0,38.0,15.0
-50.0,35.0,15.0
-54.0,37.0,11.0
-50.0,37.0,14.0
-50.0,39.0,13.0
-47.0,36.0,16.0
-48.0,38.0,15.0
-52.0,39.0,10.0
-53.0,37.0,11.0
-49.0,38.0,13.0
-49.0,40.0,11.0
-54.0,38.0,11.0
-52.0,38.0,12.0
-53.0,37.0,12.0
-52.0,37.0,11.0
-49.0,39.0,12.0
-51.0,37.0,12.0
-51.0,37.0,15.0
-49.0,35.0,15.0
-53.0,39.0,10.0
-49.0,37.0,12.0
-54.0,37.0,12.0
-50.0,40.0,10.0
-49.0,39.0,14.0
-51.0,39.0,12.0
-47.0,41.0,12.0
-50.0,38.0,14.0
-49.0,40.0,13.0
-48.0,39.0,14.0
-50.0,37.0,14.0
-53.0,38.0,11.0
-53.0,37.0,12.0
-47.0,39.0,15.0
-51.0,43.0,12.0
-52.0,39.0,11.0
-47.0,40.0,14.0
-48.0,37.0,15.0
-51.0,41.0,13.0
-47.0,35.0,16.0
-52.0,40.0,12.0
-51.0,36.0,12.0
-53.0,40.0,10.0
-50.0,40.0,11.0
-48.0,37.0,13.0
-51.0,40.0,11.0
-51.0,38.0,12.0
-52.0,38.0,12.0
-52.0,40.0,12.0
-52.0,34.0,13.0
-53.0,38.0,11.0
-50.0,35.0,15.0
-52.0,42.0,9.0
-51.0,37.0,11.0
-50.0,36.0,14.0
-49.0,41.0,12.0
-51.0,38.0,12.0
-50.0,40.0,12.0
-49.0,39.0,13.0
-50.0,40.0,12.0
-50.0,40.0,12.0
-48.0,39.0,14.0
-52.0,38.0,13.0
-50.0,39.0,12.0
-49.0,39.0,14.0
-51.0,39.0,13.0
-47.0,40.0,14.0
-49.0,38.0,15.0
-50.0,39.0,12.0
-49.0,37.0,14.0
-51.0,40.0,13.0
-50.0,38.0,12.0
-49.0,41.0,14.0
-48.0,40.0,13.0
-51.0,39.0,12.0
-51.0,41.0,11.0
-49.0,37.0,13.0
-50.0,37.0,13.0
-53.0,40.0,9.0
-52.0,36.0,13.0
-53.0,40.0,11.0
-51.0,39.0,11.0
-50.0,36.0,13.0
-51.0,40.0,11.0
-50.0,37.0,12.0
-52.0,39.0,13.0
-52.0,39.0,11.0
-53.0,36.0,12.0
-52.0,38.0,12.0
-49.0,39.0,12.0
-49.0,37.0,14.0
-51.0,40.0,12.0
-49.0,40.0,12.0
-51.0,39.0,12.0
-50.0,41.0,11.0
-48.0,39.0,13.0
-49.0,38.0,14.0
-51.0,40.0,12.0
-49.0,37.0,14.0
-49.0,40.0,14.0
-51.0,38.0,13.0
-50.0,40.0,12.0
-50.0,39.0,14.0
-51.0,39.0,13.0
-46.0,41.0,14.0
-50.0,40.0,12.0
-50.0,39.0,12.0
-52.0,38.0,12.0
-51.0,38.0,12.0
-49.0,37.0,15.0
-52.0,38.0,11.0
-52.0,37.0,12.0
-50.0,38.0,11.0
-51.0,37.0,12.0
-53.0,36.0,10.0
-52.0,37.0,10.0
-52.0,36.0,12.0
-52.0,35.0,11.0
-56.0,36.0,8.0
-50.0,35.0,13.0
-58.0,35.0,9.0
-55.0,35.0,10.0
-49.0,38.0,12.0
-50.0,38.0,11.0
-53.0,37.0,9.0
-51.0,36.0,12.0
-53.0,37.0,12.0
-54.0,36.0,10.0
-54.0,36.0,12.0
-51.0,36.0,13.0
-53.0,36.0,13.0
-52.0,35.0,14.0
-50.0,39.0,12.0
-51.0,38.0,11.0
-51.0,36.0,14.0
-52.0,38.0,11.0
-50.0,40.0,11.0
-50.0,36.0,13.0
-53.0,35.0,15.0
-55.0,39.0,10.0
-51.0,40.0,10.0
-49.0,39.0,13.0
-48.0,38.0,13.0
-48.0,37.0,15.0
-47.0,38.0,15.0
-53.0,40.0,12.0
-54.0,40.0,11.0
-51.0,40.0,13.0
-46.0,41.0,14.0
-47.0,40.0,16.0
-48.0,40.0,15.0
-47.0,42.0,14.0
-45.0,42.0,15.0
-47.0,41.0,14.0
-49.0,39.0,16.0
-49.0,40.0,13.0
-50.0,40.0,15.0
-50.0,41.0,13.0
-50.0,40.0,14.0
-49.0,39.0,15.0
-50.0,40.0,14.0
-48.0,40.0,15.0
-49.0,38.0,16.0
-46.0,38.0,17.0
-51.0,38.0,16.0
-53.0,40.0,15.0
-47.0,39.0,17.0
-46.0,41.0,13.0
-50.0,37.0,16.0
-52.0,38.0,15.0
-51.0,38.0,15.0
-48.0,39.0,17.0
-50.0,39.0,14.0
-51.0,40.0,14.0
-49.0,38.0,16.0
-47.0,39.0,16.0
-51.0,38.0,16.0
-49.0,38.0,17.0
-48.0,40.0,15.0
-49.0,40.0,14.0
-49.0,39.0,16.0
-49.0,39.0,16.0
-50.0,38.0,15.0
-49.0,38.0,16.0
-51.0,39.0,14.0
-51.0,39.0,13.0
-49.0,38.0,15.0
-50.0,37.0,14.0
-49.0,38.0,14.0
-49.0,39.0,13.0
-52.0,37.0,12.0
-52.0,36.0,13.0
-53.0,37.0,12.0
-52.0,37.0,12.0
-49.0,39.0,12.0
-51.0,38.0,11.0
-52.0,37.0,12.0
-51.0,38.0,12.0
-52.0,38.0,12.0
-52.0,38.0,11.0
-51.0,38.0,12.0
-52.0,36.0,12.0
-52.0,36.0,12.0
-50.0,36.0,14.0
-51.0,37.0,13.0
-56.0,39.0,6.0
-53.0,39.0,9.0
-50.0,38.0,12.0
-49.0,38.0,13.0
-51.0,38.0,12.0
-53.0,37.0,11.0
-48.0,39.0,14.0
-49.0,39.0,13.0
-51.0,37.0,14.0
-51.0,37.0,14.0
-51.0,39.0,11.0
-50.0,39.0,12.0
-51.0,39.0,14.0
-51.0,37.0,13.0
-50.0,39.0,14.0
-50.0,39.0,13.0
-50.0,39.0,15.0
-50.0,39.0,13.0
-48.0,40.0,14.0
-50.0,40.0,13.0
-50.0,39.0,15.0
-49.0,38.0,15.0
-49.0,39.0,14.0
-49.0,40.0,13.0
-49.0,40.0,14.0
-50.0,39.0,14.0
-49.0,39.0,14.0
-50.0,39.0,14.0
-51.0,39.0,14.0
-49.0,39.0,14.0
-50.0,39.0,14.0
-50.0,38.0,15.0
-51.0,38.0,15.0
-51.0,39.0,15.0
-50.0,41.0,14.0
-44.0,41.0,16.0
-44.0,40.0,17.0
-49.0,40.0,15.0
-48.0,40.0,16.0
-48.0,40.0,15.0
-51.0,40.0,14.0
-48.0,40.0,15.0
-47.0,40.0,15.0
-48.0,40.0,14.0
-51.0,40.0,15.0
-49.0,39.0,15.0
-48.0,39.0,16.0
-48.0,40.0,15.0
-47.0,39.0,16.0
-52.0,39.0,15.0
-51.0,39.0,14.0
-47.0,41.0,15.0
-47.0,40.0,16.0
-46.0,40.0,17.0
-45.0,40.0,18.0
-52.0,40.0,14.0
-48.0,40.0,16.0
-44.0,40.0,17.0
-46.0,42.0,15.0
-48.0,41.0,16.0
-51.0,38.0,15.0
-49.0,39.0,15.0
-49.0,40.0,14.0
-50.0,39.0,15.0
-49.0,38.0,17.0
-49.0,39.0,16.0
-48.0,40.0,15.0
-51.0,40.0,14.0
-49.0,39.0,16.0
-49.0,40.0,15.0
-48.0,40.0,15.0
-50.0,41.0,15.0
-50.0,40.0,14.0
-45.0,40.0,16.0
-49.0,39.0,14.0
-49.0,39.0,17.0
-48.0,40.0,19.0
-46.0,42.0,17.0
-55.0,36.0,11.0
-43.0,37.0,27.0
-52.0,45.0,9.0
-49.0,42.0,13.0
-49.0,38.0,17.0
-49.0,40.0,13.0
-46.0,40.0,17.0
-49.0,38.0,16.0
-49.0,39.0,17.0
-51.0,38.0,15.0
-47.0,37.0,19.0
-51.0,39.0,15.0
-53.0,40.0,13.0
-44.0,40.0,18.0
-49.0,38.0,16.0
-53.0,40.0,13.0
-50.0,39.0,15.0
-50.0,38.0,17.0
-51.0,41.0,13.0
-50.0,39.0,16.0
-47.0,38.0,18.0
-46.0,40.0,17.0
-44.0,42.0,17.0
-48.0,39.0,16.0
-53.0,39.0,13.0
-50.0,39.0,14.0
-49.0,39.0,16.0
-53.0,37.0,14.0
-52.0,38.0,14.0
-48.0,38.0,17.0
-49.0,38.0,16.0
-48.0,39.0,17.0
-48.0,39.0,17.0
-49.0,39.0,17.0
-47.0,38.0,18.0
-49.0,38.0,16.0
-49.0,38.0,17.0
-49.0,40.0,16.0
-49.0,39.0,17.0
-48.0,40.0,17.0
-50.0,40.0,16.0
-48.0,39.0,17.0
-47.0,40.0,17.0
-50.0,38.0,17.0
-48.0,39.0,17.0
-49.0,40.0,16.0
-47.0,39.0,17.0
-48.0,39.0,17.0
-49.0,40.0,16.0
-49.0,40.0,16.0
-50.0,39.0,16.0
-48.0,39.0,17.0
-46.0,39.0,19.0
-47.0,39.0,17.0
-49.0,40.0,16.0
-46.0,38.0,18.0
-54.0,38.0,15.0
-54.0,38.0,14.0
-47.0,42.0,16.0
-45.0,40.0,18.0
-48.0,40.0,17.0
-50.0,41.0,15.0
-49.0,39.0,17.0
-51.0,39.0,15.0
-49.0,40.0,15.0
-46.0,39.0,18.0
-48.0,40.0,15.0
-49.0,39.0,16.0
-50.0,37.0,17.0
-49.0,39.0,16.0
-48.0,39.0,17.0
-51.0,39.0,15.0
-49.0,39.0,16.0
-50.0,39.0,16.0
-51.0,40.0,14.0
-49.0,38.0,16.0
-48.0,37.0,15.0
-50.0,38.0,15.0
-50.0,39.0,14.0
-49.0,39.0,12.0
-48.0,39.0,15.0
-52.0,39.0,12.0
-51.0,39.0,12.0
-47.0,39.0,14.0
-49.0,39.0,13.0
-53.0,37.0,13.0
-53.0,36.0,13.0
-52.0,36.0,13.0
-53.0,36.0,12.0
-53.0,35.0,13.0
-53.0,36.0,13.0
-52.0,36.0,13.0
-52.0,36.0,13.0
-52.0,35.0,14.0
-53.0,36.0,12.0
-52.0,36.0,14.0
-52.0,36.0,14.0
-51.0,37.0,16.0
-53.0,37.0,12.0
-52.0,37.0,15.0
-50.0,38.0,14.0
-49.0,37.0,16.0
-51.0,39.0,14.0
-47.0,39.0,15.0
-50.0,38.0,15.0
-52.0,39.0,13.0
-47.0,39.0,15.0
-48.0,39.0,14.0
-49.0,38.0,17.0
-50.0,38.0,15.0
-53.0,37.0,14.0
-50.0,38.0,16.0
-49.0,39.0,15.0
-50.0,40.0,14.0
-48.0,39.0,16.0
-49.0,40.0,14.0
-51.0,40.0,14.0
-49.0,39.0,16.0
-48.0,40.0,15.0
-47.0,40.0,15.0
-49.0,42.0,15.0
-47.0,41.0,14.0
-46.0,40.0,17.0
-44.0,40.0,19.0
-48.0,42.0,15.0
-47.0,41.0,16.0
-46.0,41.0,16.0
-47.0,41.0,16.0
-48.0,41.0,16.0
-48.0,40.0,15.0
-49.0,41.0,14.0
-48.0,41.0,15.0
-50.0,40.0,14.0
-47.0,40.0,16.0
-48.0,41.0,15.0
-48.0,40.0,14.0
-47.0,40.0,17.0
-50.0,40.0,14.0
-49.0,40.0,15.0
-49.0,40.0,15.0
-50.0,40.0,13.0
-48.0,40.0,16.0
-49.0,39.0,15.0
-48.0,40.0,15.0
-47.0,39.0,17.0
-49.0,40.0,14.0
-48.0,40.0,16.0
-50.0,40.0,14.0
-50.0,40.0,14.0
-46.0,41.0,15.0
-48.0,40.0,15.0
-53.0,39.0,14.0
-51.0,40.0,13.0
-48.0,40.0,16.0
-49.0,40.0,14.0
-46.0,41.0,15.0
-50.0,40.0,14.0
-48.0,40.0,16.0
-49.0,41.0,14.0
-50.0,41.0,14.0
-49.0,40.0,16.0
-49.0,41.0,15.0
-46.0,41.0,16.0
-44.0,41.0,18.0
-46.0,40.0,18.0
-47.0,41.0,17.0
-47.0,42.0,14.0
-50.0,40.0,14.0
-50.0,41.0,13.0
-47.0,41.0,14.0
-49.0,40.0,15.0
-48.0,40.0,14.0
-49.0,40.0,15.0
-49.0,41.0,14.0
-49.0,40.0,14.0
-49.0,41.0,15.0
-47.0,41.0,14.0
-47.0,41.0,16.0
-50.0,40.0,13.0
-48.0,40.0,14.0
-50.0,41.0,14.0
-51.0,40.0,13.0
-46.0,40.0,16.0
-49.0,40.0,14.0
-49.0,40.0,14.0
-48.0,40.0,15.0
-51.0,40.0,12.0
-47.0,40.0,15.0
-47.0,41.0,15.0
-49.0,40.0,13.0
-47.0,40.0,16.0
-50.0,40.0,13.0
-50.0,40.0,13.0
-49.0,41.0,14.0
-50.0,40.0,13.0
-47.0,40.0,16.0
-48.0,41.0,15.0
-49.0,40.0,13.0
-47.0,40.0,16.0
-50.0,40.0,13.0
-50.0,40.0,13.0
-48.0,40.0,15.0
-49.0,40.0,14.0
-47.0,40.0,15.0
-48.0,41.0,15.0
-50.0,40.0,14.0
-48.0,40.0,16.0
-50.0,40.0,13.0
-49.0,40.0,14.0
-48.0,40.0,15.0
-49.0,40.0,13.0
-47.0,41.0,16.0
-48.0,40.0,15.0
-49.0,40.0,14.0
-47.0,41.0,15.0
-50.0,40.0,13.0
-48.0,40.0,16.0
-48.0,40.0,14.0
-48.0,40.0,15.0
-47.0,40.0,16.0
-50.0,40.0,13.0
-49.0,40.0,15.0
-48.0,40.0,15.0
-49.0,40.0,13.0
-48.0,40.0,16.0
-50.0,40.0,14.0
-48.0,40.0,16.0
-47.0,40.0,17.0
-52.0,41.0,12.0
-47.0,41.0,14.0
-47.0,42.0,14.0
-50.0,41.0,14.0
-46.0,40.0,17.0
-47.0,40.0,16.0
-49.0,40.0,14.0
-50.0,40.0,14.0
-47.0,40.0,16.0
-49.0,40.0,15.0
-49.0,40.0,16.0
-48.0,40.0,16.0
-49.0,40.0,14.0
-47.0,39.0,16.0
-50.0,40.0,14.0
-51.0,40.0,12.0
-46.0,40.0,17.0
-50.0,40.0,12.0
-48.0,40.0,15.0
-50.0,40.0,14.0
-50.0,40.0,13.0
-48.0,39.0,15.0
-49.0,40.0,14.0
-49.0,40.0,14.0
-48.0,40.0,15.0
-50.0,40.0,13.0
-50.0,39.0,14.0
-49.0,40.0,14.0
-50.0,40.0,13.0
-49.0,39.0,15.0
-49.0,39.0,14.0
-49.0,40.0,14.0
-50.0,39.0,14.0
-50.0,40.0,13.0
-49.0,40.0,14.0
-50.0,39.0,13.0
-50.0,39.0,13.0
-50.0,39.0,14.0
-50.0,39.0,13.0
-48.0,39.0,14.0
-50.0,39.0,13.0
-50.0,39.0,14.0
-49.0,39.0,13.0
-48.0,39.0,14.0
-50.0,39.0,14.0
-51.0,38.0,13.0
-50.0,39.0,14.0
-50.0,39.0,12.0
-50.0,39.0,14.0
-50.0,38.0,14.0
-51.0,39.0,13.0
-49.0,38.0,15.0
-50.0,39.0,13.0
-49.0,39.0,14.0
-51.0,39.0,13.0
-51.0,39.0,12.0
-48.0,39.0,15.0
-51.0,39.0,12.0
-51.0,37.0,15.0
-49.0,39.0,15.0
-50.0,39.0,12.0
-50.0,38.0,15.0
-50.0,39.0,13.0
-50.0,39.0,13.0
-49.0,39.0,15.0
-50.0,39.0,14.0
-49.0,38.0,15.0
-49.0,39.0,15.0
-50.0,39.0,13.0
-48.0,40.0,14.0
-51.0,39.0,13.0
-51.0,39.0,13.0
-47.0,39.0,16.0
-50.0,39.0,14.0
-49.0,40.0,14.0
-50.0,39.0,15.0
-50.0,40.0,14.0
-47.0,40.0,16.0
-50.0,39.0,14.0
-49.0,40.0,14.0
-47.0,40.0,16.0
-50.0,39.0,15.0
-50.0,40.0,15.0
-49.0,39.0,15.0
-49.0,40.0,15.0
-49.0,40.0,14.0
-49.0,40.0,14.0
-49.0,40.0,15.0
-49.0,40.0,15.0
-49.0,40.0,16.0
-48.0,40.0,16.0
-50.0,38.0,16.0
-48.0,40.0,16.0
-49.0,41.0,13.0
-48.0,40.0,15.0
-47.0,41.0,15.0
-48.0,41.0,14.0
-47.0,39.0,16.0
-49.0,39.0,16.0
-49.0,41.0,14.0
-49.0,40.0,15.0
-48.0,40.0,16.0
-49.0,40.0,15.0
-48.0,40.0,16.0
-49.0,40.0,15.0
-49.0,40.0,15.0
-47.0,40.0,16.0
-48.0,39.0,16.0
-49.0,40.0,15.0
-48.0,40.0,16.0
-49.0,41.0,16.0
-49.0,40.0,15.0
-47.0,40.0,17.0
-49.0,41.0,16.0
-48.0,40.0,15.0
-46.0,40.0,17.0
-50.0,40.0,14.0
-48.0,40.0,15.0
-49.0,40.0,15.0
-50.0,40.0,14.0
-48.0,39.0,17.0
-49.0,40.0,16.0
-49.0,40.0,15.0
-48.0,39.0,16.0
-49.0,40.0,14.0
-49.0,40.0,14.0
-50.0,40.0,15.0
-51.0,40.0,13.0
-48.0,39.0,16.0
-49.0,39.0,16.0
-49.0,41.0,13.0
-47.0,40.0,15.0
-49.0,40.0,16.0
-49.0,41.0,14.0
-47.0,38.0,18.0
-49.0,41.0,14.0
-49.0,39.0,15.0
-47.0,41.0,15.0
-49.0,41.0,14.0
-48.0,39.0,15.0
-48.0,39.0,17.0
-49.0,41.0,13.0
-48.0,39.0,15.0
-49.0,40.0,16.0
-49.0,41.0,14.0
-48.0,38.0,17.0
-49.0,40.0,15.0
-49.0,39.0,14.0
-48.0,39.0,16.0
-49.0,41.0,14.0
-49.0,39.0,14.0
-49.0,39.0,15.0
-49.0,40.0,15.0
-47.0,39.0,15.0
-50.0,39.0,15.0
-49.0,40.0,14.0
-48.0,39.0,15.0
-50.0,39.0,15.0
-49.0,40.0,14.0
-49.0,39.0,16.0
-51.0,39.0,14.0
-48.0,39.0,16.0
-50.0,39.0,15.0
-50.0,40.0,14.0
-50.0,39.0,15.0
-50.0,39.0,15.0
-48.0,39.0,15.0
-48.0,38.0,17.0
-50.0,40.0,15.0
-50.0,40.0,14.0
-48.0,38.0,18.0
-51.0,40.0,15.0
-49.0,39.0,16.0
-47.0,39.0,18.0
-50.0,39.0,15.0
-49.0,39.0,16.0
-49.0,39.0,16.0
-50.0,40.0,14.0
-48.0,38.0,18.0
-49.0,39.0,17.0
-50.0,40.0,14.0
-47.0,40.0,16.0
-50.0,38.0,16.0
-51.0,39.0,15.0
-46.0,40.0,17.0
-47.0,40.0,16.0
-48.0,40.0,15.0
-48.0,40.0,15.0
-48.0,39.0,16.0
-50.0,39.0,15.0
-49.0,40.0,15.0
-49.0,39.0,15.0
-49.0,39.0,16.0
-49.0,39.0,16.0
-48.0,40.0,15.0
-48.0,39.0,16.0
-49.0,39.0,15.0
-49.0,40.0,15.0
-49.0,39.0,15.0
-48.0,39.0,16.0
-49.0,40.0,15.0
-49.0,40.0,14.0
-49.0,39.0,15.0
-49.0,38.0,16.0
-50.0,37.0,16.0
-49.0,37.0,17.0
-49.0,39.0,15.0
-53.0,37.0,15.0
-53.0,35.0,17.0
-49.0,36.0,19.0
-50.0,37.0,16.0
-49.0,37.0,17.0
-49.0,37.0,17.0
-52.0,37.0,16.0
-50.0,36.0,18.0
-51.0,37.0,16.0
-49.0,38.0,16.0
-51.0,38.0,14.0
-50.0,38.0,15.0
-51.0,38.0,15.0
-52.0,37.0,14.0
-48.0,38.0,16.0
-48.0,38.0,17.0
-52.0,36.0,16.0
-51.0,37.0,16.0
-51.0,38.0,15.0
-50.0,38.0,14.0
-50.0,39.0,13.0
-49.0,37.0,16.0
-50.0,36.0,17.0
-52.0,36.0,15.0
-52.0,37.0,15.0
-50.0,38.0,15.0
-52.0,38.0,13.0
-50.0,37.0,14.0
-50.0,37.0,15.0
-52.0,37.0,13.0
-52.0,37.0,13.0
-50.0,38.0,14.0
-51.0,37.0,14.0
-49.0,38.0,14.0
-51.0,39.0,13.0
-54.0,36.0,14.0
-51.0,36.0,14.0
-48.0,42.0,10.0
-50.0,39.0,15.0
-55.0,35.0,16.0
-53.0,35.0,15.0
-52.0,39.0,12.0
-48.0,40.0,14.0
-49.0,38.0,15.0
-48.0,38.0,16.0
-46.0,39.0,17.0
-47.0,40.0,15.0
-50.0,40.0,16.0
-49.0,41.0,15.0
-48.0,41.0,17.0
-48.0,41.0,16.0
-47.0,41.0,15.0
-47.0,41.0,16.0
-49.0,42.0,14.0
-44.0,42.0,17.0
-46.0,42.0,16.0
-49.0,41.0,14.0
-47.0,42.0,14.0
-43.0,41.0,17.0
-51.0,41.0,13.0
-50.0,39.0,16.0
-49.0,40.0,18.0
-49.0,41.0,13.0
-44.0,40.0,18.0
-49.0,37.0,17.0
-54.0,36.0,15.0
-56.0,36.0,14.0
-53.0,35.0,17.0
-51.0,36.0,16.0
-50.0,36.0,16.0
-45.0,41.0,15.0
-47.0,39.0,15.0
-52.0,37.0,15.0
-51.0,38.0,15.0
-52.0,41.0,12.0
-49.0,39.0,14.0
-50.0,38.0,15.0
-48.0,40.0,15.0
-49.0,39.0,15.0
-50.0,39.0,15.0
-51.0,40.0,13.0
-49.0,39.0,16.0
-49.0,40.0,15.0
-48.0,39.0,16.0
-48.0,37.0,17.0
-49.0,39.0,16.0
-49.0,39.0,15.0
-51.0,39.0,16.0
-50.0,39.0,15.0
-49.0,38.0,17.0
-50.0,38.0,17.0
-48.0,38.0,16.0
-50.0,38.0,17.0
-49.0,39.0,16.0
-48.0,39.0,17.0
-49.0,40.0,16.0
-48.0,39.0,17.0
-50.0,39.0,15.0
-47.0,40.0,17.0
-49.0,39.0,16.0
-50.0,38.0,16.0
-46.0,40.0,18.0
-50.0,38.0,15.0
-50.0,40.0,16.0
-47.0,39.0,18.0
-49.0,39.0,17.0
-49.0,40.0,16.0
-52.0,37.0,17.0
-47.0,41.0,17.0
-45.0,40.0,19.0
-50.0,39.0,16.0
-49.0,40.0,15.0
-46.0,39.0,19.0
-52.0,38.0,15.0
-47.0,40.0,17.0
-48.0,39.0,17.0
-48.0,40.0,16.0
-48.0,39.0,17.0
-49.0,41.0,15.0
-50.0,39.0,15.0
-47.0,40.0,17.0
-49.0,41.0,15.0
-49.0,38.0,17.0
-50.0,40.0,16.0
-48.0,39.0,16.0
-50.0,39.0,16.0
-48.0,39.0,16.0
-50.0,38.0,16.0
-49.0,40.0,16.0
-49.0,40.0,15.0
-49.0,39.0,16.0
-49.0,39.0,17.0
-49.0,39.0,15.0
-49.0,39.0,16.0
-50.0,38.0,16.0
-50.0,39.0,15.0
-49.0,39.0,16.0
-50.0,38.0,15.0
-51.0,37.0,16.0
-51.0,37.0,15.0
-48.0,38.0,17.0
-51.0,37.0,16.0
-51.0,37.0,16.0
-50.0,37.0,16.0
-52.0,37.0,15.0
-49.0,37.0,17.0
-49.0,38.0,16.0
-50.0,37.0,16.0
-50.0,38.0,15.0
-51.0,38.0,16.0
-50.0,37.0,17.0
-48.0,39.0,15.0
-48.0,38.0,17.0
-52.0,38.0,15.0
-50.0,38.0,16.0
-50.0,38.0,16.0
-50.0,38.0,16.0
-49.0,38.0,17.0
-48.0,38.0,17.0
-50.0,39.0,16.0
-49.0,38.0,16.0
-50.0,39.0,16.0
-48.0,38.0,17.0
-50.0,39.0,16.0
-48.0,38.0,17.0
-49.0,38.0,17.0
-49.0,39.0,17.0
-50.0,39.0,16.0
-51.0,38.0,16.0
-49.0,40.0,16.0
-48.0,39.0,17.0
-49.0,38.0,18.0
-49.0,40.0,15.0
-47.0,40.0,16.0
-49.0,39.0,17.0
-49.0,40.0,15.0
-49.0,38.0,19.0
-48.0,39.0,18.0
-48.0,40.0,17.0
-48.0,37.0,19.0
-50.0,39.0,16.0
-47.0,41.0,16.0
-48.0,40.0,16.0
-50.0,40.0,15.0
-49.0,41.0,16.0
-49.0,39.0,16.0
-48.0,40.0,17.0
-48.0,40.0,17.0
-49.0,39.0,17.0
-48.0,38.0,17.0
-50.0,39.0,16.0
-50.0,39.0,16.0
-45.0,36.0,22.0
-52.0,36.0,18.0
-47.0,39.0,18.0
-52.0,38.0,16.0
-49.0,37.0,17.0
-49.0,38.0,17.0
-52.0,39.0,15.0
-47.0,39.0,17.0
-48.0,38.0,18.0
-51.0,38.0,15.0
-51.0,38.0,16.0
-50.0,39.0,16.0
-49.0,37.0,17.0
-49.0,39.0,17.0
-48.0,39.0,17.0
-50.0,39.0,16.0
-49.0,40.0,16.0
-47.0,40.0,18.0
-48.0,40.0,17.0
-47.0,39.0,18.0
-50.0,39.0,17.0
-49.0,41.0,15.0
-48.0,40.0,17.0
-50.0,39.0,16.0
-49.0,40.0,15.0
-49.0,39.0,17.0
-49.0,38.0,16.0
-48.0,39.0,17.0
-50.0,39.0,15.0
-49.0,39.0,17.0
-48.0,39.0,17.0
-49.0,39.0,16.0
-46.0,40.0,17.0
-51.0,38.0,15.0
-50.0,40.0,14.0
-49.0,39.0,15.0
-48.0,36.0,17.0
-51.0,39.0,15.0
-50.0,38.0,15.0
-51.0,38.0,16.0
-51.0,40.0,14.0
-49.0,38.0,16.0
-49.0,39.0,16.0
-50.0,39.0,15.0
-50.0,37.0,16.0
-51.0,40.0,15.0
-46.0,36.0,19.0
-49.0,36.0,19.0
-51.0,39.0,14.0
-49.0,37.0,16.0
-49.0,38.0,16.0
-51.0,38.0,16.0
-48.0,38.0,16.0
-51.0,37.0,16.0
-51.0,40.0,13.0
-48.0,39.0,15.0
-51.0,38.0,16.0
-50.0,40.0,14.0
-48.0,39.0,17.0
-49.0,38.0,16.0
-50.0,39.0,16.0
-49.0,39.0,16.0
-49.0,38.0,17.0
-52.0,38.0,15.0
-51.0,39.0,14.0
-50.0,37.0,18.0
-49.0,37.0,17.0
-49.0,38.0,16.0
-50.0,38.0,16.0
-51.0,37.0,16.0
-50.0,36.0,17.0
-50.0,39.0,15.0
-49.0,37.0,16.0
-51.0,38.0,15.0
-50.0,39.0,15.0
-49.0,37.0,17.0
-50.0,39.0,15.0
-50.0,38.0,15.0
-51.0,37.0,16.0
-48.0,38.0,16.0
-47.0,39.0,16.0
-53.0,37.0,14.0
-50.0,38.0,15.0
-51.0,38.0,14.0
-53.0,37.0,14.0
-49.0,38.0,15.0
-49.0,38.0,15.0
-50.0,38.0,16.0
-48.0,38.0,15.0
-50.0,37.0,17.0
-48.0,39.0,16.0
-51.0,37.0,14.0
-50.0,39.0,16.0
-48.0,40.0,15.0
-49.0,39.0,15.0
-48.0,39.0,17.0
-51.0,40.0,14.0
-49.0,40.0,15.0
-45.0,40.0,16.0
-49.0,39.0,16.0
-50.0,39.0,15.0
-49.0,37.0,17.0
-52.0,39.0,14.0
-51.0,40.0,13.0
-48.0,37.0,17.0
-50.0,38.0,15.0
-49.0,38.0,15.0
-50.0,39.0,15.0
-52.0,39.0,13.0
-48.0,38.0,16.0
-49.0,39.0,15.0
-52.0,39.0,12.0
-51.0,38.0,16.0
-50.0,39.0,14.0
-49.0,39.0,14.0
-48.0,38.0,17.0
-51.0,39.0,13.0
-49.0,37.0,16.0
-49.0,39.0,16.0
-51.0,40.0,14.0
-47.0,38.0,18.0
-48.0,41.0,15.0
-48.0,40.0,16.0
-48.0,41.0,16.0
-50.0,41.0,13.0
-48.0,39.0,16.0
-46.0,40.0,16.0
-48.0,40.0,17.0
-48.0,40.0,15.0
-47.0,39.0,17.0
-45.0,38.0,20.0
-49.0,35.0,18.0
-56.0,44.0,8.0
-49.0,42.0,13.0
-51.0,41.0,13.0
-46.0,40.0,17.0
-47.0,40.0,16.0
-53.0,41.0,12.0
-53.0,39.0,12.0
-48.0,39.0,18.0
-48.0,40.0,16.0
-47.0,39.0,17.0
-51.0,39.0,16.0
-46.0,40.0,17.0
-43.0,39.0,19.0
-48.0,38.0,18.0
-50.0,39.0,17.0
-49.0,41.0,16.0
-47.0,39.0,17.0
-47.0,40.0,18.0
-48.0,40.0,16.0
-50.0,37.0,18.0
-51.0,40.0,15.0
-50.0,38.0,15.0
-47.0,40.0,17.0
-49.0,40.0,15.0
-49.0,38.0,17.0
-49.0,40.0,16.0
-51.0,37.0,16.0
-49.0,38.0,16.0
-48.0,40.0,16.0
-49.0,37.0,17.0
-48.0,40.0,16.0
-47.0,39.0,16.0
-49.0,38.0,17.0
-49.0,40.0,15.0
-49.0,38.0,17.0
-51.0,39.0,15.0
-48.0,38.0,15.0
-53.0,38.0,16.0
-49.0,39.0,15.0
-51.0,39.0,16.0
-54.0,39.0,15.0
-51.0,39.0,14.0
-48.0,38.0,18.0
-49.0,38.0,17.0
-47.0,38.0,18.0
-48.0,38.0,18.0
-48.0,38.0,19.0
-48.0,39.0,18.0
-49.0,38.0,18.0
-49.0,39.0,18.0
-49.0,38.0,18.0
-48.0,38.0,20.0
-47.0,39.0,18.0
-48.0,38.0,19.0
-49.0,38.0,20.0
-49.0,38.0,19.0
-51.0,38.0,18.0
-47.0,40.0,18.0
-45.0,38.0,21.0
-52.0,39.0,16.0
-50.0,37.0,17.0
-49.0,39.0,18.0
-47.0,39.0,16.0
-47.0,39.0,18.0
-48.0,38.0,19.0
-52.0,38.0,18.0
-47.0,37.0,20.0
-52.0,37.0,19.0
-50.0,35.0,18.0
-55.0,39.0,16.0
-53.0,40.0,13.0
-44.0,39.0,20.0
-45.0,41.0,19.0
-49.0,40.0,18.0
-44.0,38.0,22.0
-48.0,41.0,19.0
-49.0,40.0,17.0
-46.0,38.0,22.0
-49.0,40.0,17.0
-49.0,37.0,20.0
-48.0,42.0,18.0
-47.0,39.0,18.0
-50.0,38.0,19.0
-47.0,41.0,20.0
-49.0,38.0,19.0
-48.0,39.0,19.0
-45.0,40.0,19.0
-49.0,39.0,19.0
-48.0,40.0,18.0
-45.0,40.0,20.0
-49.0,39.0,19.0
-47.0,40.0,18.0
-48.0,38.0,20.0
-49.0,38.0,19.0
-47.0,41.0,18.0
-46.0,39.0,19.0
-49.0,38.0,19.0
-49.0,39.0,18.0
-48.0,39.0,18.0
-50.0,39.0,18.0
-47.0,40.0,19.0
-47.0,38.0,19.0
-48.0,40.0,17.0
-48.0,40.0,19.0
-50.0,39.0,18.0
-47.0,39.0,18.0
-48.0,39.0,18.0
-48.0,40.0,18.0
-45.0,41.0,19.0
-50.0,39.0,17.0
-50.0,40.0,16.0
-47.0,40.0,19.0
-48.0,38.0,19.0
-49.0,37.0,19.0
-51.0,40.0,17.0
-47.0,38.0,18.0
-48.0,39.0,18.0
-48.0,40.0,16.0
-50.0,39.0,16.0
-49.0,40.0,17.0
-47.0,39.0,17.0
-49.0,40.0,16.0
-47.0,40.0,16.0
-49.0,39.0,16.0
-48.0,39.0,15.0
-49.0,39.0,15.0
-51.0,39.0,15.0
-48.0,38.0,16.0
-52.0,40.0,13.0
-48.0,37.0,17.0
-51.0,39.0,14.0
-49.0,39.0,14.0
-50.0,38.0,15.0
-51.0,38.0,14.0
-50.0,39.0,15.0
-51.0,37.0,15.0
-51.0,38.0,14.0
-50.0,37.0,16.0
-49.0,38.0,13.0
-51.0,37.0,14.0
-51.0,38.0,15.0
-50.0,38.0,15.0
-50.0,38.0,15.0
-53.0,37.0,15.0
-52.0,39.0,13.0
-49.0,37.0,15.0
-51.0,37.0,15.0
-51.0,38.0,15.0
-50.0,38.0,15.0
-49.0,37.0,15.0
-51.0,39.0,14.0
-50.0,38.0,15.0
-50.0,38.0,15.0
-49.0,38.0,16.0
-50.0,39.0,14.0
-49.0,38.0,15.0
-51.0,38.0,15.0
-51.0,39.0,14.0
-48.0,38.0,16.0
-49.0,39.0,16.0
-50.0,38.0,16.0
-47.0,38.0,17.0
-51.0,38.0,15.0
-48.0,38.0,16.0
-51.0,38.0,15.0
-50.0,38.0,16.0
-49.0,37.0,16.0
-51.0,37.0,15.0
-49.0,38.0,15.0
-50.0,38.0,15.0
-50.0,38.0,15.0
-51.0,38.0,14.0
-52.0,38.0,15.0
-48.0,38.0,15.0
-51.0,38.0,15.0
-51.0,38.0,13.0
-50.0,37.0,15.0
-50.0,39.0,13.0
-51.0,37.0,14.0
-52.0,39.0,13.0
-51.0,39.0,13.0
-48.0,38.0,16.0
-49.0,38.0,15.0
-51.0,38.0,13.0
-50.0,38.0,14.0
-51.0,38.0,14.0
-51.0,38.0,13.0
-51.0,38.0,15.0
-52.0,38.0,13.0
-49.0,38.0,14.0
-48.0,38.0,15.0
-51.0,38.0,13.0
-51.0,38.0,13.0
-50.0,38.0,15.0
-52.0,38.0,12.0
-51.0,37.0,14.0
-51.0,37.0,14.0
-52.0,37.0,13.0
-49.0,37.0,16.0
-50.0,37.0,15.0
-52.0,37.0,13.0
-50.0,37.0,15.0
-52.0,36.0,13.0
-54.0,36.0,13.0
-51.0,37.0,15.0
-51.0,36.0,14.0
-51.0,37.0,16.0
-51.0,37.0,15.0
-51.0,37.0,15.0
-51.0,37.0,15.0
-52.0,36.0,14.0
-51.0,36.0,16.0
-51.0,37.0,15.0
-51.0,37.0,15.0
-51.0,37.0,16.0
-51.0,37.0,15.0
-50.0,37.0,16.0
-50.0,37.0,16.0
-51.0,38.0,14.0
-50.0,37.0,15.0
-51.0,37.0,15.0
-51.0,37.0,15.0
-50.0,38.0,15.0
-50.0,37.0,15.0
-51.0,37.0,15.0
-51.0,38.0,14.0
-51.0,37.0,15.0
-52.0,37.0,14.0
-50.0,38.0,15.0
-51.0,37.0,15.0
-51.0,37.0,16.0
-48.0,38.0,17.0
-49.0,37.0,16.0
-53.0,37.0,14.0
-50.0,37.0,16.0
-50.0,37.0,16.0
-51.0,37.0,15.0
-50.0,38.0,15.0
-51.0,37.0,15.0
-51.0,37.0,14.0
-51.0,37.0,15.0
-51.0,37.0,15.0
-51.0,38.0,14.0
-51.0,36.0,16.0
-51.0,37.0,15.0
-51.0,37.0,15.0
-51.0,36.0,15.0
-51.0,37.0,14.0
-50.0,37.0,15.0
-51.0,37.0,14.0
-52.0,37.0,13.0
-51.0,37.0,14.0
-52.0,37.0,14.0
-51.0,37.0,15.0
-50.0,36.0,15.0
-52.0,36.0,14.0
-52.0,37.0,13.0
-52.0,37.0,14.0
-52.0,36.0,15.0
-52.0,37.0,14.0
-51.0,37.0,15.0
-51.0,37.0,14.0
-51.0,37.0,15.0
-52.0,37.0,13.0
-50.0,37.0,16.0
-52.0,37.0,13.0
-50.0,37.0,16.0
-50.0,37.0,15.0
-51.0,37.0,15.0
-51.0,37.0,15.0
-51.0,37.0,15.0
-51.0,37.0,15.0
-51.0,36.0,15.0
-51.0,36.0,14.0
-52.0,37.0,15.0
-51.0,36.0,15.0
-51.0,37.0,15.0
-51.0,37.0,16.0
-51.0,37.0,15.0
-50.0,37.0,16.0
-51.0,37.0,14.0
-52.0,37.0,15.0
-50.0,37.0,15.0
-52.0,37.0,14.0
-51.0,37.0,16.0
-51.0,37.0,15.0
-50.0,37.0,15.0
-51.0,37.0,15.0
-52.0,37.0,14.0
-49.0,36.0,18.0
-52.0,37.0,15.0
-50.0,38.0,16.0
-48.0,38.0,17.0
-51.0,37.0,15.0
-51.0,37.0,15.0
-51.0,37.0,15.0
-51.0,37.0,15.0
-51.0,37.0,15.0
-51.0,37.0,15.0
-50.0,37.0,16.0
-51.0,37.0,16.0
-51.0,38.0,15.0
-49.0,38.0,16.0
-50.0,37.0,16.0
-50.0,37.0,17.0
-51.0,39.0,14.0
-49.0,38.0,15.0
-50.0,37.0,17.0
-53.0,39.0,13.0
-48.0,38.0,17.0
-49.0,37.0,17.0
-50.0,39.0,14.0
-49.0,38.0,16.0
-50.0,37.0,16.0
-52.0,38.0,14.0
-49.0,37.0,16.0
-50.0,38.0,15.0
-51.0,38.0,15.0
-50.0,38.0,15.0
-49.0,37.0,16.0
-52.0,37.0,14.0
-51.0,37.0,15.0
-50.0,38.0,16.0
-51.0,38.0,13.0
-51.0,37.0,15.0
-51.0,37.0,14.0
-51.0,37.0,15.0
-52.0,37.0,13.0
-49.0,37.0,16.0
-50.0,37.0,15.0
-51.0,37.0,13.0
-51.0,37.0,16.0
-52.0,37.0,13.0
-52.0,37.0,14.0
-50.0,37.0,15.0
-52.0,37.0,14.0
-50.0,37.0,16.0
-51.0,37.0,14.0
-52.0,37.0,14.0
-50.0,37.0,15.0
-51.0,37.0,15.0
-52.0,37.0,14.0
-50.0,36.0,16.0
-51.0,37.0,16.0
-52.0,37.0,14.0
-51.0,37.0,15.0
-50.0,37.0,15.0
-51.0,37.0,14.0
-50.0,37.0,15.0
-51.0,37.0,16.0
-51.0,37.0,15.0
-51.0,37.0,16.0
-51.0,37.0,15.0
-51.0,37.0,15.0
-51.0,37.0,16.0
-52.0,37.0,15.0
-51.0,36.0,15.0
-50.0,37.0,17.0
-51.0,37.0,15.0
-50.0,37.0,17.0
-49.0,37.0,18.0
-51.0,37.0,15.0
-49.0,37.0,17.0
-52.0,38.0,15.0
-52.0,37.0,15.0
-51.0,38.0,15.0
-51.0,37.0,15.0
-50.0,37.0,17.0
-51.0,37.0,16.0
-50.0,37.0,16.0
-49.0,37.0,16.0
-51.0,37.0,15.0
-50.0,37.0,17.0
-51.0,37.0,15.0
-50.0,37.0,16.0
-50.0,37.0,16.0
-50.0,37.0,15.0
-50.0,37.0,17.0
-53.0,38.0,13.0
-51.0,38.0,14.0
-50.0,38.0,16.0
-50.0,38.0,15.0
-49.0,37.0,17.0
-50.0,38.0,15.0
-49.0,38.0,16.0
-51.0,37.0,15.0
-51.0,37.0,15.0
-50.0,38.0,16.0
-51.0,37.0,15.0
-51.0,37.0,16.0
-51.0,37.0,14.0
-50.0,37.0,15.0
-51.0,37.0,16.0
-51.0,37.0,14.0
-49.0,37.0,16.0
-51.0,38.0,15.0
-51.0,37.0,14.0
-48.0,38.0,17.0
-51.0,38.0,13.0
-51.0,38.0,13.0
-49.0,37.0,18.0
-50.0,37.0,16.0
-51.0,36.0,16.0
-51.0,36.0,16.0
-52.0,37.0,15.0
-50.0,37.0,16.0
-51.0,37.0,15.0
-51.0,37.0,15.0
-51.0,36.0,16.0
-51.0,37.0,16.0
-51.0,37.0,15.0
-51.0,36.0,15.0
-50.0,36.0,16.0
-52.0,36.0,15.0
-51.0,37.0,15.0
-50.0,37.0,16.0
-51.0,37.0,15.0
-50.0,37.0,16.0
-50.0,37.0,16.0
-50.0,38.0,16.0
-50.0,37.0,16.0
-50.0,37.0,16.0
-50.0,37.0,16.0
-50.0,38.0,16.0
-50.0,38.0,16.0
-50.0,38.0,16.0
-50.0,37.0,16.0
-49.0,38.0,17.0
-50.0,38.0,15.0
-51.0,37.0,15.0
-49.0,37.0,16.0
-49.0,38.0,16.0
-50.0,38.0,14.0
-50.0,37.0,15.0
-51.0,38.0,15.0
-51.0,37.0,14.0
-50.0,38.0,16.0
-50.0,37.0,15.0
-50.0,38.0,15.0
-50.0,37.0,15.0
-51.0,37.0,15.0
-51.0,38.0,15.0
-50.0,37.0,15.0
-51.0,37.0,15.0
-51.0,37.0,15.0
-51.0,37.0,14.0
-51.0,37.0,15.0
-50.0,37.0,16.0
-51.0,37.0,14.0
-51.0,37.0,14.0
-51.0,37.0,14.0
-51.0,37.0,14.0
-50.0,37.0,15.0
-52.0,38.0,13.0
-50.0,37.0,15.0
-50.0,37.0,15.0
-51.0,38.0,13.0
-50.0,38.0,13.0
-50.0,37.0,14.0
-52.0,37.0,12.0
-51.0,36.0,15.0
-50.0,37.0,15.0
-53.0,36.0,14.0
-52.0,36.0,12.0
-52.0,36.0,13.0
-53.0,36.0,13.0
-51.0,36.0,13.0
-52.0,36.0,14.0
-53.0,35.0,13.0
-51.0,36.0,13.0
-51.0,36.0,14.0
-53.0,36.0,13.0
-53.0,36.0,14.0
-52.0,36.0,13.0
-51.0,36.0,14.0
-53.0,36.0,14.0
-53.0,36.0,14.0
-52.0,36.0,15.0
-50.0,37.0,15.0
-49.0,38.0,14.0
-50.0,38.0,14.0
-51.0,37.0,15.0
-50.0,37.0,13.0
-50.0,38.0,16.0
-52.0,38.0,13.0
-49.0,38.0,15.0
-49.0,38.0,16.0
-50.0,37.0,14.0
-52.0,38.0,13.0
-50.0,38.0,14.0
-51.0,38.0,14.0
-51.0,37.0,15.0
-51.0,38.0,13.0
-51.0,37.0,14.0
-51.0,37.0,14.0
-52.0,38.0,13.0
-50.0,38.0,15.0
-52.0,37.0,13.0
-51.0,37.0,15.0
-48.0,39.0,14.0
-50.0,39.0,12.0
-51.0,38.0,14.0
-51.0,39.0,12.0
-49.0,39.0,12.0
-50.0,39.0,13.0
-51.0,39.0,13.0
-49.0,39.0,14.0
-49.0,39.0,14.0
-51.0,38.0,13.0
-50.0,38.0,14.0
-51.0,39.0,13.0
-51.0,38.0,13.0
-50.0,39.0,14.0
-51.0,39.0,13.0
-50.0,37.0,14.0
-50.0,38.0,15.0
-50.0,38.0,13.0
-50.0,38.0,13.0
-51.0,38.0,13.0
-51.0,38.0,13.0
-51.0,37.0,13.0
-51.0,37.0,14.0
-52.0,38.0,14.0
-50.0,38.0,14.0
-51.0,38.0,13.0
-51.0,37.0,15.0
-51.0,37.0,15.0
-50.0,38.0,13.0
-51.0,38.0,15.0
-51.0,37.0,14.0
-50.0,38.0,14.0
-51.0,37.0,15.0
-51.0,37.0,14.0
-51.0,38.0,14.0
-50.0,38.0,14.0
-50.0,38.0,15.0
-49.0,38.0,15.0
-50.0,38.0,15.0
-49.0,38.0,15.0
-52.0,38.0,13.0
-54.0,40.0,10.0
-48.0,39.0,15.0
-48.0,39.0,15.0
-51.0,38.0,14.0
-51.0,38.0,14.0
-50.0,39.0,14.0
-50.0,39.0,14.0
-49.0,39.0,15.0
-48.0,39.0,15.0
-50.0,39.0,14.0
-49.0,38.0,14.0
-50.0,38.0,14.0
-52.0,38.0,13.0
-51.0,38.0,15.0
-51.0,38.0,13.0
-51.0,38.0,13.0
-51.0,37.0,15.0
-52.0,37.0,14.0
-50.0,39.0,12.0
-50.0,39.0,12.0
-51.0,38.0,13.0
-50.0,38.0,13.0
-50.0,39.0,13.0
-51.0,39.0,12.0
-50.0,38.0,14.0
-50.0,39.0,13.0
-50.0,39.0,12.0
-50.0,39.0,12.0
-51.0,38.0,12.0
-50.0,39.0,13.0
-50.0,39.0,12.0
-49.0,40.0,11.0
-50.0,39.0,11.0
-51.0,38.0,12.0
-50.0,37.0,12.0
-50.0,39.0,12.0
-52.0,37.0,11.0
-52.0,37.0,11.0
-51.0,37.0,12.0
-52.0,37.0,11.0
-53.0,37.0,9.0
-58.0,35.0,8.0
-55.0,35.0,10.0
-54.0,37.0,8.0
-53.0,39.0,11.0
-53.0,41.0,9.0
-52.0,41.0,8.0
-49.0,37.0,9.0
-51.0,36.0,7.0
-35.0,40.0,14.0
-55.0,40.0,15.0
-51.0,37.0,10.0
-56.0,39.0,7.0
-47.0,36.0,9.0
-49.0,36.0,11.0
-48.0,36.0,14.0
-49.0,38.0,12.0
-50.0,40.0,19.0
-50.0,41.0,22.0
-47.0,42.0,16.0
-51.0,44.0,14.0
-45.0,42.0,13.0
-46.0,41.0,15.0
-48.0,40.0,15.0
-50.0,40.0,13.0
-48.0,41.0,14.0
-47.0,40.0,15.0
-54.0,42.0,12.0
-53.0,42.0,11.0
-47.0,40.0,16.0
-46.0,40.0,18.0
-45.0,40.0,18.0
-49.0,40.0,18.0
-47.0,40.0,17.0
-49.0,41.0,15.0
-49.0,41.0,15.0
-47.0,39.0,16.0
-49.0,39.0,17.0
-49.0,39.0,16.0
-49.0,39.0,15.0
-49.0,39.0,16.0
-50.0,39.0,15.0
-49.0,39.0,16.0
-49.0,39.0,16.0
-50.0,39.0,14.0
-49.0,40.0,15.0
-49.0,39.0,15.0
-51.0,39.0,13.0
-49.0,39.0,16.0
-50.0,39.0,14.0
-49.0,39.0,15.0
-49.0,39.0,16.0
-52.0,39.0,14.0
-50.0,39.0,15.0
-49.0,39.0,15.0
-51.0,39.0,13.0
-48.0,39.0,15.0
-48.0,39.0,16.0
-50.0,39.0,14.0
-48.0,39.0,16.0
-51.0,39.0,13.0
-48.0,39.0,16.0
-49.0,39.0,16.0
-51.0,39.0,13.0
-49.0,38.0,15.0
-51.0,39.0,14.0
-50.0,38.0,14.0
-49.0,39.0,15.0
-51.0,39.0,13.0
-48.0,39.0,16.0
-50.0,39.0,15.0
-49.0,39.0,14.0
-48.0,39.0,16.0
-51.0,39.0,12.0
-51.0,39.0,14.0
-49.0,39.0,15.0
-50.0,39.0,13.0
-48.0,39.0,16.0
-50.0,39.0,14.0
-51.0,39.0,14.0
-49.0,39.0,15.0
-50.0,38.0,15.0
-51.0,39.0,14.0
-49.0,39.0,15.0
-51.0,39.0,14.0
-49.0,39.0,15.0
-47.0,39.0,15.0
-50.0,39.0,14.0
-50.0,39.0,15.0
-51.0,39.0,14.0
-50.0,39.0,13.0
-50.0,39.0,14.0
-51.0,39.0,14.0
-50.0,39.0,14.0
-49.0,39.0,14.0
-50.0,38.0,14.0
-51.0,38.0,13.0
-50.0,38.0,14.0
-50.0,38.0,14.0
-51.0,38.0,14.0
-51.0,38.0,14.0
-51.0,38.0,13.0
-51.0,38.0,13.0
-51.0,38.0,14.0
-50.0,37.0,14.0
-51.0,38.0,13.0
-50.0,38.0,14.0
-51.0,37.0,14.0
-50.0,38.0,13.0
-49.0,38.0,14.0
-51.0,38.0,12.0
-52.0,39.0,12.0
-48.0,39.0,15.0
-50.0,39.0,13.0
-51.0,40.0,13.0
-50.0,40.0,13.0
-50.0,38.0,14.0
-50.0,38.0,15.0
-50.0,40.0,13.0
-48.0,39.0,15.0
-50.0,39.0,15.0
-48.0,38.0,16.0
-49.0,39.0,15.0
-49.0,39.0,14.0
-50.0,39.0,13.0
-51.0,38.0,13.0
-51.0,39.0,14.0
-49.0,40.0,14.0
-50.0,39.0,14.0
-50.0,38.0,15.0
-51.0,38.0,15.0
-48.0,42.0,14.0
-44.0,42.0,15.0
-48.0,40.0,16.0
-48.0,39.0,15.0
-50.0,40.0,15.0
-51.0,39.0,14.0
-50.0,39.0,15.0
-50.0,38.0,16.0
-47.0,38.0,18.0
-47.0,39.0,16.0
-50.0,37.0,16.0
-52.0,40.0,14.0
-48.0,38.0,17.0
-50.0,39.0,16.0
-48.0,41.0,14.0
-50.0,39.0,15.0
-49.0,39.0,15.0
-49.0,39.0,16.0
-49.0,38.0,17.0
-48.0,40.0,16.0
-51.0,38.0,17.0
-51.0,39.0,15.0
-48.0,38.0,17.0
-50.0,39.0,16.0
-49.0,39.0,15.0
-49.0,39.0,16.0
-50.0,40.0,15.0
-51.0,39.0,15.0
-51.0,39.0,14.0
-50.0,38.0,16.0
-49.0,39.0,18.0
-47.0,40.0,17.0
-46.0,38.0,19.0
-48.0,39.0,18.0
-49.0,38.0,17.0
-50.0,39.0,17.0
-48.0,39.0,16.0
-49.0,39.0,17.0
-49.0,38.0,17.0
-50.0,39.0,16.0
-49.0,38.0,16.0
-50.0,38.0,18.0
-50.0,39.0,16.0
-51.0,38.0,17.0
-51.0,38.0,16.0
-48.0,39.0,17.0
-49.0,38.0,17.0
-50.0,38.0,16.0
-49.0,38.0,16.0
-50.0,38.0,16.0
-50.0,38.0,17.0
-49.0,37.0,17.0
-51.0,39.0,15.0
-49.0,39.0,16.0
-50.0,37.0,18.0
-51.0,39.0,16.0
-49.0,38.0,17.0
-49.0,37.0,18.0
-50.0,39.0,15.0
-48.0,38.0,17.0
-50.0,38.0,16.0
-50.0,39.0,16.0
-50.0,38.0,17.0
-50.0,38.0,16.0
-50.0,38.0,16.0
-49.0,38.0,17.0
-49.0,38.0,17.0
-49.0,38.0,17.0
-49.0,40.0,16.0
-48.0,39.0,17.0
-50.0,38.0,16.0
-52.0,39.0,14.0
-49.0,38.0,16.0
-50.0,39.0,16.0
-50.0,39.0,16.0
-49.0,39.0,16.0
-49.0,38.0,17.0
-50.0,39.0,15.0
-48.0,38.0,17.0
-49.0,39.0,16.0
-49.0,38.0,16.0
-49.0,38.0,17.0
-49.0,40.0,16.0
-45.0,38.0,19.0
-46.0,37.0,18.0
-55.0,39.0,13.0
-50.0,38.0,15.0
-50.0,38.0,15.0
-51.0,38.0,14.0
-50.0,39.0,15.0
-49.0,38.0,16.0
-49.0,38.0,16.0
-50.0,38.0,15.0
-49.0,39.0,14.0
-49.0,38.0,16.0
-51.0,39.0,14.0
-50.0,38.0,14.0
-50.0,38.0,15.0
-51.0,38.0,14.0
-49.0,38.0,16.0
-51.0,38.0,15.0
-49.0,39.0,14.0
-49.0,38.0,16.0
-51.0,39.0,14.0
-49.0,39.0,15.0
-50.0,39.0,15.0
-50.0,39.0,15.0
-50.0,38.0,15.0
-51.0,38.0,15.0
-49.0,39.0,14.0
-50.0,38.0,15.0
-50.0,39.0,15.0
-48.0,39.0,15.0
-49.0,38.0,16.0
-50.0,39.0,14.0
-50.0,39.0,15.0
-51.0,39.0,15.0
-50.0,39.0,13.0
-50.0,38.0,15.0
-51.0,39.0,14.0
-50.0,39.0,15.0
-51.0,38.0,14.0
-50.0,39.0,14.0
-49.0,39.0,15.0
-52.0,39.0,13.0
-51.0,39.0,13.0
-50.0,38.0,15.0
-51.0,38.0,14.0
-49.0,38.0,16.0
-51.0,39.0,14.0
-50.0,38.0,14.0
-48.0,37.0,16.0
-50.0,39.0,14.0
-50.0,38.0,14.0
-51.0,39.0,14.0
-49.0,39.0,14.0
-50.0,39.0,14.0
-50.0,38.0,14.0
-50.0,38.0,15.0
-50.0,39.0,13.0
-50.0,39.0,13.0
-49.0,39.0,15.0
-50.0,39.0,14.0
-51.0,38.0,14.0
-50.0,38.0,14.0
-50.0,39.0,15.0
-50.0,39.0,14.0
-49.0,38.0,15.0
-51.0,38.0,14.0
-50.0,38.0,15.0
-50.0,38.0,14.0
-50.0,38.0,15.0
-50.0,38.0,15.0
-50.0,38.0,15.0
-51.0,38.0,14.0
-50.0,38.0,15.0
-51.0,38.0,15.0
-49.0,38.0,15.0
-48.0,40.0,14.0
-50.0,38.0,16.0
-50.0,38.0,15.0
-48.0,39.0,15.0
-51.0,38.0,15.0
-49.0,40.0,14.0
-47.0,38.0,16.0
-51.0,39.0,14.0
-50.0,39.0,13.0
-49.0,39.0,15.0
-48.0,38.0,15.0
-50.0,39.0,15.0
-52.0,39.0,13.0
-49.0,38.0,15.0
-50.0,38.0,14.0
-50.0,39.0,13.0
-50.0,37.0,15.0
-50.0,40.0,14.0
-51.0,38.0,14.0
-51.0,38.0,14.0
-49.0,39.0,14.0
-51.0,39.0,14.0
-49.0,38.0,15.0
-49.0,39.0,16.0
-51.0,38.0,13.0
-49.0,38.0,15.0
-52.0,38.0,13.0
-52.0,37.0,13.0
-50.0,39.0,15.0
-51.0,39.0,13.0
-49.0,38.0,15.0
-50.0,39.0,14.0
-50.0,38.0,13.0
-49.0,38.0,14.0
-52.0,38.0,12.0
-51.0,38.0,13.0
-51.0,38.0,14.0
-51.0,38.0,13.0
-51.0,37.0,14.0
-52.0,38.0,13.0
-50.0,37.0,14.0
-51.0,37.0,13.0
-51.0,37.0,13.0
-51.0,39.0,13.0
-50.0,38.0,13.0
-52.0,37.0,13.0
-51.0,38.0,13.0
-50.0,37.0,14.0
-51.0,38.0,13.0
-52.0,38.0,13.0
-51.0,38.0,14.0
-50.0,38.0,13.0
-51.0,38.0,14.0
-50.0,38.0,13.0
-50.0,38.0,15.0
-51.0,38.0,13.0
-52.0,38.0,13.0
-51.0,39.0,14.0
-51.0,39.0,13.0
-49.0,37.0,15.0
-50.0,38.0,15.0
-50.0,39.0,13.0
-49.0,38.0,15.0
-51.0,39.0,13.0
-51.0,38.0,13.0
-50.0,38.0,15.0
-50.0,39.0,14.0
-50.0,38.0,14.0
-50.0,38.0,13.0
-50.0,38.0,14.0
-51.0,39.0,13.0
-50.0,38.0,14.0
-50.0,39.0,14.0
-51.0,39.0,12.0
-50.0,38.0,15.0
-51.0,38.0,13.0
-51.0,37.0,14.0
-52.0,38.0,13.0
-51.0,38.0,13.0
-51.0,38.0,13.0
-51.0,37.0,13.0
-51.0,38.0,13.0
-50.0,37.0,13.0
-52.0,37.0,12.0
-51.0,39.0,13.0
-52.0,37.0,13.0
-51.0,37.0,13.0
-50.0,37.0,14.0
-51.0,37.0,12.0
-51.0,37.0,13.0
-51.0,37.0,12.0
-52.0,38.0,12.0
-51.0,37.0,13.0
-51.0,37.0,12.0
-52.0,37.0,12.0
-51.0,37.0,12.0
-52.0,37.0,12.0
-53.0,37.0,11.0
-51.0,37.0,13.0
-53.0,37.0,11.0
-51.0,36.0,12.0
-52.0,37.0,12.0
-52.0,36.0,12.0
-52.0,36.0,12.0
-52.0,36.0,12.0
-52.0,36.0,12.0
-52.0,36.0,11.0
-53.0,37.0,11.0
-52.0,37.0,11.0
-53.0,37.0,12.0
-51.0,36.0,12.0
-51.0,37.0,12.0
-52.0,37.0,12.0
-52.0,37.0,12.0
-52.0,37.0,12.0
-52.0,37.0,12.0
-52.0,37.0,12.0
-51.0,37.0,12.0
-52.0,37.0,12.0
-52.0,37.0,12.0
-52.0,37.0,11.0
-52.0,36.0,13.0
-52.0,37.0,12.0
-50.0,36.0,14.0
-50.0,36.0,15.0
-52.0,38.0,11.0
-51.0,38.0,12.0
-52.0,37.0,13.0
-51.0,37.0,12.0
-51.0,37.0,13.0
-52.0,38.0,12.0
-52.0,37.0,12.0
-51.0,37.0,13.0
-51.0,38.0,13.0
-51.0,37.0,13.0
-49.0,37.0,14.0
-53.0,38.0,12.0
-52.0,37.0,13.0
-50.0,38.0,14.0
-52.0,38.0,13.0
-49.0,37.0,15.0
-50.0,38.0,15.0
-51.0,38.0,13.0
-49.0,37.0,15.0
-50.0,38.0,13.0
-52.0,38.0,13.0
-50.0,37.0,15.0
-52.0,38.0,13.0
-50.0,37.0,15.0
-49.0,37.0,16.0
-52.0,38.0,12.0
-50.0,37.0,15.0
-51.0,38.0,13.0
-51.0,39.0,12.0
-50.0,38.0,15.0
-51.0,38.0,13.0
-48.0,38.0,15.0
-51.0,37.0,13.0
-51.0,39.0,13.0
-51.0,38.0,14.0
-51.0,38.0,13.0
-50.0,38.0,15.0
-51.0,38.0,14.0
-49.0,38.0,15.0
-50.0,39.0,14.0
-52.0,38.0,13.0
-50.0,38.0,15.0
-51.0,37.0,13.0
-51.0,37.0,13.0
-50.0,38.0,14.0
-51.0,37.0,14.0
-50.0,38.0,14.0
-50.0,38.0,14.0
-52.0,37.0,12.0
-50.0,37.0,15.0
-51.0,38.0,13.0
-51.0,38.0,12.0
-51.0,37.0,14.0
-51.0,38.0,13.0
-51.0,37.0,14.0
-51.0,38.0,14.0
-51.0,38.0,13.0
-50.0,37.0,14.0
-51.0,37.0,13.0
-51.0,38.0,13.0
-51.0,38.0,13.0
-51.0,37.0,13.0
-51.0,38.0,13.0
-51.0,38.0,13.0
-51.0,38.0,13.0
-50.0,37.0,14.0
-53.0,38.0,12.0
-50.0,38.0,14.0
-50.0,37.0,14.0
-51.0,38.0,13.0
-51.0,37.0,14.0
-51.0,38.0,13.0
-51.0,38.0,13.0
-50.0,37.0,15.0
-51.0,38.0,14.0
-51.0,38.0,14.0
-51.0,37.0,14.0
-50.0,38.0,15.0
-51.0,39.0,13.0
-50.0,38.0,14.0
-50.0,38.0,15.0
-50.0,38.0,14.0
-49.0,38.0,15.0
-51.0,38.0,14.0
-50.0,38.0,14.0
-50.0,38.0,14.0
-51.0,38.0,14.0
-50.0,38.0,15.0
-50.0,38.0,14.0
-50.0,38.0,14.0
-50.0,38.0,14.0
-50.0,38.0,15.0
-49.0,38.0,14.0
-51.0,38.0,15.0
-50.0,38.0,14.0
-50.0,38.0,14.0
-50.0,38.0,14.0
-50.0,38.0,14.0
-53.0,39.0,13.0
-52.0,39.0,12.0
-48.0,39.0,15.0
-48.0,38.0,16.0
-51.0,39.0,14.0
-49.0,39.0,14.0
-50.0,38.0,15.0
-51.0,38.0,14.0
-49.0,38.0,15.0
-50.0,38.0,15.0
-51.0,39.0,13.0
-49.0,38.0,15.0
-50.0,38.0,13.0
-51.0,38.0,13.0
-52.0,39.0,13.0
-51.0,39.0,12.0
-50.0,38.0,14.0
-52.0,39.0,12.0
-51.0,38.0,13.0
-50.0,38.0,13.0
-52.0,39.0,11.0
-52.0,38.0,11.0
-51.0,37.0,14.0
-52.0,38.0,11.0
-51.0,37.0,12.0
-50.0,36.0,13.0
-53.0,37.0,12.0
-52.0,36.0,13.0
-52.0,37.0,12.0
-53.0,36.0,12.0
-53.0,36.0,11.0
-51.0,37.0,12.0
-51.0,37.0,13.0
-54.0,37.0,11.0
-51.0,36.0,13.0
-52.0,37.0,11.0
-53.0,37.0,11.0
-51.0,37.0,12.0
-52.0,37.0,11.0
-51.0,36.0,13.0
-53.0,37.0,12.0
-51.0,37.0,12.0
-50.0,37.0,13.0
-53.0,37.0,11.0
-52.0,37.0,12.0
-50.0,37.0,14.0
-52.0,38.0,12.0
-50.0,37.0,13.0
-49.0,37.0,14.0
-52.0,37.0,12.0
-51.0,37.0,13.0
-51.0,38.0,13.0
-51.0,37.0,13.0
-51.0,37.0,14.0
-51.0,37.0,13.0
-50.0,37.0,15.0
-52.0,38.0,13.0
-51.0,37.0,13.0
-49.0,37.0,15.0
-51.0,38.0,13.0
-51.0,38.0,14.0
-51.0,37.0,13.0
-50.0,38.0,13.0
-50.0,38.0,13.0
-51.0,38.0,12.0
-51.0,38.0,11.0
-52.0,35.0,11.0
-53.0,35.0,12.0
-55.0,37.0,8.0
-54.0,36.0,7.0
-54.0,35.0,11.0
-55.0,36.0,8.0
-55.0,35.0,10.0
-55.0,35.0,12.0
-53.0,33.0,9.0
-52.0,33.0,8.0
-55.0,36.0,5.0
-52.0,36.0,6.0
-52.0,34.0,5.0
-56.0,32.0,6.0
-56.0,36.0,5.0
-55.0,36.0,6.0
-55.0,34.0,7.0
-56.0,35.0,3.0
-56.0,32.0,3.0
-54.0,34.0,8.0
-56.0,34.0,9.0
-53.0,33.0,6.0
-54.0,33.0,5.0
-54.0,36.0,6.0
-54.0,35.0,8.0
-55.0,31.0,8.0
-53.0,31.0,9.0
-55.0,35.0,9.0
-55.0,36.0,9.0
-57.0,35.0,7.0
-57.0,34.0,8.0
-54.0,33.0,8.0
-54.0,32.0,8.0
-55.0,33.0,8.0
-53.0,33.0,11.0
-54.0,35.0,11.0
-55.0,35.0,9.0
-52.0,34.0,11.0
-50.0,34.0,10.0
-54.0,36.0,9.0
-54.0,36.0,11.0
-52.0,36.0,11.0
-54.0,36.0,11.0
-55.0,34.0,11.0
-53.0,34.0,10.0
-54.0,34.0,11.0
-54.0,34.0,10.0
-52.0,35.0,11.0
-54.0,36.0,9.0
-54.0,35.0,11.0
-54.0,36.0,10.0
-54.0,35.0,10.0
-51.0,35.0,13.0
-53.0,35.0,13.0
-55.0,36.0,10.0
-55.0,37.0,9.0
-50.0,37.0,13.0
-48.0,37.0,14.0
-51.0,37.0,12.0
-50.0,36.0,13.0
-51.0,37.0,14.0
-53.0,38.0,13.0
-53.0,37.0,13.0
-52.0,37.0,13.0
-50.0,37.0,14.0
-51.0,37.0,14.0
-51.0,39.0,12.0
-49.0,39.0,13.0
-51.0,39.0,13.0
-53.0,38.0,13.0
-52.0,32.0,17.0
-54.0,36.0,14.0
-48.0,39.0,17.0
-49.0,40.0,17.0
-53.0,41.0,13.0
-49.0,42.0,13.0
-39.0,40.0,17.0
-50.0,38.0,21.0
-49.0,41.0,16.0
-42.0,44.0,17.0
-44.0,42.0,17.0
-53.0,37.0,16.0
-51.0,38.0,18.0
-50.0,42.0,14.0
-46.0,41.0,18.0
-47.0,40.0,19.0
-49.0,40.0,17.0
-48.0,40.0,18.0
-47.0,40.0,20.0
-48.0,42.0,18.0
-44.0,42.0,18.0
-44.0,42.0,19.0
-44.0,42.0,19.0
-45.0,42.0,20.0
-46.0,42.0,19.0
-44.0,43.0,20.0
-44.0,42.0,20.0
-46.0,42.0,19.0
-45.0,42.0,20.0
-47.0,41.0,19.0
-45.0,42.0,21.0
-45.0,42.0,19.0
-46.0,41.0,19.0
-45.0,41.0,21.0
-45.0,42.0,19.0
-46.0,41.0,20.0
-45.0,41.0,21.0
-48.0,41.0,18.0
-44.0,41.0,21.0
-45.0,41.0,21.0
-47.0,41.0,19.0
-45.0,41.0,21.0
-46.0,42.0,20.0
-47.0,41.0,19.0
-44.0,41.0,20.0
-45.0,41.0,20.0
-46.0,41.0,19.0
-46.0,41.0,20.0
-48.0,41.0,18.0
-46.0,41.0,19.0
-45.0,41.0,19.0
-47.0,41.0,18.0
-48.0,41.0,18.0
-46.0,41.0,18.0
-48.0,40.0,18.0
-47.0,40.0,18.0
-48.0,40.0,17.0
-49.0,40.0,16.0
-47.0,40.0,19.0
-48.0,40.0,17.0
-46.0,40.0,18.0
-45.0,40.0,19.0
-46.0,38.0,18.0
-50.0,39.0,16.0
-51.0,39.0,14.0
-50.0,39.0,16.0
-50.0,39.0,16.0
-50.0,40.0,15.0
-47.0,40.0,17.0
-48.0,40.0,16.0
-48.0,40.0,16.0
-49.0,39.0,17.0
-49.0,40.0,16.0
-46.0,40.0,17.0
-49.0,40.0,16.0
-48.0,39.0,18.0
-47.0,39.0,19.0
-48.0,40.0,17.0
-48.0,41.0,16.0
-49.0,40.0,15.0
-50.0,39.0,16.0
-47.0,41.0,17.0
-46.0,41.0,17.0
-47.0,40.0,19.0
-47.0,41.0,18.0
-45.0,40.0,19.0
-46.0,40.0,19.0
-48.0,41.0,17.0
-45.0,41.0,19.0
-46.0,41.0,19.0
-48.0,41.0,18.0
-46.0,41.0,19.0
-45.0,41.0,20.0
-47.0,41.0,17.0
-46.0,41.0,19.0
-47.0,41.0,18.0
-45.0,41.0,20.0
-45.0,41.0,21.0
-46.0,41.0,19.0
-46.0,41.0,19.0
-46.0,42.0,19.0
-45.0,42.0,19.0
-46.0,42.0,20.0
-46.0,43.0,18.0
-45.0,42.0,20.0
-46.0,42.0,20.0
-45.0,42.0,20.0
-45.0,41.0,21.0
-47.0,41.0,19.0
-45.0,41.0,20.0
-47.0,42.0,19.0
-47.0,41.0,19.0
-43.0,41.0,21.0
-47.0,41.0,19.0
-46.0,42.0,18.0
-43.0,40.0,23.0
-47.0,42.0,18.0
-46.0,42.0,19.0
-46.0,42.0,20.0
-45.0,40.0,20.0
-45.0,41.0,21.0
-46.0,40.0,21.0
-47.0,40.0,19.0
-47.0,39.0,21.0
-46.0,40.0,21.0
-45.0,41.0,19.0
-47.0,41.0,19.0
-45.0,42.0,19.0
-47.0,41.0,18.0
-47.0,41.0,19.0
-47.0,41.0,18.0
-47.0,39.0,20.0
-47.0,41.0,19.0
-47.0,40.0,18.0
-48.0,39.0,20.0
-47.0,41.0,17.0
-48.0,41.0,18.0
-48.0,40.0,17.0
-47.0,41.0,17.0
-48.0,39.0,18.0
-48.0,40.0,17.0
-46.0,38.0,20.0
-50.0,41.0,16.0
-46.0,40.0,18.0
-48.0,38.0,19.0
-48.0,40.0,16.0
-47.0,40.0,18.0
-50.0,40.0,16.0
-48.0,39.0,17.0
-50.0,40.0,16.0
-48.0,39.0,16.0
-48.0,40.0,17.0
-48.0,40.0,16.0
-50.0,38.0,16.0
-46.0,40.0,18.0
-46.0,41.0,16.0
-44.0,39.0,20.0
-46.0,40.0,19.0
-49.0,41.0,16.0
-47.0,41.0,16.0
-49.0,40.0,15.0
-51.0,40.0,15.0
-47.0,40.0,17.0
-49.0,40.0,16.0
-48.0,39.0,17.0
-48.0,40.0,17.0
-49.0,40.0,15.0
-48.0,40.0,16.0
-48.0,40.0,17.0
-49.0,40.0,15.0
-48.0,40.0,16.0
-49.0,39.0,16.0
-48.0,40.0,15.0
-48.0,40.0,17.0
-50.0,39.0,15.0
-49.0,39.0,15.0
-48.0,39.0,17.0
-51.0,40.0,14.0
-47.0,40.0,16.0
-46.0,40.0,17.0
-51.0,38.0,15.0
-49.0,39.0,16.0
-49.0,40.0,15.0
-50.0,39.0,15.0
-46.0,40.0,18.0
-49.0,39.0,17.0
-46.0,39.0,17.0
-47.0,41.0,13.0
-49.0,40.0,13.0
-48.0,40.0,12.0
-49.0,39.0,14.0
-51.0,39.0,13.0
-52.0,39.0,12.0
-53.0,39.0,12.0
-52.0,39.0,10.0
-53.0,38.0,11.0
-52.0,39.0,12.0
-51.0,39.0,10.0
-52.0,38.0,11.0
-50.0,37.0,12.0
-50.0,37.0,12.0
-48.0,37.0,13.0
-50.0,38.0,14.0
-49.0,41.0,12.0
-52.0,40.0,12.0
-50.0,39.0,13.0
-48.0,39.0,13.0
-44.0,40.0,16.0
-49.0,41.0,13.0
-46.0,42.0,15.0
-47.0,43.0,13.0
-49.0,42.0,14.0
-45.0,41.0,17.0
-45.0,41.0,15.0
-45.0,42.0,16.0
-47.0,41.0,16.0
-51.0,40.0,12.0
-53.0,40.0,13.0
-48.0,40.0,16.0
-49.0,40.0,14.0
-50.0,39.0,15.0
-50.0,37.0,15.0
-49.0,39.0,16.0
-48.0,38.0,17.0
-53.0,34.0,21.0
-53.0,36.0,16.0
-53.0,37.0,16.0
-54.0,36.0,20.0
-54.0,34.0,20.0
-50.0,37.0,16.0
-34.0,45.0,14.0
-39.0,45.0,14.0
-47.0,38.0,17.0
-45.0,35.0,22.0
-57.0,36.0,15.0
-60.0,34.0,14.0
-52.0,36.0,18.0
-48.0,39.0,17.0
-48.0,36.0,18.0
-54.0,37.0,14.0
-50.0,37.0,15.0
-49.0,37.0,16.0
-52.0,38.0,14.0
-50.0,37.0,16.0
-52.0,36.0,16.0
-50.0,37.0,16.0
-46.0,37.0,19.0
-53.0,38.0,13.0
-51.0,37.0,15.0
-49.0,38.0,16.0
-53.0,39.0,13.0
-55.0,37.0,13.0
-53.0,37.0,16.0
-50.0,40.0,15.0
-47.0,38.0,18.0
-48.0,36.0,21.0
-50.0,38.0,17.0
-51.0,36.0,17.0
-49.0,37.0,19.0
-53.0,37.0,15.0
-51.0,36.0,17.0
-50.0,39.0,15.0
-50.0,39.0,15.0
-47.0,36.0,19.0
-50.0,37.0,18.0
-53.0,37.0,14.0
-51.0,36.0,17.0
-51.0,38.0,15.0
-51.0,37.0,15.0
-50.0,37.0,16.0
-50.0,38.0,15.0
-53.0,36.0,17.0
-52.0,37.0,16.0
-52.0,36.0,16.0
-52.0,35.0,16.0
-48.0,39.0,16.0
-49.0,39.0,16.0
-48.0,38.0,16.0
-48.0,38.0,16.0
-49.0,38.0,16.0
-51.0,36.0,16.0
-54.0,36.0,15.0
-50.0,38.0,16.0
-48.0,39.0,16.0
-53.0,37.0,15.0
-51.0,38.0,15.0
-47.0,39.0,17.0
-49.0,37.0,17.0
-54.0,38.0,14.0
-51.0,37.0,16.0
-47.0,38.0,18.0
-51.0,40.0,15.0
-51.0,36.0,18.0
-47.0,37.0,19.0
-48.0,39.0,16.0
-47.0,38.0,18.0
-51.0,39.0,14.0
-51.0,38.0,15.0
-48.0,38.0,17.0
-52.0,38.0,15.0
-49.0,38.0,16.0
-50.0,38.0,14.0
-51.0,38.0,15.0
-51.0,36.0,16.0
-51.0,36.0,15.0
-50.0,37.0,15.0
-49.0,37.0,16.0
-52.0,37.0,13.0
-51.0,36.0,15.0
-51.0,38.0,15.0
-53.0,36.0,14.0
-49.0,37.0,16.0
-50.0,39.0,14.0
-51.0,36.0,15.0
-50.0,37.0,16.0
-53.0,38.0,12.0
-54.0,37.0,12.0
-48.0,39.0,15.0
-50.0,39.0,14.0
-53.0,38.0,13.0
-49.0,38.0,15.0
-51.0,38.0,15.0
-52.0,38.0,13.0
-50.0,37.0,15.0
-52.0,38.0,14.0
-50.0,38.0,15.0
-50.0,38.0,14.0
-50.0,37.0,16.0
-51.0,35.0,17.0
-51.0,38.0,15.0
-48.0,37.0,16.0
-52.0,38.0,14.0
-49.0,38.0,16.0
-51.0,38.0,14.0
-50.0,37.0,14.0
-49.0,38.0,16.0
-49.0,38.0,14.0
-50.0,37.0,15.0
-50.0,39.0,14.0
-51.0,38.0,14.0
-51.0,37.0,14.0
-51.0,39.0,13.0
-52.0,37.0,12.0
-54.0,36.0,12.0
-49.0,36.0,16.0
-50.0,37.0,14.0
-51.0,36.0,14.0
-51.0,34.0,16.0
-53.0,35.0,14.0
-51.0,36.0,14.0
-52.0,35.0,13.0
-59.0,34.0,11.0
-55.0,32.0,15.0
-51.0,34.0,17.0
-56.0,33.0,13.0
-57.0,37.0,10.0
-47.0,40.0,11.0
-50.0,36.0,14.0
-52.0,37.0,12.0
-51.0,39.0,12.0
-52.0,38.0,12.0
-51.0,37.0,14.0
-52.0,37.0,13.0
-51.0,36.0,14.0
-51.0,35.0,15.0
-52.0,37.0,13.0
-50.0,37.0,13.0
-51.0,37.0,13.0
-53.0,38.0,11.0
-49.0,37.0,15.0
-49.0,38.0,14.0
-53.0,38.0,11.0
-51.0,36.0,13.0
-50.0,39.0,13.0
-52.0,38.0,12.0
-54.0,37.0,12.0
-52.0,39.0,10.0
-50.0,35.0,16.0
-53.0,37.0,15.0
-48.0,37.0,15.0
-49.0,38.0,16.0
-50.0,39.0,13.0
-50.0,38.0,15.0
-52.0,39.0,15.0
-47.0,41.0,14.0
-46.0,39.0,19.0
-46.0,40.0,16.0
-49.0,38.0,16.0
-48.0,39.0,18.0
-51.0,40.0,12.0
-48.0,39.0,17.0
-48.0,39.0,16.0
-49.0,39.0,15.0
-48.0,38.0,17.0
-51.0,39.0,15.0
-50.0,39.0,16.0
-48.0,39.0,17.0
-49.0,39.0,16.0
-48.0,38.0,17.0
-49.0,38.0,16.0
-50.0,39.0,16.0
-51.0,39.0,15.0
-50.0,39.0,16.0
-49.0,39.0,17.0
-49.0,39.0,15.0
-49.0,38.0,16.0
-49.0,39.0,15.0
-50.0,40.0,13.0
-50.0,37.0,18.0
-52.0,39.0,15.0
-48.0,38.0,16.0
-50.0,39.0,16.0
-49.0,39.0,15.0
-50.0,39.0,15.0
-49.0,39.0,15.0
-50.0,39.0,14.0
-49.0,38.0,16.0
-51.0,39.0,14.0
-49.0,38.0,16.0
-50.0,37.0,15.0
-50.0,39.0,14.0
-49.0,38.0,16.0
-51.0,39.0,14.0
-49.0,38.0,16.0
-51.0,39.0,15.0
-49.0,39.0,16.0
-50.0,39.0,15.0
-50.0,38.0,15.0
-49.0,38.0,16.0
-50.0,39.0,14.0
-50.0,39.0,14.0
-49.0,39.0,15.0
-50.0,39.0,15.0
-50.0,38.0,16.0
-50.0,38.0,15.0
-49.0,38.0,15.0
-49.0,38.0,15.0
-50.0,39.0,14.0
-49.0,39.0,15.0
-50.0,39.0,15.0
-50.0,39.0,14.0
-49.0,38.0,16.0
-50.0,39.0,15.0
-50.0,39.0,14.0
-49.0,38.0,16.0
-51.0,39.0,14.0
-49.0,39.0,14.0
-49.0,39.0,17.0
-51.0,39.0,14.0
-50.0,40.0,13.0
-48.0,39.0,16.0
-49.0,39.0,17.0
-48.0,38.0,16.0
-48.0,39.0,17.0
-49.0,39.0,15.0
-52.0,39.0,14.0
-52.0,40.0,16.0
-54.0,37.0,16.0
-52.0,38.0,16.0
-49.0,39.0,16.0
-48.0,40.0,12.0
-47.0,40.0,13.0
-47.0,39.0,15.0
-50.0,38.0,14.0
-47.0,41.0,16.0
-48.0,43.0,16.0
-46.0,41.0,16.0
-47.0,41.0,16.0
-45.0,39.0,18.0
-42.0,39.0,19.0
-47.0,41.0,18.0
-46.0,42.0,18.0
-45.0,43.0,19.0
-44.0,43.0,18.0
-42.0,42.0,19.0
-44.0,43.0,19.0
-45.0,42.0,18.0
-45.0,42.0,19.0
-45.0,42.0,18.0
-48.0,42.0,16.0
-49.0,40.0,18.0
-48.0,40.0,18.0
-47.0,41.0,18.0
-49.0,39.0,19.0
-52.0,39.0,18.0
-51.0,42.0,14.0
-49.0,42.0,14.0
-46.0,40.0,16.0
-46.0,38.0,17.0
-46.0,37.0,17.0
-45.0,37.0,19.0
-47.0,40.0,16.0
-48.0,40.0,16.0
-48.0,40.0,18.0
-47.0,40.0,19.0
-50.0,41.0,18.0
-47.0,40.0,18.0
-46.0,40.0,19.0
-46.0,39.0,18.0
-47.0,39.0,19.0
-46.0,40.0,19.0
-47.0,41.0,20.0
-47.0,40.0,21.0
-45.0,40.0,20.0
-48.0,41.0,19.0
-47.0,41.0,19.0
-45.0,40.0,20.0
-48.0,40.0,18.0
-47.0,41.0,20.0
-46.0,41.0,20.0
-47.0,39.0,23.0
-47.0,41.0,20.0
-42.0,40.0,22.0
-44.0,40.0,22.0
-45.0,42.0,18.0
-40.0,43.0,19.0
-52.0,41.0,16.0
-49.0,39.0,18.0
-47.0,40.0,18.0
-51.0,41.0,16.0
-45.0,40.0,21.0
-48.0,38.0,20.0
-50.0,39.0,17.0
-45.0,43.0,17.0
-51.0,40.0,17.0
-49.0,40.0,18.0
-44.0,42.0,18.0
-46.0,42.0,17.0
-47.0,40.0,18.0
-44.0,39.0,22.0
-47.0,41.0,19.0
-49.0,41.0,16.0
-45.0,41.0,21.0
-48.0,41.0,17.0
-46.0,41.0,18.0
-45.0,41.0,19.0
-47.0,40.0,18.0
-43.0,41.0,21.0
-44.0,41.0,20.0
-47.0,42.0,16.0
-46.0,41.0,18.0
-48.0,41.0,16.0
-49.0,40.0,16.0
-48.0,38.0,20.0
-51.0,40.0,17.0
-48.0,41.0,18.0
-45.0,41.0,17.0
-48.0,39.0,18.0
-48.0,39.0,18.0
-47.0,41.0,17.0
-47.0,41.0,17.0
-46.0,40.0,18.0
-48.0,39.0,18.0
-48.0,41.0,16.0
-49.0,40.0,17.0
-48.0,40.0,18.0
-50.0,39.0,18.0
-47.0,40.0,19.0
-47.0,40.0,19.0
-49.0,40.0,17.0
-44.0,40.0,20.0
-49.0,39.0,17.0
-47.0,40.0,18.0
-48.0,40.0,18.0
-49.0,39.0,17.0
-50.0,40.0,16.0
-47.0,40.0,17.0
-46.0,40.0,19.0
-50.0,39.0,17.0
-46.0,39.0,19.0
-48.0,40.0,16.0
-49.0,39.0,18.0
-49.0,39.0,16.0
-49.0,39.0,17.0
-49.0,40.0,18.0
-48.0,40.0,17.0
-47.0,39.0,18.0
-49.0,39.0,18.0
-48.0,39.0,18.0
-49.0,40.0,17.0
-50.0,40.0,16.0
-48.0,40.0,17.0
-48.0,39.0,18.0
-49.0,40.0,17.0
-48.0,40.0,16.0
-48.0,40.0,17.0
-48.0,39.0,18.0
-48.0,39.0,18.0
-47.0,40.0,19.0
-48.0,39.0,17.0
-49.0,40.0,17.0
-48.0,40.0,17.0
-49.0,39.0,17.0
-48.0,40.0,17.0
-47.0,40.0,17.0
-49.0,40.0,17.0
-48.0,39.0,18.0
-51.0,40.0,15.0
-49.0,39.0,16.0
-48.0,40.0,17.0
-48.0,40.0,16.0
-47.0,40.0,19.0
-50.0,39.0,14.0
-46.0,39.0,19.0
-49.0,40.0,17.0
-49.0,40.0,16.0
-49.0,40.0,16.0
-47.0,40.0,18.0
-48.0,40.0,16.0
-48.0,39.0,17.0
-47.0,39.0,18.0
-49.0,39.0,17.0
-49.0,39.0,17.0
-48.0,39.0,18.0
-48.0,40.0,17.0
-48.0,39.0,18.0
-48.0,39.0,18.0
-47.0,40.0,18.0
-47.0,40.0,18.0
-47.0,40.0,18.0
-47.0,40.0,18.0
-48.0,40.0,16.0
-47.0,40.0,18.0
-48.0,40.0,19.0
-49.0,40.0,18.0
-50.0,40.0,16.0
-48.0,40.0,18.0
-49.0,42.0,16.0
-44.0,41.0,20.0
-45.0,41.0,19.0
-46.0,41.0,20.0
-46.0,41.0,20.0
-44.0,41.0,20.0
-45.0,42.0,20.0
-49.0,41.0,16.0
-48.0,41.0,19.0
-47.0,40.0,19.0
-46.0,41.0,19.0
-42.0,43.0,19.0
-43.0,43.0,19.0
-48.0,42.0,18.0
-44.0,42.0,17.0
-47.0,42.0,20.0
-53.0,42.0,13.0
-49.0,43.0,21.0
-47.0,42.0,19.0
-52.0,43.0,18.0
-51.0,41.0,23.0
-49.0,39.0,18.0
-46.0,39.0,15.0
-44.0,38.0,22.0
-38.0,35.0,16.0
-40.0,34.0,19.0
-44.0,36.0,16.0
-45.0,37.0,24.0
-47.0,36.0,33.0
-48.0,45.0,27.0
-50.0,49.0,7.0
-43.0,47.0,12.0
-46.0,43.0,15.0
-45.0,43.0,16.0
-48.0,45.0,12.0
-46.0,44.0,14.0
-50.0,42.0,14.0
-48.0,42.0,16.0
-45.0,41.0,19.0
-44.0,41.0,19.0
-43.0,42.0,18.0
-44.0,41.0,18.0
-48.0,41.0,17.0
-48.0,42.0,16.0
-51.0,41.0,14.0
-50.0,40.0,17.0
-46.0,42.0,16.0
-48.0,41.0,15.0
-48.0,41.0,16.0
-45.0,41.0,18.0
-48.0,40.0,16.0
-50.0,40.0,16.0
-48.0,41.0,15.0
-49.0,40.0,15.0
-46.0,41.0,17.0
-45.0,41.0,17.0
-50.0,40.0,15.0
-48.0,41.0,15.0
-47.0,40.0,17.0
-47.0,41.0,16.0
-49.0,41.0,15.0
-49.0,40.0,16.0
-49.0,40.0,16.0
-47.0,41.0,15.0
-46.0,40.0,16.0
-48.0,39.0,16.0
-50.0,39.0,16.0
-49.0,37.0,16.0
-51.0,38.0,16.0
-52.0,39.0,12.0
-49.0,38.0,14.0
-51.0,38.0,13.0
-50.0,39.0,12.0
-51.0,37.0,13.0
-52.0,36.0,13.0
-52.0,36.0,12.0
-52.0,37.0,11.0
-52.0,37.0,12.0
-51.0,37.0,12.0
-54.0,37.0,10.0
-53.0,37.0,10.0
-51.0,37.0,12.0
-52.0,37.0,10.0
-52.0,37.0,12.0
-49.0,37.0,13.0
-51.0,37.0,12.0
-50.0,37.0,13.0
-53.0,37.0,11.0
-52.0,36.0,11.0
-52.0,36.0,12.0
-51.0,37.0,12.0
-49.0,37.0,13.0
-49.0,37.0,13.0
-56.0,35.0,10.0
-54.0,36.0,11.0
-49.0,38.0,13.0
-49.0,38.0,14.0
-50.0,38.0,12.0
-51.0,38.0,13.0
-51.0,39.0,13.0
-51.0,39.0,12.0
-50.0,41.0,13.0
-49.0,38.0,16.0
-51.0,38.0,14.0
-46.0,40.0,17.0
-48.0,40.0,15.0
-48.0,40.0,15.0
-50.0,40.0,15.0
-47.0,39.0,17.0
-46.0,39.0,19.0
-52.0,39.0,15.0
-49.0,39.0,16.0
-46.0,40.0,18.0
-49.0,40.0,16.0
-48.0,39.0,17.0
-44.0,39.0,20.0
-50.0,39.0,15.0
-47.0,39.0,18.0
-50.0,39.0,16.0
-49.0,39.0,17.0
-47.0,39.0,19.0
-47.0,41.0,14.0
-47.0,38.0,18.0
-53.0,39.0,13.0
-53.0,38.0,14.0
-47.0,40.0,16.0
-46.0,40.0,16.0
-49.0,39.0,15.0
-51.0,39.0,15.0
-51.0,38.0,15.0
-51.0,39.0,14.0
-50.0,39.0,15.0
-49.0,39.0,15.0
-47.0,38.0,15.0
-52.0,38.0,16.0
-50.0,38.0,16.0
-49.0,38.0,17.0
-49.0,39.0,16.0
-51.0,38.0,15.0
-51.0,37.0,16.0
-48.0,39.0,17.0
-50.0,39.0,15.0
-50.0,39.0,15.0
-49.0,39.0,15.0
-49.0,38.0,16.0
-48.0,40.0,16.0
-50.0,39.0,15.0
-50.0,39.0,15.0
-45.0,38.0,18.0
-52.0,39.0,15.0
-50.0,39.0,15.0
-47.0,38.0,17.0
-51.0,38.0,13.0
-50.0,39.0,15.0
-51.0,38.0,15.0
-52.0,38.0,13.0
-49.0,38.0,14.0
-52.0,38.0,15.0
-52.0,36.0,15.0
-53.0,36.0,15.0
-52.0,37.0,14.0
-51.0,37.0,14.0
-52.0,37.0,14.0
-49.0,38.0,15.0
-49.0,40.0,13.0
-48.0,40.0,14.0
-49.0,40.0,12.0
-49.0,38.0,13.0
-54.0,37.0,13.0
-50.0,37.0,15.0
-51.0,38.0,12.0
-52.0,37.0,12.0
-53.0,37.0,12.0
-52.0,37.0,12.0
-53.0,37.0,12.0
-52.0,37.0,12.0
-51.0,37.0,13.0
-51.0,37.0,12.0
-53.0,35.0,15.0
-54.0,41.0,8.0
-49.0,40.0,11.0
-49.0,38.0,15.0
-50.0,39.0,14.0
-50.0,39.0,13.0
-49.0,39.0,14.0
-51.0,39.0,13.0
-49.0,39.0,14.0
-50.0,39.0,14.0
-51.0,39.0,13.0
-49.0,39.0,14.0
-50.0,39.0,14.0
-50.0,39.0,14.0
-49.0,39.0,15.0
-50.0,39.0,16.0
-50.0,38.0,16.0
-47.0,41.0,18.0
-50.0,40.0,18.0
-46.0,44.0,15.0
-45.0,43.0,11.0
-42.0,43.0,14.0
-45.0,44.0,17.0
-38.0,43.0,7.0
-34.0,44.0,9.0
-42.0,45.0,15.0
-45.0,43.0,14.0
-54.0,44.0,14.0
-56.0,40.0,13.0
-50.0,40.0,14.0
-49.0,41.0,13.0
-49.0,41.0,11.0
-47.0,41.0,15.0
-47.0,41.0,14.0
-48.0,41.0,12.0
-48.0,40.0,13.0
-51.0,41.0,12.0
-49.0,40.0,13.0
-48.0,41.0,13.0
-50.0,40.0,13.0
-49.0,39.0,15.0
-48.0,40.0,15.0
-46.0,41.0,14.0
-49.0,42.0,13.0
-47.0,41.0,13.0
-47.0,42.0,12.0
-50.0,40.0,12.0
-49.0,40.0,13.0
-50.0,42.0,12.0
-50.0,40.0,13.0
-48.0,39.0,15.0
-50.0,41.0,12.0
-48.0,39.0,14.0
-49.0,41.0,13.0
-51.0,40.0,12.0
-49.0,39.0,13.0
-48.0,39.0,14.0
-51.0,39.0,13.0
-51.0,39.0,11.0
-49.0,39.0,13.0
-50.0,39.0,12.0
-51.0,38.0,12.0
-50.0,38.0,13.0
-50.0,38.0,13.0
-50.0,37.0,13.0
-53.0,37.0,12.0
-53.0,37.0,12.0
-51.0,37.0,12.0
-51.0,37.0,14.0
-53.0,37.0,12.0
-52.0,37.0,13.0
-50.0,37.0,14.0
-51.0,37.0,13.0
-50.0,37.0,14.0
-52.0,37.0,13.0
-52.0,36.0,13.0
-51.0,36.0,14.0
-52.0,37.0,13.0
-52.0,37.0,13.0
-51.0,38.0,14.0
-50.0,38.0,15.0
-47.0,39.0,17.0
-48.0,38.0,17.0
-50.0,39.0,15.0
-48.0,39.0,16.0
-49.0,38.0,17.0
-51.0,38.0,15.0
-48.0,39.0,16.0
-48.0,39.0,16.0
-49.0,39.0,17.0
-49.0,39.0,15.0
-47.0,39.0,17.0
-50.0,38.0,16.0
-51.0,38.0,16.0
-49.0,39.0,18.0
-50.0,39.0,16.0
-49.0,39.0,17.0
-48.0,39.0,17.0
-50.0,39.0,15.0
-49.0,38.0,17.0
-50.0,39.0,15.0
-49.0,39.0,16.0
-50.0,39.0,16.0
-51.0,39.0,15.0
-49.0,38.0,17.0
-50.0,39.0,15.0
-48.0,38.0,17.0
-49.0,39.0,16.0
-50.0,39.0,15.0
-48.0,38.0,17.0
-50.0,39.0,15.0
-49.0,39.0,16.0
-49.0,39.0,16.0
-49.0,39.0,15.0
-49.0,38.0,16.0
-50.0,39.0,16.0
-50.0,39.0,15.0
-49.0,39.0,15.0
-49.0,39.0,14.0
-51.0,37.0,16.0
-49.0,38.0,16.0
-48.0,38.0,15.0
-50.0,39.0,14.0
-51.0,39.0,14.0
-50.0,39.0,14.0
-49.0,39.0,14.0
-50.0,38.0,15.0
-50.0,38.0,14.0
-50.0,38.0,14.0
-53.0,38.0,12.0
-52.0,37.0,13.0
-50.0,39.0,14.0
-49.0,39.0,13.0
-50.0,38.0,14.0
-50.0,38.0,13.0
-51.0,39.0,12.0
-51.0,38.0,12.0
-53.0,37.0,11.0
-53.0,38.0,11.0
-51.0,37.0,13.0
-51.0,37.0,13.0
-53.0,37.0,11.0
-52.0,37.0,12.0
-50.0,37.0,13.0
-51.0,36.0,13.0
-52.0,36.0,12.0
-52.0,36.0,12.0
-51.0,36.0,13.0
-52.0,35.0,12.0
-53.0,35.0,13.0
-54.0,35.0,12.0
-52.0,36.0,13.0
-53.0,35.0,13.0
-54.0,35.0,12.0
-52.0,36.0,13.0
-51.0,35.0,15.0
-53.0,36.0,13.0
-50.0,36.0,15.0
-50.0,37.0,14.0
-51.0,37.0,14.0
-52.0,36.0,16.0
-51.0,37.0,15.0
-50.0,38.0,14.0
-49.0,38.0,15.0
-50.0,38.0,15.0
-50.0,39.0,15.0
-49.0,38.0,15.0
-51.0,39.0,15.0
-50.0,38.0,15.0
-49.0,38.0,16.0
-49.0,38.0,15.0
-49.0,37.0,16.0
-51.0,38.0,14.0
-50.0,38.0,15.0
-52.0,37.0,15.0
-51.0,38.0,14.0
-48.0,37.0,17.0
-52.0,37.0,14.0
-51.0,37.0,14.0
-49.0,38.0,15.0
-51.0,37.0,15.0
-51.0,37.0,15.0
-50.0,38.0,15.0
-51.0,37.0,14.0
-52.0,37.0,15.0
-51.0,38.0,14.0
-51.0,38.0,14.0
-50.0,37.0,15.0
-50.0,38.0,14.0
-50.0,37.0,15.0
-51.0,37.0,14.0
-51.0,37.0,15.0
-51.0,38.0,14.0
-50.0,37.0,15.0
-51.0,37.0,14.0
-50.0,38.0,15.0
-49.0,38.0,15.0
-52.0,38.0,12.0
-49.0,38.0,15.0
-51.0,38.0,14.0
-51.0,38.0,13.0
-51.0,38.0,14.0
-51.0,38.0,14.0
-50.0,38.0,14.0
-51.0,37.0,13.0
-50.0,37.0,14.0
-52.0,38.0,13.0
-50.0,37.0,12.0
-51.0,38.0,13.0
-50.0,39.0,13.0
-51.0,38.0,10.0
-52.0,38.0,11.0
-50.0,38.0,11.0
-52.0,37.0,11.0
-52.0,37.0,13.0
-50.0,37.0,12.0
-55.0,36.0,9.0
-54.0,35.0,12.0
-54.0,35.0,13.0
-53.0,36.0,13.0
-53.0,36.0,13.0
-56.0,37.0,11.0
-56.0,44.0,10.0
-47.0,46.0,13.0
-56.0,45.0,14.0
-54.0,36.0,16.0
-49.0,35.0,15.0
-31.0,26.0,13.0
-36.0,25.0,18.0
-47.0,28.0,13.0
-51.0,35.0,8.0
-48.0,35.0,14.0
-54.0,39.0,17.0
-57.0,40.0,21.0
-51.0,50.0,5.0
-46.0,55.0,2.0
-44.0,44.0,13.0
-45.0,39.0,16.0
-45.0,42.0,15.0
-49.0,42.0,12.0
-47.0,39.0,12.0
-52.0,41.0,10.0
-51.0,41.0,10.0
-52.0,42.0,10.0
-49.0,40.0,11.0
-49.0,38.0,13.0
-51.0,38.0,13.0
-52.0,37.0,13.0
-52.0,37.0,12.0
-51.0,37.0,14.0
-50.0,37.0,15.0
-50.0,37.0,13.0
-51.0,37.0,13.0
-50.0,37.0,15.0
-53.0,38.0,12.0
-51.0,38.0,12.0
-51.0,38.0,12.0
-54.0,38.0,11.0
-51.0,39.0,11.0
-51.0,39.0,11.0
-52.0,38.0,12.0
-50.0,39.0,12.0
-47.0,39.0,14.0
-50.0,38.0,13.0
-51.0,39.0,12.0
-50.0,39.0,12.0
-51.0,39.0,13.0
-52.0,38.0,11.0
-51.0,37.0,13.0
-52.0,38.0,13.0
-51.0,38.0,12.0
-49.0,38.0,13.0
-49.0,40.0,11.0
-50.0,39.0,12.0
-49.0,39.0,12.0
-50.0,40.0,11.0
-52.0,38.0,12.0
-51.0,39.0,10.0
-52.0,39.0,8.0
-51.0,38.0,10.0
-51.0,38.0,11.0
-51.0,37.0,10.0
-53.0,35.0,12.0
-54.0,35.0,12.0
-53.0,35.0,11.0
-54.0,36.0,10.0
-51.0,35.0,13.0
-51.0,35.0,14.0
-53.0,35.0,12.0
-52.0,35.0,13.0
-52.0,34.0,14.0
-54.0,35.0,12.0
-54.0,36.0,9.0
-52.0,34.0,13.0
-52.0,37.0,10.0
-52.0,37.0,13.0
-53.0,37.0,11.0
-50.0,37.0,14.0
-48.0,38.0,15.0
-49.0,38.0,13.0
-49.0,38.0,15.0
-53.0,38.0,13.0
-51.0,37.0,13.0
-50.0,38.0,13.0
-51.0,39.0,14.0
-49.0,39.0,14.0
-50.0,39.0,14.0
-50.0,38.0,13.0
-47.0,37.0,16.0
-54.0,39.0,11.0
-52.0,37.0,13.0
-50.0,38.0,15.0
-51.0,39.0,13.0
-50.0,36.0,15.0
-49.0,37.0,16.0
-53.0,38.0,12.0
-53.0,37.0,12.0
-49.0,39.0,15.0
-48.0,39.0,15.0
-51.0,39.0,12.0
-49.0,39.0,14.0
-50.0,38.0,15.0
-51.0,38.0,14.0
-51.0,37.0,14.0
-51.0,38.0,13.0
-51.0,37.0,13.0
-50.0,37.0,15.0
-51.0,37.0,14.0
-52.0,37.0,14.0
-52.0,37.0,13.0
-52.0,36.0,13.0
-52.0,36.0,13.0
-51.0,37.0,14.0
-51.0,37.0,14.0
-50.0,37.0,13.0
-51.0,37.0,14.0
-53.0,38.0,11.0
-50.0,38.0,14.0
-51.0,37.0,13.0
-51.0,38.0,13.0
-50.0,37.0,14.0
-53.0,37.0,12.0
-50.0,37.0,14.0
-51.0,37.0,14.0
-52.0,37.0,12.0
-50.0,38.0,14.0
-52.0,37.0,11.0
-51.0,38.0,12.0
-52.0,38.0,13.0
-54.0,36.0,12.0
-48.0,37.0,15.0
-50.0,39.0,14.0
-50.0,37.0,14.0
-51.0,38.0,15.0
-51.0,38.0,14.0
-49.0,38.0,14.0
-48.0,39.0,14.0
-52.0,38.0,13.0
-52.0,37.0,12.0
-49.0,38.0,14.0
-49.0,38.0,15.0
-51.0,38.0,13.0
-52.0,39.0,11.0
-53.0,37.0,12.0
-54.0,37.0,10.0
-51.0,37.0,12.0
-53.0,37.0,12.0
-54.0,37.0,10.0
-51.0,37.0,12.0
-51.0,38.0,11.0
-51.0,37.0,12.0
-52.0,37.0,10.0
-52.0,36.0,11.0
-52.0,37.0,10.0
-52.0,36.0,11.0
-53.0,36.0,12.0
-53.0,36.0,11.0
-50.0,36.0,12.0
-52.0,36.0,12.0
-54.0,35.0,11.0
-53.0,36.0,12.0
-55.0,36.0,10.0
-53.0,36.0,10.0
-52.0,37.0,11.0
-51.0,35.0,11.0
-53.0,37.0,11.0
-52.0,36.0,11.0
-53.0,36.0,11.0
-52.0,36.0,11.0
-52.0,36.0,13.0
-51.0,37.0,13.0
-51.0,36.0,13.0
-51.0,36.0,13.0
-52.0,37.0,12.0
-50.0,37.0,13.0
-49.0,37.0,13.0
-50.0,37.0,13.0
-52.0,37.0,12.0
-54.0,39.0,10.0
-50.0,37.0,12.0
-51.0,38.0,12.0
-51.0,39.0,13.0
-51.0,38.0,13.0
-52.0,38.0,12.0
-49.0,38.0,13.0
-51.0,37.0,13.0
-50.0,37.0,13.0
-52.0,38.0,13.0
-50.0,37.0,13.0
-52.0,37.0,13.0
-53.0,37.0,12.0
-51.0,37.0,13.0
-54.0,37.0,11.0
-50.0,36.0,13.0
-50.0,37.0,14.0
-52.0,37.0,11.0
-51.0,36.0,14.0
-52.0,37.0,12.0
-51.0,36.0,12.0
-53.0,36.0,11.0
-54.0,36.0,11.0
-52.0,35.0,13.0
-53.0,36.0,12.0
-51.0,37.0,11.0
-52.0,36.0,12.0
-54.0,37.0,11.0
-51.0,37.0,12.0
-50.0,36.0,14.0
-53.0,37.0,11.0
-50.0,37.0,13.0
-52.0,37.0,12.0
-50.0,37.0,11.0
-50.0,37.0,14.0
-54.0,36.0,10.0
-52.0,37.0,11.0
-53.0,37.0,12.0
-52.0,36.0,10.0
-50.0,36.0,13.0
-53.0,37.0,12.0
-53.0,37.0,10.0
-50.0,36.0,12.0
-52.0,36.0,11.0
-52.0,37.0,11.0
-52.0,37.0,11.0
-52.0,37.0,10.0
-52.0,37.0,11.0
-53.0,37.0,11.0
-54.0,37.0,9.0
-52.0,35.0,12.0
-54.0,36.0,9.0
-52.0,36.0,11.0
-51.0,35.0,12.0
-54.0,36.0,9.0
-52.0,35.0,12.0
-53.0,36.0,10.0
-54.0,36.0,8.0
-52.0,36.0,11.0
-52.0,36.0,10.0
-53.0,36.0,9.0
-52.0,36.0,11.0
-54.0,36.0,9.0
-53.0,36.0,9.0
-52.0,36.0,11.0
-54.0,36.0,9.0
-52.0,36.0,11.0
-54.0,35.0,9.0
-55.0,35.0,10.0
-51.0,35.0,12.0
-53.0,36.0,11.0
-53.0,37.0,10.0
-51.0,36.0,13.0
-55.0,37.0,9.0
-51.0,37.0,11.0
-54.0,36.0,10.0
-55.0,38.0,7.0
-49.0,36.0,13.0
-50.0,37.0,12.0
-53.0,38.0,9.0
-54.0,37.0,9.0
-53.0,36.0,12.0
-56.0,34.0,11.0
-44.0,45.0,11.0
-37.0,42.0,16.0
-53.0,37.0,11.0
-53.0,38.0,11.0
-48.0,39.0,13.0
-49.0,38.0,13.0
-53.0,38.0,11.0
-52.0,37.0,11.0
-51.0,37.0,12.0
-52.0,36.0,14.0
-54.0,37.0,6.0
-56.0,35.0,7.0
-57.0,31.0,13.0
-56.0,31.0,15.0
-51.0,36.0,11.0
-54.0,35.0,10.0
-53.0,33.0,13.0
-52.0,36.0,11.0
-52.0,35.0,12.0
-56.0,35.0,10.0
-54.0,34.0,12.0
-52.0,36.0,12.0
-50.0,37.0,13.0
-54.0,37.0,11.0
-52.0,36.0,12.0
-48.0,37.0,15.0
-49.0,36.0,15.0
-54.0,38.0,10.0
-47.0,37.0,15.0
-53.0,38.0,12.0
-54.0,39.0,10.0
-49.0,37.0,14.0
-51.0,37.0,13.0
-50.0,40.0,12.0
-54.0,39.0,11.0
-53.0,36.0,13.0
-48.0,35.0,18.0
-52.0,38.0,15.0
-44.0,37.0,17.0
-49.0,37.0,16.0
-52.0,37.0,14.0
-46.0,38.0,15.0
-51.0,40.0,12.0
-53.0,38.0,12.0
-51.0,39.0,13.0
-49.0,41.0,11.0
-49.0,40.0,11.0
-52.0,37.0,12.0
-47.0,38.0,14.0
-49.0,39.0,13.0
-53.0,37.0,10.0
-53.0,35.0,11.0
-55.0,34.0,11.0
-59.0,35.0,8.0
-52.0,36.0,11.0
-51.0,36.0,13.0
-52.0,36.0,13.0
-51.0,35.0,15.0
-54.0,35.0,11.0
-53.0,35.0,11.0
-53.0,36.0,11.0
-55.0,39.0,7.0
-48.0,36.0,13.0
-51.0,38.0,12.0
-56.0,39.0,8.0
-50.0,37.0,10.0
-51.0,39.0,10.0
-50.0,38.0,12.0
-51.0,37.0,13.0
-54.0,36.0,12.0
-53.0,39.0,10.0
-49.0,37.0,12.0
-51.0,38.0,10.0
-51.0,39.0,11.0
-51.0,36.0,14.0
-52.0,37.0,13.0
-47.0,38.0,14.0
-49.0,37.0,13.0
-53.0,36.0,12.0
-57.0,38.0,11.0
-50.0,38.0,12.0
-53.0,40.0,9.0
-51.0,40.0,10.0
-47.0,40.0,14.0
-50.0,38.0,13.0
-48.0,37.0,15.0
-49.0,35.0,17.0
-55.0,36.0,12.0
-52.0,35.0,14.0
-50.0,37.0,12.0
-53.0,36.0,12.0
-52.0,37.0,14.0
-49.0,37.0,14.0
-52.0,37.0,12.0
-53.0,38.0,11.0
-54.0,37.0,12.0
-50.0,37.0,14.0
-52.0,37.0,13.0
-50.0,37.0,13.0
-52.0,36.0,12.0
-51.0,36.0,12.0
-52.0,37.0,12.0
-52.0,36.0,11.0
-51.0,36.0,14.0
-54.0,37.0,11.0
-54.0,35.0,12.0
-55.0,37.0,11.0
-49.0,35.0,12.0
-46.0,36.0,15.0
-53.0,36.0,12.0
-52.0,37.0,11.0
-52.0,36.0,13.0
-53.0,36.0,12.0
-53.0,37.0,10.0
-51.0,34.0,15.0
-54.0,35.0,14.0
-51.0,38.0,11.0
-50.0,37.0,12.0
-50.0,38.0,14.0
-50.0,36.0,12.0
-51.0,37.0,12.0
-48.0,37.0,14.0
-54.0,33.0,14.0
-56.0,34.0,13.0
-52.0,37.0,10.0
-50.0,35.0,14.0
-48.0,38.0,13.0
-49.0,37.0,13.0
-53.0,37.0,12.0
-51.0,37.0,12.0
-53.0,38.0,11.0
-53.0,37.0,11.0
-53.0,37.0,12.0
-52.0,38.0,11.0
-50.0,36.0,14.0
-51.0,36.0,14.0
-58.0,34.0,14.0
-56.0,34.0,13.0
-48.0,38.0,15.0
-44.0,38.0,19.0
-45.0,37.0,18.0
-48.0,38.0,16.0
-51.0,38.0,16.0
-50.0,36.0,16.0
-53.0,37.0,15.0
-51.0,34.0,17.0
-50.0,36.0,15.0
-54.0,37.0,11.0
-55.0,38.0,10.0
-50.0,38.0,13.0
-48.0,38.0,14.0
-51.0,37.0,13.0
-55.0,37.0,10.0
-52.0,36.0,13.0
-52.0,36.0,13.0
-53.0,37.0,11.0
-50.0,37.0,13.0
-50.0,37.0,12.0
-52.0,37.0,12.0
-52.0,36.0,12.0
-52.0,36.0,12.0
-53.0,36.0,10.0
-54.0,35.0,11.0
-52.0,35.0,11.0
-53.0,35.0,10.0
-54.0,35.0,10.0
-55.0,34.0,10.0
-53.0,35.0,11.0
-53.0,36.0,8.0
-54.0,34.0,8.0
-54.0,33.0,12.0
-55.0,34.0,10.0
-53.0,35.0,9.0
-54.0,33.0,10.0
-53.0,34.0,10.0
-54.0,35.0,8.0
-54.0,33.0,10.0
-55.0,34.0,9.0
-53.0,34.0,9.0
-54.0,35.0,9.0
-54.0,34.0,8.0
-54.0,33.0,9.0
-54.0,35.0,9.0
-54.0,35.0,9.0
-56.0,35.0,8.0
-54.0,33.0,9.0
-52.0,34.0,10.0
-54.0,35.0,9.0
-54.0,34.0,9.0
-54.0,34.0,9.0
-53.0,36.0,8.0
-52.0,35.0,9.0
-55.0,33.0,8.0
-57.0,33.0,7.0
-53.0,34.0,8.0
-54.0,34.0,7.0
-56.0,32.0,7.0
-54.0,33.0,9.0
-55.0,34.0,8.0
-54.0,33.0,9.0
-53.0,32.0,11.0
-54.0,35.0,8.0
-53.0,35.0,7.0
-54.0,34.0,8.0
-55.0,33.0,8.0
-56.0,34.0,7.0
-57.0,35.0,6.0
-52.0,34.0,10.0
-54.0,36.0,8.0
-52.0,37.0,8.0
-51.0,36.0,8.0
-55.0,35.0,9.0
-54.0,36.0,8.0
-51.0,37.0,10.0
-51.0,36.0,10.0
-55.0,36.0,8.0
-51.0,35.0,10.0
-54.0,36.0,8.0
-53.0,36.0,8.0
-55.0,34.0,8.0
-56.0,34.0,7.0
-54.0,35.0,9.0
-53.0,35.0,9.0
-55.0,35.0,8.0
-54.0,33.0,9.0
-54.0,34.0,9.0
-55.0,34.0,7.0
-53.0,34.0,11.0
-54.0,35.0,7.0
-53.0,35.0,8.0
-54.0,35.0,8.0
-55.0,35.0,8.0
-52.0,35.0,9.0
-56.0,35.0,8.0
-53.0,36.0,8.0
-52.0,36.0,9.0
-56.0,36.0,7.0
-54.0,35.0,7.0
-51.0,36.0,9.0
-53.0,34.0,10.0
-54.0,34.0,9.0
-55.0,35.0,8.0
-53.0,33.0,9.0
-55.0,33.0,9.0
-60.0,34.0,6.0
-54.0,35.0,7.0
-48.0,36.0,12.0
-48.0,37.0,12.0
-52.0,36.0,9.0
-52.0,36.0,10.0
-54.0,35.0,10.0
-53.0,35.0,9.0
-52.0,35.0,9.0
-55.0,35.0,9.0
-53.0,36.0,8.0
-52.0,35.0,10.0
-55.0,35.0,8.0
-54.0,34.0,8.0
-52.0,34.0,10.0
-56.0,35.0,7.0
-54.0,35.0,8.0
-55.0,35.0,8.0
-53.0,35.0,8.0
-54.0,35.0,8.0
-53.0,35.0,8.0
-53.0,35.0,9.0
-52.0,35.0,9.0
-55.0,35.0,9.0
-53.0,35.0,9.0
-54.0,34.0,10.0
-54.0,35.0,8.0
-51.0,35.0,10.0
-52.0,36.0,8.0
-53.0,35.0,9.0
-50.0,37.0,9.0
-58.0,35.0,7.0
-56.0,35.0,8.0
-54.0,35.0,9.0
-54.0,35.0,9.0
-52.0,36.0,9.0
-53.0,36.0,8.0
-53.0,35.0,10.0
-52.0,36.0,10.0
-53.0,36.0,9.0
-52.0,35.0,10.0
-53.0,36.0,9.0
-50.0,35.0,12.0
-54.0,35.0,11.0
-52.0,36.0,10.0
-52.0,36.0,11.0
-54.0,36.0,10.0
-52.0,36.0,10.0
-52.0,36.0,10.0
-54.0,36.0,9.0
-53.0,36.0,11.0
-52.0,35.0,11.0
-55.0,35.0,9.0
-54.0,35.0,11.0
-53.0,35.0,10.0
-53.0,35.0,10.0
-53.0,34.0,10.0
-54.0,34.0,12.0
-54.0,35.0,9.0
-53.0,35.0,10.0
-53.0,34.0,12.0
-53.0,35.0,10.0
-52.0,35.0,10.0
-52.0,35.0,11.0
-53.0,35.0,10.0
-52.0,36.0,10.0
-53.0,35.0,11.0
-55.0,35.0,9.0
-52.0,36.0,10.0
-51.0,35.0,11.0
-55.0,35.0,8.0
-54.0,36.0,8.0
-53.0,36.0,10.0
-52.0,35.0,9.0
-54.0,35.0,10.0
-54.0,35.0,10.0
-54.0,35.0,9.0
-54.0,36.0,7.0
-53.0,36.0,7.0
-52.0,37.0,8.0
-53.0,38.0,8.0
-56.0,35.0,11.0
